locus	segsites1	pairlocus	segsites2	segsites
11	1	366368	1	2
19	2	287976	5	7
39	1	38	4	5
59	6	366418	4	10
91	1	90	2	3
99	2	98	2	4
112	1	111	10	11
126	1	125	2	3
165	17	164	2	19
170	4	169	2	6
178	2	177	2	4
182	1	366591	8	9
244	1	243	5	6
255	7	366661	85	92
260	1	259	8	9
261	1	366666	2	3
265	1	264	4	5
270	1	269	6	7
282	2	281	3	5
295	3	294	3	6
302	8	366705	1	9
312	1	810254	2	3
321	5	320	2	7
324	3	366731	4	7
360	4	359	1	5
362	3	361	3	6
379	1	378	2	3
390	4	389	1	5
391	4	288073	4	8
395	2	394	6	8
398	3	397	2	5
408	1	366855	5	6
412	7	411	1	8
417	3	416	1	4
424	7	423	3	10
429	2	366870	3	5
444	2	443	1	3
446	2	445	1	3
456	1	366893	2	3
470	2	469	2	4
473	1	288092	2	3
478	4	366923	10	14
496	1	495	6	7
499	2	498	3	5
525	1	524	2	3
531	4	530	2	6
533	2	532	5	7
547	3	546	6	9
555	4	554	3	7
572	4	367039	8	12
585	1	367054	1	2
601	1	367066	4	5
614	4	613	3	7
629	3	628	3	6
633	2	367109	4	6
665	3	664	4	7
673	2	672	3	5
674	2	367133	1	3
678	2	677	2	4
679	3	367143	3	6
681	4	367148	5	9
684	1	683	4	5
690	1	367165	13	14
692	4	367166	1	5
701	1	700	3	4
707	2	706	1	3
726	1	725	2	3
737	2	367223	1	3
745	2	367233	3	5
757	1	756	5	6
784	1	783	3	4
790	2	789	2	4
814	2	813	1	3
831	3	367319	8	11
842	4	841	1	5
843	6	288189	1	7
868	4	867	1	5
890	2	889	3	5
894	6	367384	8	14
904	1	367406	3	4
908	2	367408	2	4
915	4	914	5	9
936	5	367427	3	8
937	2	367428	4	6
954	3	953	4	7
978	1	977	2	3
1043	1	367543	3	4
1051	5	367549	1	6
1055	3	1054	2	5
1084	7	367588	7	14
1092	4	1091	12	16
1101	1	367628	2	3
1103	2	1102	2	4
1111	2	367641	9	11
1121	2	367650	2	4
1124	1	367652	1	2
1128	2	1127	3	5
1136	4	367660	1	5
1164	4	1163	1	5
1178	4	986772	2	6
1183	1	367718	2	3
1201	1	1200	2	3
1214	7	1213	5	12
1217	1	1216	2	3
1247	8	1246	1	9
1261	3	1260	2	5
1330	2	1329	2	4
1358	1	367918	1	2
1364	5	1363	1	6
1390	4	1389	3	7
1395	5	1394	4	9
1412	2	368009	2	4
1424	8	1423	2	10
1426	1	1425	1	2
1439	2	1438	2	4
1469	8	368097	3	11
1483	4	1482	3	7
1487	1	1486	1	2
1491	2	288363	2	4
1501	3	1500	2	5
1505	4	1504	7	11
1506	2	288368	6	8
1522	4	1521	1	5
1545	1	368195	6	7
1569	5	810810	2	7
1588	2	1587	2	4
1597	1	368251	1	2
1607	5	1606	1	6
1609	3	1608	2	5
1614	5	368265	1	6
1618	1	1617	2	3
1619	2	368272	1	3
1633	6	1632	1	7
1655	4	368322	4	8
1663	9	288388	1	10
1667	4	368346	2	6
1679	3	1678	2	5
1681	3	1680	2	5
1707	1	368389	2	3
1709	1	1708	2	3
1751	5	368443	5	10
1757	7	368450	2	9
1759	1	1758	1	2
1772	4	1771	5	9
1783	12	1782	1	13
1794	2	368499	2	4
1822	1	368525	1	2
1828	6	368539	9	15
1847	4	1846	3	7
1849	1	1848	5	6
1854	3	1853	2	5
1858	1	1857	1	2
1862	2	1861	4	6
1866	1	1865	3	4
1875	1	368577	3	4
1884	2	1883	2	4
1887	4	368595	4	8
1898	1	1897	1	2
1913	1	1912	12	13
1941	2	368634	1	3
1953	4	368658	12	16
1965	1	288464	2	3
1968	2	1967	4	6
1980	3	1979	4	7
1993	2	368702	1	3
1995	1	368707	1	2
1997	3	1996	2	5
2014	2	2013	2	4
2032	2	2031	5	7
2045	1	2044	1	2
2053	1	368765	3	4
2060	2	2059	4	6
2061	4	368776	4	8
2064	2	2063	4	6
2094	1	2093	3	4
2096	1	2095	2	3
2102	2	2101	4	6
2111	4	368875	5	9
2119	3	2118	4	7
2132	4	2131	3	7
2136	1	2135	7	8
2165	1	2164	1	2
2213	4	2212	3	7
2218	2	2217	2	4
2252	3	369019	7	10
2254	3	2253	3	6
2265	1	2264	1	2
2269	1	369063	6	7
2272	2	369071	1	3
2280	2	369085	2	4
2292	5	2291	6	11
2299	3	2298	2	5
2326	4	369152	9	13
2347	2	2346	6	8
2366	3	369198	3	6
2370	4	2369	3	7
2396	5	369230	6	11
2419	3	369276	4	7
2440	2	369310	2	4
2455	4	369322	9	13
2473	4	369393	5	9
2491	2	2490	2	4
2493	9	2492	2	11
2507	2	2506	15	17
2544	5	2543	1	6
2558	1	2557	2	3
2565	3	369558	4	7
2567	8	2566	2	10
2579	1	369571	3	4
2581	10	369578	2	12
2612	1	2611	1	2
2655	2	369712	6	8
2689	10	2688	3	13
2692	10	811379	1	11
2702	6	2701	1	7
2705	1	2704	2	3
2729	7	2728	1	8
2752	1	370051	10	11
2777	2	2776	1	3
2805	3	370121	2	5
2816	5	2815	2	7
2842	8	2841	3	11
2854	10	2853	7	17
2864	1	370264	3	4
2867	5	370270	9	14
2881	1	370320	4	5
2886	2	2885	2	4
2925	2	370374	2	4
2948	1	2947	3	4
2969	2	2968	1	3
2971	1	2970	1	2
2979	2	370513	1	3
3067	5	3066	1	6
3071	3	370724	5	8
3076	2	3075	3	5
3082	1	3081	2	3
3088	4	370768	4	8
3108	4	370843	3	7
3111	3	370848	7	10
3123	8	3122	21	29
3126	1	3125	2	3
3135	2	370890	2	4
3140	4	370901	6	10
3147	1	3146	1	2
3154	5	3153	2	7
3157	2	370924	64	66
3159	3	3158	5	8
3172	6	3171	2	8
3182	2	288772	4	6
3184	6	3183	3	9
3189	3	370971	6	9
3201	2	3200	1	3
3209	1	371027	2	3
3225	4	371082	4	8
3286	6	3285	1	7
3308	4	371225	6	10
3413	12	371505	4	16
3436	1	371586	12	13
3438	1	3437	2	3
3444	2	3443	2	4
3463	2	288853	1	3
3475	4	371766	7	11
3521	1	3520	11	12
3529	16	371870	4	20
3530	9	371897	1	10
3573	4	3572	3	7
3575	3	372029	6	9
3586	5	3585	3	8
3589	6	3588	3	9
3617	5	288902	9	14
3643	1	812253	9	10
3647	4	372238	1	5
3651	2	3650	1	3
3674	3	3673	4	7
3684	7	372337	14	21
3687	5	3686	4	9
3698	6	3697	14	20
3710	2	372394	1	3
3716	1	372407	10	11
3741	1	3740	2	3
3749	1	372457	6	7
3754	4	372461	4	8
3763	3	3762	1	4
3779	2	3778	3	5
3780	2	372514	9	11
3811	2	3810	1	3
3954	2	3953	2	4
4105	3	4103	1	4
4127	8	373107	6	14
4135	1	373140	6	7
4176	3	373224	8	11
4220	1	4219	2	3
4227	18	4226	3	21
4236	4	373336	5	9
4241	10	4240	5	15
4263	3	289189	2	5
4265	3	4264	1	4
4292	7	4291	4	11
4295	4	4294	5	9
4304	6	4303	2	8
4306	2	373449	3	5
4314	3	4313	7	10
4316	6	373472	6	12
4322	2	4321	2	4
4347	4	373574	10	14
4361	4	4360	3	7
4370	4	4369	3	7
4374	1	4373	7	8
4399	5	373667	6	11
4406	4	4405	2	6
4420	4	373707	5	9
4440	5	373758	3	8
4449	2	373778	14	16
4459	5	289249	1	6
4471	5	373840	3	8
4485	2	4484	4	6
4491	2	373914	4	6
4519	5	373942	6	11
4528	2	4527	2	4
4532	1	4531	1	2
4553	1	4552	3	4
4571	2	374062	6	8
4573	6	289277	5	11
4593	4	4592	3	7
4599	1	374118	2	3
4612	4	4611	2	6
4619	1	4618	2	3
4638	7	4637	4	11
4648	8	4647	4	12
4662	4	374237	6	10
4697	3	4696	37	40
4698	1	374330	5	6
4746	6	4745	3	9
4771	3	374438	1	4
4775	2	4774	6	8
4821	13	4820	2	15
4846	2	4845	6	8
4849	3	374555	2	5
4855	18	374561	13	31
4867	1	4866	9	10
4919	1	4918	3	4
4936	7	374684	14	21
4945	4	374696	3	7
5033	1	5032	3	4
5064	1	5063	1	2
5067	2	5066	3	5
5111	1	5110	3	4
5172	1	375076	1	2
5182	1	5181	4	5
5196	27	375120	10	37
5198	1	5197	1	2
5201	2	5200	1	3
5247	2	5246	4	6
5252	2	289486	2	4
5279	1	5278	4	5
5284	5	289492	11	16
5288	1	5287	2	3
5290	1	5289	1	2
5301	3	375284	6	9
5315	16	375306	6	22
5316	7	375307	6	13
5321	1	5320	1	2
5339	3	375333	10	13
5346	2	5345	1	3
5350	2	5349	2	4
5362	5	5361	3	8
5388	6	375464	9	15
5395	6	375467	5	11
5397	6	5396	6	12
5410	1	5409	7	8
5418	5	5417	4	9
5451	2	5450	1	3
5469	4	5468	1	5
5472	3	375569	8	11
5483	2	5482	3	5
5488	1	5487	1	2
5489	4	375586	3	7
5511	1	375625	6	7
5526	3	5525	1	4
5528	4	5527	3	7
5533	3	5532	7	10
5545	2	5544	4	6
5550	1	5549	2	3
5560	6	375656	2	8
5566	8	5565	3	11
5570	4	375670	2	6
5580	2	375679	2	4
5588	6	5587	2	8
5589	1	375690	2	3
5606	11	5605	5	16
5611	3	5610	3	6
5616	12	5615	4	16
5666	1	5665	4	5
5669	3	5668	1	4
5694	2	5693	1	3
5735	4	5734	4	8
5737	5	5736	3	8
5738	3	375835	2	5
5740	4	5739	2	6
5753	2	375861	15	17
5761	1	5760	1	2
5764	3	5763	3	6
5777	2	375884	8	10
5791	1	375890	1	2
5798	1	5797	4	5
5839	5	5838	3	8
5860	4	376009	3	7
5879	2	5878	1	3
5888	2	5887	2	4
5889	7	376031	10	17
5901	5	376042	6	11
5902	2	376043	4	6
5904	1	5903	1	2
5910	6	5909	2	8
5913	2	5912	1	3
5915	7	5914	5	12
5929	3	289623	2	5
5938	1	5936	4	5
5940	3	5939	6	9
5946	3	5945	3	6
5956	3	376102	1	4
5958	1	5957	2	3
5979	2	5978	4	6
5984	7	5983	3	10
5989	1	376131	1	2
6005	2	6004	6	8
6031	2	376173	1	3
6036	1	376179	1	2
6040	3	6039	2	5
6043	2	6042	3	5
6051	2	6050	2	4
6055	1	289655	4	5
6062	1	6061	4	5
6066	1	6065	4	5
6068	2	6067	3	5
6071	1	6070	1	2
6092	2	6091	5	7
6096	3	6095	1	4
6113	1	6112	4	5
6157	2	6156	1	3
6158	1	376327	1	2
6162	7	6161	2	9
6177	2	6176	2	4
6179	2	6178	1	3
6193	3	376348	3	6
6208	1	6207	1	2
6235	3	376377	4	7
6241	4	6240	3	7
6264	4	376408	7	11
6267	1	6266	6	7
6269	3	6268	1	4
6286	4	289715	5	9
6297	1	6296	2	3
6311	2	376464	1	3
6340	2	6339	2	4
6342	1	6341	1	2
6345	1	6344	1	2
6383	1	376540	5	6
6389	2	6388	1	3
6427	1	6426	4	5
6437	1	289743	3	4
6441	1	376606	2	3
6529	1	6528	1	2
6532	1	6531	11	12
6604	21	6603	1	22
6725	1	376960	8	9
6771	1	6770	1	2
6796	2	6795	2	4
6818	3	377128	24	27
6838	3	377175	2	5
6843	1	6842	1	2
6845	6	6844	4	10
6851	3	6850	10	13
6875	3	6874	1	4
6906	1	377315	3	4
6913	4	6912	1	5
6927	1	377344	2	3
6929	3	6928	2	5
6954	13	289903	2	15
6983	3	289907	2	5
7000	2	6999	2	4
7041	2	377497	5	7
7047	6	377504	3	9
7049	1	377509	1	2
7053	1	7052	4	5
7073	1	377563	3	4
7088	12	7087	2	14
7112	4	377605	6	10
7121	6	377625	6	12
7126	3	7125	1	4
7140	12	7139	9	21
7151	5	377682	2	7
7169	2	377713	3	5
7180	4	7179	2	6
7184	1	377762	1	2
7189	2	7188	6	8
7198	1	377771	3	4
7221	7	377869	3	10
7228	26	7227	8	34
7250	1	7249	2	3
7261	5	377915	5	10
7285	5	7284	2	7
7288	1	377940	2	3
7293	1	377957	5	6
7295	1	7294	3	4
7317	3	7316	9	12
7374	4	378114	3	7
7417	4	378157	5	9
7436	1	378186	2	3
7451	5	378199	12	17
7464	1	7463	4	5
7480	8	290020	1	9
7511	5	378284	9	14
7513	2	378292	3	5
7519	2	378297	1	3
7558	1	7557	4	5
7561	1	378365	1	2
7566	4	7565	4	8
7568	1	378383	1	2
7571	5	7570	3	8
7574	3	7573	6	9
7582	7	7581	3	10
7594	1	378432	15	16
7606	2	378448	2	4
7611	5	378463	3	8
7614	4	7613	15	19
7617	14	378469	10	24
7626	2	378487	4	6
7631	1	7630	4	5
7634	3	378496	2	5
7646	3	7645	3	6
7664	7	7663	3	10
7667	13	378567	11	24
7711	1	378703	2	3
7724	2	7723	5	7
7726	4	7725	7	11
7740	6	378758	3	9
7757	4	378802	2	6
7764	5	7763	6	11
7777	5	7776	2	7
7793	2	7792	1	3
7809	4	7808	2	6
7812	3	7811	1	4
7832	2	290113	6	8
7841	4	7840	1	5
7844	5	379003	6	11
7850	7	7849	1	8
7852	1	290118	1	2
7861	7	7860	5	12
7867	6	379025	6	12
7903	4	7902	5	9
7913	5	7912	2	7
7923	4	379193	7	11
7941	6	7940	2	8
7958	4	379293	11	15
7995	5	7994	1	6
8007	1	379357	2	3
8020	4	379391	12	16
8054	2	379444	3	5
8058	2	8057	1	3
8097	1	379527	7	8
8099	1	379530	6	7
8107	2	8106	2	4
8110	6	379548	5	11
8125	3	379577	7	10
8130	2	8129	3	5
8151	1	8148	1	2
8154	7	379606	5	12
8159	11	8158	1	12
8171	1	8170	4	5
8191	4	379698	4	8
8202	2	8201	2	4
8209	4	379724	8	12
8234	2	290202	1	3
8238	2	379749	4	6
8253	2	8252	17	19
8261	1	8260	1	2
8280	3	290211	1	4
8302	1	8301	2	3
8317	1	379852	1	2
8372	1	379950	5	6
8383	3	379993	2	5
8387	1	8386	1	2
8408	2	290244	15	17
8423	4	8422	5	9
8426	9	8425	6	15
8448	2	8447	7	9
8464	3	8463	2	5
8487	1	380142	7	8
8504	2	380167	5	7
8531	3	8530	2	5
8542	14	8541	20	34
8633	1	8632	1	2
8653	2	8652	21	23
8659	3	8658	5	8
8671	4	8670	2	6
8676	7	8675	6	13
8681	3	8680	3	6
8689	5	8688	1	6
8709	5	8708	1	6
8716	2	290330	6	8
8719	2	380464	3	5
8723	3	8722	2	5
8738	1	380492	7	8
8761	1	8760	1	2
8763	1	8762	6	7
8789	2	380554	2	4
8795	3	8794	2	5
8801	2	8800	1	3
8805	1	290349	3	4
8817	2	380602	4	6
8840	4	8839	1	5
8845	2	8844	5	7
8847	1	8846	1	2
8865	3	8864	2	5
8871	2	8870	3	5
8875	6	380651	14	20
8897	14	8896	9	23
8899	3	8898	6	9
8915	1	8914	3	4
8946	4	8945	5	9
8956	6	380728	3	9
8974	10	290392	5	15
8979	8	8978	4	12
8991	2	380762	1	3
8997	2	8996	1	3
8998	2	8995	3	5
9007	1	9006	2	3
9015	3	9014	3	6
9030	2	9029	2	4
9032	4	9031	9	13
9038	4	9037	4	8
9059	4	9058	5	9
9061	5	380829	2	7
9062	1	380831	4	5
9068	1	9067	3	4
9097	2	9096	7	9
9107	2	9106	2	4
9108	7	380886	6	13
9114	2	380902	3	5
9130	3	380944	1	4
9132	4	9131	2	6
9135	4	380949	1	5
9137	1	9136	3	4
9154	2	9153	1	3
9172	1	9171	1	2
9176	7	381020	1	8
9183	2	381022	2	4
9191	2	9190	1	3
9193	1	9192	1	2
9211	3	9210	1	4
9222	2	381064	7	9
9226	7	381066	17	24
9229	4	290432	3	7
9281	2	9280	1	3
9303	7	381149	2	9
9318	1	9317	2	3
9330	1	381172	3	4
9356	1	9355	4	5
9363	2	9362	2	4
9375	3	9374	1	4
9381	1	381215	1	2
9394	4	9393	3	7
9410	1	9409	2	3
9430	2	9429	1	3
9445	1	381251	7	8
9477	4	9476	1	5
9496	3	9495	6	9
9498	4	9497	2	6
9505	2	290485	4	6
9511	1	9510	3	4
9520	10	381299	1	11
9533	1	381307	1	2
9543	7	381320	1	8
9564	3	9563	7	10
9585	3	9584	3	6
9598	1	9597	1	2
9600	5	9599	2	7
9604	7	290504	1	8
9613	4	381391	14	18
9620	2	9619	1	3
9625	1	9624	1	2
9628	5	9627	3	8
9644	2	381429	2	4
9715	4	9714	2	6
9719	1	9718	5	6
9729	1	381506	12	13
9741	2	381542	2	4
9778	7	9777	6	13
9782	5	9781	3	8
9801	1	381609	4	5
9803	3	9802	1	4
9823	7	381634	1	8
9825	1	9824	3	4
9838	4	9837	3	7
9839	1	381646	1	2
9844	1	9843	4	5
9862	7	9861	4	11
9864	1	9863	2	3
9872	1	9871	2	3
9878	1	9877	1	2
9901	6	381678	1	7
9911	1	9910	7	8
9959	2	9958	2	4
9970	3	9969	2	5
9982	16	9981	2	18
10058	1	381824	5	6
10085	3	10084	3	6
10090	1	10089	4	5
10108	2	381897	2	4
10120	1	10119	4	5
10121	1	381919	3	4
10135	69	290626	6	75
10189	1	381991	2	3
10199	2	10198	1	3
10213	3	10212	4	7
10221	3	10220	4	7
10258	3	10257	2	5
10270	1	10269	1	2
10315	1	10314	2	3
10319	4	10318	3	7
10321	4	10320	1	5
10329	1	382143	3	4
10335	3	10334	2	5
10353	8	10352	1	9
10355	1	10354	1	2
10361	2	290676	1	3
10389	1	10388	1	2
10391	1	10390	2	3
10420	3	10419	5	8
10442	1	10441	2	3
10468	6	10467	1	7
10481	2	382292	2	4
10490	1	10489	1	2
10500	2	10499	1	3
10540	2	10539	4	6
10612	2	382431	3	5
10627	6	10626	1	7
10628	1	382445	1	2
10642	1	10641	1	2
10652	2	10651	1	3
10653	4	382460	7	11
10671	3	10670	6	9
10676	3	10675	1	4
10679	1	382479	3	4
10685	3	382493	4	7
10687	2	10686	2	4
10704	2	382504	1	3
10735	7	10734	6	13
10742	3	382547	16	19
10745	9	10744	3	12
10788	3	382603	2	5
10797	1	290788	4	5
10806	2	10805	2	4
10808	14	10807	1	15
10818	3	10817	8	11
10867	2	816499	2	4
10869	1	10868	2	3
10875	2	10874	2	4
10877	2	10876	1	3
10908	2	382710	1	3
10922	1	10921	1	2
10954	2	10953	1	3
10969	1	10968	7	8
10989	1	10988	1	2
10992	1	382794	23	24
10995	8	10994	3	11
11000	2	382818	2	4
11025	1	290846	1	2
11041	2	11040	2	4
11066	5	290863	4	9
11083	9	11082	1	10
11085	1	11084	2	3
11102	1	11101	2	3
11104	4	11103	4	8
11112	2	382946	3	5
11115	5	382949	2	7
11116	4	382950	5	9
11119	3	11118	3	6
11125	3	11124	1	4
11127	2	11126	2	4
11136	1	11135	1	2
11141	3	11140	9	12
11146	1	11145	3	4
11169	3	383007	2	5
11173	2	11172	1	3
11179	1	11178	5	6
11189	3	11188	2	5
11203	5	11202	1	6
11208	1	11207	2	3
11214	4	11213	2	6
11218	1	11217	1	2
11248	3	383077	6	9
11260	3	383084	14	17
11277	3	383104	4	7
11309	1	383145	4	5
11341	3	11340	8	11
11343	1	11342	11	12
11344	2	383179	8	10
11380	1	383213	4	5
11385	1	11384	3	4
11460	7	290966	2	9
11475	5	383298	3	8
11483	2	11482	1	3
11486	3	11485	5	8
11491	2	11490	1	3
11493	3	11492	1	4
11496	2	383312	9	11
11504	3	383325	4	7
11520	3	11519	1	4
11567	1	11566	1	2
11614	1	383406	1	2
11637	1	11636	1	2
11649	1	383457	3	4
11662	3	11661	3	6
11664	3	11663	9	12
11668	3	383480	7	10
11696	1	383525	5	6
11723	2	383571	4	6
11738	3	11737	1	4
11769	5	383616	16	21
11798	4	383651	3	7
11818	8	383683	3	11
11865	4	11864	9	13
11869	2	11868	1	3
11871	2	11870	1	3
11872	3	291050	1	4
11883	1	11882	1	2
11889	1	11888	1	2
12003	1	12002	4	5
12011	2	383875	4	6
12012	2	383889	1	3
12021	1	12020	2	3
12026	3	12025	1	4
12030	1	383901	5	6
12046	1	12045	1	2
12057	1	12056	1	2
12069	5	12068	1	6
12083	1	383944	1	2
12106	2	384000	1	3
12113	3	12112	1	4
12129	1	12128	1	2
12130	1	384023	2	3
12135	2	12134	2	4
12146	2	384040	2	4
12149	4	12148	4	8
12156	1	12155	1	2
12162	5	384047	3	8
12170	2	384057	2	4
12177	2	12176	6	8
12198	4	12197	1	5
12208	3	12207	3	6
12251	3	12250	2	5
12253	1	384119	1	2
12261	2	12260	2	4
12280	6	12279	1	7
12287	2	817132	6	8
12300	1	12299	1	2
12307	1	12306	16	17
12318	2	12317	1	3
12322	1	12321	6	7
12323	2	384160	5	7
12328	1	384161	3	4
12337	3	291176	2	5
12347	6	384181	3	9
12351	1	12350	1	2
12363	3	12362	3	6
12378	2	12377	7	9
12386	6	384214	5	11
12389	5	384221	8	13
12395	1	384228	5	6
12409	5	12408	2	7
12429	3	12428	3	6
12439	3	12438	4	7
12441	2	12440	2	4
12449	2	384281	4	6
12460	2	384287	4	6
12468	3	12467	5	8
12476	1	384293	3	4
12491	4	384311	3	7
12505	2	384325	5	7
12532	1	384342	2	3
12538	2	12537	3	5
12543	4	12542	4	8
12548	1	12547	2	3
12561	1	12560	1	2
12564	4	384358	5	9
12579	2	12578	8	10
12595	1	291241	1	2
12604	1	12603	1	2
12625	3	12624	6	9
12654	4	291262	1	5
12660	4	12659	4	8
12671	1	12670	2	3
12673	8	291266	2	10
12680	5	12679	3	8
12699	7	291270	3	10
12704	2	12703	1	3
12706	4	291275	5	9
12709	1	12708	5	6
12746	2	12745	5	7
12764	3	12763	55	58
12801	5	12800	7	12
12802	4	384639	2	6
12816	1	12815	3	4
12845	5	12844	6	11
12848	2	12847	4	6
12859	5	12858	4	9
12875	7	384711	5	12
12885	4	12884	6	10
12897	7	12896	8	15
12899	9	12898	1	10
12920	1	12919	2	3
12938	4	291335	3	7
12974	2	12973	2	4
13003	1	13002	1	2
13006	3	291347	2	5
13031	2	13030	1	3
13055	6	13054	3	9
13057	1	384902	2	3
13065	4	384910	2	6
13084	11	13083	7	18
13086	1	384929	3	4
13094	1	13093	1	2
13107	2	13106	1	3
13117	5	13116	16	21
13128	4	13127	1	5
13164	6	384991	3	9
13174	6	291396	5	11
13177	2	13176	1	3
13187	2	13186	1	3
13201	7	291408	3	10
13233	3	13232	2	5
13256	1	13255	1	2
13262	2	13261	4	6
13286	1	13285	1	2
13296	1	13295	3	4
13393	1	13392	2	3
13397	1	291449	2	3
13404	3	13403	1	4
13423	9	385204	2	11
13477	1	385272	4	5
13496	1	291466	2	3
13500	4	13499	4	8
13510	4	13509	1	5
13534	2	385329	1	3
13552	1	13551	1	2
13562	2	13561	2	4
13576	3	291490	3	6
13612	2	13611	1	3
13656	1	13655	3	4
13668	3	385450	4	7
13675	2	13674	1	3
13691	1	13690	1	2
13715	1	13714	1	2
13721	2	13720	1	3
13728	4	13727	5	9
13739	2	385508	7	9
13741	8	13740	8	16
13754	5	13753	2	7
13761	9	13760	6	15
13798	6	13797	5	11
13801	5	13800	7	12
13805	13	13804	3	16
13821	4	385583	3	7
13828	1	13827	2	3
13866	1	13865	1	2
13873	1	13872	3	4
13879	2	291561	2	4
13897	1	13896	5	6
13901	3	13900	3	6
13910	8	13909	4	12
13918	5	13917	3	8
13930	8	13929	6	14
13940	5	13939	1	6
13961	3	13960	1	4
13967	1	13966	3	4
13984	5	13983	3	8
14002	3	14001	1	4
14013	4	14012	6	10
14028	1	385771	2	3
14038	1	385785	8	9
14047	7	14046	3	10
14061	5	14060	5	10
14067	2	14066	15	17
14069	5	14068	3	8
14080	3	14079	4	7
14090	6	291615	10	16
14096	1	291622	5	6
14110	6	14109	7	13
14117	5	14116	1	6
14120	5	14119	2	7
14123	6	385845	4	10
14134	1	385859	1	2
14150	4	14149	1	5
14155	3	14154	4	7
14161	4	14160	6	10
14163	7	14162	4	11
14169	2	14168	7	9
14178	7	14177	1	8
14181	5	14180	5	10
14186	3	14185	5	8
14239	4	385973	5	9
14252	4	385991	4	8
14267	3	14266	1	4
14273	2	14272	1	3
14276	1	14275	1	2
14295	2	14294	1	3
14301	5	14300	2	7
14315	1	14314	1	2
14367	3	14366	2	5
14372	6	14371	3	9
14386	3	14385	7	10
14392	2	386126	7	9
14395	1	14394	2	3
14403	1	14402	1	2
14413	2	386160	1	3
14417	3	14416	3	6
14437	1	14436	3	4
14468	2	386200	5	7
14477	6	14476	2	8
14483	4	14482	2	6
14488	6	14487	3	9
14503	6	14502	6	12
14505	9	386243	9	18
14508	1	14507	3	4
14526	5	386268	4	9
14591	3	14590	2	5
14596	3	291760	4	7
14599	4	386357	5	9
14632	1	14631	2	3
14650	3	14649	3	6
14665	1	386432	2	3
14689	1	14688	2	3
14729	6	14728	2	8
14738	2	14737	1	3
14753	1	14752	6	7
14759	1	14758	1	2
14761	1	386515	4	5
14765	1	14764	1	2
14780	7	14779	3	10
14783	1	14782	1	2
14831	1	14830	5	6
14839	1	386579	5	6
14845	6	14844	3	9
14853	1	386598	6	7
14865	4	291831	4	8
14869	7	14868	1	8
14873	1	14872	4	5
14875	3	14874	10	13
14877	1	14876	52	53
14880	3	14879	3	6
14898	3	14897	3	6
14902	6	14901	2	8
14903	2	386653	4	6
14905	2	14904	5	7
14919	1	14918	1	2
14923	2	386678	5	7
14935	1	291850	1	2
14969	2	291857	1	3
14983	4	386752	2	6
15009	2	15008	4	6
15010	3	386773	4	7
15013	3	15012	7	10
15058	1	15057	2	3
15103	4	386818	3	7
15127	3	15126	1	4
15142	4	15141	1	5
15164	1	15163	3	4
15172	1	15171	1	2
15182	1	15181	4	5
15220	5	15219	6	11
15237	1	15236	1	2
15270	4	15269	1	5
15279	1	386933	5	6
15294	4	15293	1	5
15295	1	291929	1	2
15302	4	15301	2	6
15332	1	15331	2	3
15338	2	15337	2	4
15350	1	386985	3	4
15356	2	15355	1	3
15363	5	15362	2	7
15405	1	387050	2	3
15409	1	15408	2	3
15412	1	387062	27	28
15426	1	15425	1	2
15436	1	15435	2	3
15445	3	291974	2	5
15457	3	15456	1	4
15463	7	818297	5	12
15468	2	15467	4	6
15503	1	15502	3	4
15505	2	15504	2	4
15546	3	15545	3	6
15566	2	15565	2	4
15600	4	15599	2	6
15615	2	15614	5	7
15624	4	387313	2	6
15626	5	15625	4	9
15631	2	15630	3	5
15635	3	387324	5	8
15647	5	292008	2	7
15649	3	292009	7	10
15654	3	15653	2	5
15659	4	15658	3	7
15661	2	387365	6	8
15663	4	15662	4	8
15665	3	15664	1	4
15666	6	387366	2	8
15693	4	387428	2	6
15702	2	15701	2	4
15703	5	387441	5	10
15709	4	15708	3	7
15715	6	387465	9	15
15718	15	15717	1	16
15752	2	15751	1	3
15767	1	15766	1	2
15792	1	292049	3	4
15801	1	15800	1	2
15806	2	15805	1	3
15817	1	15816	2	3
15822	1	15821	1	2
15824	2	15823	1	3
15857	2	387579	1	3
15860	4	15859	4	8
15891	3	387600	9	12
15897	1	15896	2	3
15909	3	387620	5	8
15925	4	15924	3	7
15955	3	15954	2	5
15970	1	15969	1	2
15972	1	15971	3	4
15983	2	387678	4	6
15987	1	387688	2	3
16014	6	16013	2	8
16019	1	16018	4	5
16029	6	16028	1	7
16046	4	16045	6	10
16058	4	387746	6	10
16076	4	387769	2	6
16080	1	16079	1	2
16093	4	387793	5	9
16096	4	387802	4	8
16106	1	16105	1	2
16141	4	16140	4	8
16168	2	292162	2	4
16189	1	16188	1	2
16201	2	16200	2	4
16226	1	16225	1	2
16262	2	387948	2	4
16275	1	16274	1	2
16278	1	16277	2	3
16283	1	16282	3	4
16306	10	16305	3	13
16312	1	16311	4	5
16324	5	16323	1	6
16354	1	16353	1	2
16361	2	16360	3	5
16371	1	16370	3	4
16437	2	388091	1	3
16439	2	16438	2	4
16442	7	388098	4	11
16449	1	16448	4	5
16451	3	16450	6	9
16453	2	16452	9	11
16456	2	16455	1	3
16463	9	388106	9	18
16471	5	16470	2	7
16483	1	16482	2	3
16496	1	16495	1	2
16510	2	16509	5	7
16516	2	388177	3	5
16557	2	16556	1	3
16573	3	16572	1	4
16582	5	16581	3	8
16612	2	388246	5	7
16615	1	16614	5	6
16626	1	16625	1	2
16629	1	16628	2	3
16638	1	16637	5	6
16640	2	16639	2	4
16642	6	292288	11	17
16645	2	388269	12	14
16654	8	388275	7	15
16656	7	16655	13	20
16660	3	388284	12	15
16662	7	16661	10	17
16665	3	292295	6	9
16681	1	16680	3	4
16686	1	16685	2	3
16712	5	16711	2	7
16713	2	388366	1	3
16723	2	388370	1	3
16738	4	16737	5	9
16743	2	16742	1	3
16763	4	16762	5	9
16781	1	16780	1	2
16794	3	16793	3	6
16797	2	388441	2	4
16818	3	16817	1	4
16821	4	16820	2	6
16836	1	16835	2	3
16843	1	292337	2	3
16847	1	16846	1	2
16898	5	16897	1	6
16900	4	16899	3	7
16902	1	388545	2	3
16907	4	388546	3	7
16926	4	388611	7	11
16930	3	16929	2	5
16951	8	388641	8	16
16986	4	16985	3	7
16989	9	388674	3	12
16994	3	16993	62	65
17002	2	17001	2	4
17044	1	388733	1	2
17045	1	388734	2	3
17052	2	17051	4	6
17062	4	17061	4	8
17094	3	388795	6	9
17098	1	17097	8	9
17100	1	17099	3	4
17107	3	388801	6	9
17113	2	17112	4	6
17128	1	17127	4	5
17143	2	388841	1	3
17146	1	388857	2	3
17149	4	17148	3	7
17173	3	17172	2	5
17181	2	17180	2	4
17205	6	388920	5	11
17234	2	17233	2	4
17277	2	388987	7	9
17281	7	389007	2	9
17297	1	389034	1	2
17310	1	389045	2	3
17327	4	389078	3	7
17337	2	17336	1	3
17340	1	17339	1	2
17352	3	389111	2	5
17380	1	389148	2	3
17386	2	389152	6	8
17413	3	17412	7	10
17468	3	17467	2	5
17490	1	17489	2	3
17495	2	389264	7	9
17497	1	17496	1	2
17517	1	17516	1	2
17521	2	17520	11	13
17522	5	389292	4	9
17531	1	17530	1	2
17537	1	292497	3	4
17550	5	17549	2	7
17557	1	389351	4	5
17566	4	17565	1	5
17580	3	17579	6	9
17586	1	389381	2	3
17600	1	17599	3	4
17608	5	17607	2	7
17643	7	389440	11	18
17652	5	389467	5	10
17668	1	17667	1	2
17670	2	17669	2	4
17672	6	17671	5	11
17673	5	389498	7	12
17675	4	389502	2	6
17687	1	389512	1	2
17703	1	389543	2	3
17720	3	17719	3	6
17743	7	389597	10	17
17750	2	389605	8	10
17758	2	17757	11	13
17780	4	17779	3	7
17823	2	17822	1	3
17864	1	17863	1	2
17880	2	17879	1	3
17883	1	17882	1	2
17885	1	17884	2	3
17887	1	17886	2	3
17933	2	389805	9	11
17960	1	389819	4	5
17969	2	389821	5	7
17973	5	17972	1	6
18010	5	18009	4	9
18013	2	18012	1	3
18021	1	18020	2	3
18041	1	389912	1	2
18047	5	389923	10	15
18069	1	18068	1	2
18070	2	389959	2	4
18086	2	18085	4	6
18099	2	18098	11	13
18109	4	292643	4	8
18110	1	390019	1	2
18113	5	390021	3	8
18115	2	18114	6	8
18126	7	18125	8	15
18149	5	18148	8	13
18196	2	390102	4	6
18202	3	18201	4	7
18208	2	390116	6	8
18213	2	18212	2	4
18223	1	18222	10	11
18252	1	18251	1	2
18275	3	18274	3	6
18291	4	390200	1	5
18297	1	18296	1	2
18354	2	18353	3	5
18358	3	292718	1	4
18372	1	390260	2	3
18375	1	18374	1	2
18384	1	18383	3	4
18386	1	390271	1	2
18393	9	18389	4	13
18424	3	18423	4	7
18432	5	18431	2	7
18455	2	390313	3	5
18471	3	18470	2	5
18508	6	390361	2	8
18514	2	18513	4	6
18536	1	18535	3	4
18539	2	390415	3	5
18569	1	18568	1	2
18576	5	390440	1	6
18584	10	18583	1	11
18588	1	18587	1	2
18591	3	18590	5	8
18594	10	18593	3	13
18609	2	18608	2	4
18626	9	390493	3	12
18630	1	18629	4	5
18637	1	18636	1	2
18662	1	18661	2	3
18703	1	18702	3	4
18710	6	18709	1	7
18712	1	18711	5	6
18717	3	390609	2	5
18736	2	18735	1	3
18737	1	390618	4	5
18757	9	390632	5	14
18761	2	390635	1	3
18765	2	390643	1	3
18789	1	18788	1	2
18803	3	18802	2	5
18809	3	390658	1	4
18816	2	18815	2	4
18821	3	18820	3	6
18829	6	18828	3	9
18851	4	18850	1	5
18877	3	390732	1	4
18891	1	18890	2	3
18895	1	18894	1	2
18901	3	18900	1	4
18908	1	819732	12	13
18920	1	18919	1	2
18930	1	18929	1	2
18937	10	18936	4	14
18950	2	18949	1	3
18968	1	390848	6	7
18983	2	18982	1	3
18986	2	18985	2	4
18995	3	18994	2	5
19019	3	19018	1	4
19023	2	19022	1	3
19024	1	292909	4	5
19035	4	19034	1	5
19048	2	19047	1	3
19062	2	19061	3	5
19065	1	19064	2	3
19071	2	19070	6	8
19080	2	19079	1	3
19102	1	390962	2	3
19110	1	19109	1	2
19119	7	19118	2	9
19123	7	19122	2	9
19129	1	390987	4	5
19133	3	390992	5	8
19136	1	19135	1	2
19141	1	19140	3	4
19147	2	19146	5	7
19148	1	391009	7	8
19187	1	391046	5	6
19195	3	391069	11	14
19197	2	19196	2	4
19223	2	19222	3	5
19244	2	19243	1	3
19256	2	391139	5	7
19260	1	391143	1	2
19285	7	19284	10	17
19288	7	19287	6	13
19298	6	19297	1	7
19301	1	391179	2	3
19305	3	19304	1	4
19309	6	19308	5	11
19316	3	19315	2	5
19321	1	19320	2	3
19341	1	19340	7	8
19352	4	292993	5	9
19366	1	19365	4	5
19372	1	391252	6	7
19378	1	19377	3	4
19414	1	19413	4	5
19424	15	19423	2	17
19433	1	391322	4	5
19445	1	19444	2	3
19449	2	391339	6	8
19460	6	19459	2	8
19466	3	819967	5	8
19473	1	19472	1	2
19506	1	391444	1	2
19507	1	391456	3	4
19509	6	391459	5	11
19539	5	391504	1	6
19544	4	19543	3	7
19552	3	19551	1	4
19554	1	19553	4	5
19602	3	19601	1	4
19603	1	293058	4	5
19641	1	19640	1	2
19660	3	19659	4	7
19667	2	19666	5	7
19670	2	19669	2	4
19691	1	19690	1	2
19706	3	391859	1	4
19709	3	19708	5	8
19712	1	19711	3	4
19729	2	19728	4	6
19731	6	391889	1	7
19757	1	19756	1	2
19778	1	19777	7	8
19808	3	391990	3	6
19820	1	392003	7	8
19832	5	19831	4	9
19843	4	19842	1	5
19844	1	392042	11	12
19871	1	19870	1	2
19890	9	19889	4	13
19894	2	19893	1	3
19906	4	19905	6	10
19948	3	19947	6	9
19956	10	19955	4	14
19971	2	392258	3	5
19973	5	19972	3	8
19987	4	19986	1	5
20003	4	20002	2	6
20033	7	392367	5	12
20041	1	392384	4	5
20047	3	20046	1	4
20093	8	20092	8	16
20106	1	20105	3	4
20108	1	20107	1	2
20123	2	392556	7	9
20136	3	820391	1	4
20170	12	20169	5	17
20171	5	293191	5	10
20204	1	392671	6	7
20214	10	20213	4	14
20239	10	392760	14	24
20244	3	20243	1	4
20264	3	392824	7	10
20266	17	20265	7	24
20306	3	20305	5	8
20314	5	820518	5	10
20316	5	20315	1	6
20338	2	20337	6	8
20349	6	20348	3	9
20359	1	392987	3	4
20365	1	20364	6	7
20368	3	393005	2	5
20369	10	393009	1	11
20377	5	20376	3	8
20387	5	293260	3	8
20402	6	20401	1	7
20412	9	20411	4	13
20503	4	393343	7	11
20511	2	293299	1	3
20520	2	20519	2	4
20530	14	393400	3	17
20544	5	393427	7	12
20571	3	293319	5	8
20583	2	393502	2	4
20592	2	20591	3	5
20624	3	20623	4	7
20631	6	20630	2	8
20672	5	20671	5	10
20679	2	20678	3	5
20689	1	20688	8	9
20697	4	393768	5	9
20739	7	393896	6	13
20744	1	20743	3	4
20833	3	394231	4	7
20838	8	821004	4	12
20870	1	20868	3	4
20888	1	20887	5	6
20899	4	394472	3	7
20900	7	394475	3	10
20908	5	20907	1	6
20929	2	20928	2	4
20936	4	394537	6	10
20976	8	20975	4	12
20995	3	20994	6	9
21011	7	21010	6	13
21039	3	293443	2	5
21042	10	21041	3	13
21043	2	394810	3	5
21078	4	394955	1	5
21091	2	21090	1	3
21120	8	21119	1	9
21126	6	395169	12	18
21135	3	293470	6	9
21136	4	293471	1	5
21145	5	395270	16	21
21152	2	21151	6	8
21172	4	21171	1	5
21200	11	395421	9	20
21206	5	395436	5	10
21235	12	21234	4	16
21282	2	395571	16	18
21313	1	395632	6	7
21315	1	21314	5	6
21339	6	395681	9	15
21348	9	21347	7	16
21403	8	395786	10	18
21426	4	21425	1	5
21437	1	395858	8	9
21460	4	395937	11	15
21526	1	395998	2	3
21527	3	396014	7	10
21573	1	396076	2	3
21614	3	396142	11	14
21642	4	396208	2	6
21646	3	21645	4	7
21660	1	396236	2	3
21714	4	396327	6	10
21757	3	21756	1	4
21766	7	821890	134	141
21783	5	21782	1	6
21793	1	396477	6	7
21832	3	396621	2	5
21836	2	396631	4	6
21856	4	396653	6	10
21865	2	396671	3	5
21866	1	396674	7	8
21874	3	396680	1	4
21885	2	293740	4	6
21959	9	396894	7	16
21968	4	21967	2	6
21983	3	21982	3	6
22012	3	22011	1	4
22029	1	22028	1	2
22038	1	293796	4	5
22055	2	397126	1	3
22072	4	22071	2	6
22100	1	293814	2	3
22109	1	22108	3	4
22117	1	22116	1	2
22142	2	397280	5	7
22194	3	22193	1	4
22220	12	22219	13	25
22232	1	22231	3	4
22251	5	22250	1	6
22261	1	397559	1	2
22277	2	22276	1	3
22290	4	397620	2	6
22321	3	22320	7	10
22346	1	397748	2	3
22348	4	22347	8	12
22350	8	397776	19	27
22352	2	397796	2	4
22357	3	397800	1	4
22366	2	397824	6	8
22371	5	397831	9	14
22403	18	22402	5	23
22418	2	397890	2	4
22425	4	397894	4	8
22433	1	397931	2	3
22439	3	397944	7	10
22441	6	22440	6	12
22466	4	22465	2	6
22498	3	22497	1	4
22508	6	398071	7	13
22520	1	22519	1	2
22544	5	398138	2	7
22545	8	398145	4	12
22548	1	398152	5	6
22571	4	398183	4	8
22580	3	398205	4	7
22585	1	22584	3	4
22591	5	398217	15	20
22615	3	22614	5	8
22617	3	22616	4	7
22619	4	398272	3	7
22642	5	22641	5	10
22655	1	22654	1	2
22673	1	398365	2	3
22697	4	22696	7	11
22699	3	22698	1	4
22710	1	22709	4	5
22719	1	22718	2	3
22731	2	22730	3	5
22739	7	22738	1	8
22747	1	22746	5	6
22756	4	22755	1	5
22759	1	398503	1	2
22763	1	398521	2	3
22779	4	398539	4	8
22787	1	22786	1	2
22789	1	22788	1	2
22800	5	22799	1	6
22806	1	22805	3	4
22814	2	22813	2	4
22832	1	398619	1	2
22852	1	22851	1	2
22855	2	22854	2	4
22857	1	22856	1	2
22863	1	398658	2	3
22887	9	398705	2	11
22899	2	22898	3	5
22904	3	22903	1	4
22907	4	22906	4	8
22909	1	22908	3	4
22914	4	22913	5	9
22954	5	398870	14	19
22965	2	22964	1	3
22975	5	398918	6	11
22987	6	22986	2	8
23004	1	23003	6	7
23028	7	23027	8	15
23055	5	399079	1	6
23072	5	23071	6	11
23074	3	23073	2	5
23084	7	399139	5	12
23119	7	399252	3	10
23138	9	399340	2	11
23179	4	399435	16	20
23190	2	23189	7	9
23211	1	23210	4	5
23217	3	399531	7	10
23221	10	399533	8	18
23226	6	23225	9	15
23233	1	23232	2	3
23257	1	23256	7	8
23274	5	23273	1	6
23286	3	23285	3	6
23311	1	399776	4	5
23317	2	823177	3	5
23322	3	23321	2	5
23332	2	399819	2	4
23341	10	399835	1	11
23361	1	399872	1	2
23364	3	23363	3	6
23371	3	23370	2	5
23383	3	23382	1	4
23399	2	399948	5	7
23435	3	399998	1	4
23466	1	23465	3	4
23469	2	23468	1	3
23477	3	400079	4	7
23490	1	294237	5	6
23497	4	294239	4	8
23518	1	23517	2	3
23520	2	400132	3	5
23523	5	23522	1	6
23529	2	400152	9	11
23551	8	400197	6	14
23585	4	400252	6	10
23593	3	823376	2	5
23594	2	400255	5	7
23597	1	23596	2	3
23603	6	400263	6	12
23614	10	23613	1	11
23618	2	23617	6	8
23619	8	400277	9	17
23623	5	400281	11	16
23630	2	400286	4	6
23634	9	23633	3	12
23642	3	23641	3	6
23646	3	400325	8	11
23653	4	400331	6	10
23680	3	400418	4	7
23683	2	400421	1	3
23719	1	23718	13	14
23724	1	23723	1	2
23725	2	400487	4	6
23733	4	23732	9	13
23738	5	400519	4	9
23765	4	23764	4	8
23784	4	23783	21	25
23822	2	23821	3	5
23826	1	400626	3	4
23858	5	23857	6	11
23892	1	294355	4	5
23905	7	23904	4	11
23922	2	23921	6	8
23929	1	23928	1	2
23973	5	400803	2	7
23976	4	23975	2	6
23982	1	23981	1	2
23991	1	400828	1	2
23998	3	23997	1	4
24008	5	24007	2	7
24015	5	24014	1	6
24061	3	400974	7	10
24076	5	401002	5	10
24096	2	401035	3	5
24112	2	24111	2	4
24124	1	401092	5	6
24132	3	401120	4	7
24140	6	401133	4	10
24147	32	401143	4	36
24150	1	24149	2	3
24161	1	24160	10	11
24173	1	401187	8	9
24178	5	24177	1	6
24186	3	24185	4	7
24206	7	24205	4	11
24207	4	401210	11	15
24211	1	401230	6	7
24214	1	24213	2	3
24220	2	401250	3	5
24225	3	24224	1	4
24235	1	24234	12	13
24238	6	24237	1	7
24293	2	401326	9	11
24297	1	401346	1	2
24304	2	24303	1	3
24306	3	401357	7	10
24341	4	24340	1	5
24346	3	401407	4	7
24356	8	24355	4	12
24360	2	24359	2	4
24362	3	24361	3	6
24387	10	401466	1	11
24388	2	401468	2	4
24395	2	24394	4	6
24417	5	24416	2	7
24420	3	24419	9	12
24428	18	401543	13	31
24436	8	401568	12	20
24440	1	401573	1	2
24472	4	24471	6	10
24478	2	401623	1	3
24483	3	401635	3	6
24488	6	24487	1	7
24508	1	24507	1	2
24511	3	24510	1	4
24526	2	24525	4	6
24528	4	24527	1	5
24529	2	401704	1	3
24549	6	24548	6	12
24555	3	24554	2	5
24573	1	24572	2	3
24598	4	401776	5	9
24606	2	24605	6	8
24625	4	401806	3	7
24636	4	24635	1	5
24638	2	24637	6	8
24639	5	401817	2	7
24640	2	401818	11	13
24645	3	24644	2	5
24651	2	401829	8	10
24654	6	24653	5	11
24662	6	24661	2	8
24666	2	401847	6	8
24678	1	401856	6	7
24682	2	24681	7	9
24740	3	24739	1	4
24747	3	24746	1	4
24750	1	24749	6	7
24762	3	401956	7	10
24766	3	401958	4	7
24801	4	24800	6	10
24805	2	24804	2	4
24808	4	24807	2	6
24830	4	24829	5	9
24844	3	402062	2	5
24873	2	24872	3	5
24888	1	24887	2	3
24893	1	294578	3	4
24896	3	24895	4	7
24925	1	24924	5	6
24930	2	24929	1	3
24931	1	402156	4	5
24985	2	402233	7	9
25002	2	824147	2	4
25010	2	25009	5	7
25018	3	402284	4	7
25023	1	25022	3	4
25027	1	25026	6	7
25052	8	25051	6	14
25074	3	25073	5	8
25078	3	25077	1	4
25092	2	25091	6	8
25096	2	25095	3	5
25151	6	25150	6	12
25158	2	25157	5	7
25165	1	402456	7	8
25174	10	25173	5	15
25176	3	25175	2	5
25178	10	402472	4	14
25210	1	25209	1	2
25225	2	25224	3	5
25229	5	402612	2	7
25247	1	25246	3	4
25256	4	402664	1	5
25275	1	402680	1	2
25277	1	294678	3	4
25279	1	25278	1	2
25281	1	25280	3	4
25295	8	25294	5	13
25297	2	402697	9	11
25310	2	25309	4	6
25330	3	25329	4	7
25332	4	25331	3	7
25361	2	402771	4	6
25376	4	25375	2	6
25393	5	25392	4	9
25394	2	294707	1	3
25432	4	25431	1	5
25443	2	25442	1	3
25449	2	25448	1	3
25450	2	402856	4	6
25462	1	25461	4	5
25477	3	25476	2	5
25494	3	25493	1	4
25585	3	25584	2	5
25588	8	25587	4	12
25592	3	25591	3	6
25601	1	402987	2	3
25616	6	402995	7	13
25621	2	25620	3	5
25627	1	25626	4	5
25632	2	403010	7	9
25646	3	25645	7	10
25657	2	25656	4	6
25661	2	25660	5	7
25688	3	25687	6	9
25711	1	25710	1	2
25738	1	25737	1	2
25739	2	403112	8	10
25740	1	403114	1	2
25751	1	25750	1	2
25759	3	25758	1	4
25763	1	294807	5	6
25765	1	403140	2	3
25791	1	25790	2	3
25818	1	25817	1	2
25821	1	25820	1	2
25822	2	403197	2	4
25829	2	403201	1	3
25830	1	403204	1	2
25834	1	403214	14	15
25842	1	25841	1	2
25843	1	403227	2	3
25899	2	403296	1	3
25913	1	25912	1	2
25967	6	25966	1	7
25980	30	25979	1	31
26032	1	26031	1	2
26042	5	403477	36	41
26062	1	26061	1	2
26072	1	26071	2	3
26086	1	26085	1	2
26108	2	294882	2	4
26126	1	403555	1	2
26130	3	403557	4	7
26135	1	26134	2	3
26234	3	403675	2	5
26254	10	26253	1	11
26286	1	26285	1	2
26334	1	26333	1	2
26365	1	26364	1	2
26384	1	403832	2	3
26393	2	26392	1	3
26418	3	403877	7	10
26430	8	26429	5	13
26507	3	26506	1	4
26514	4	26513	2	6
26518	8	26517	4	12
26526	2	403985	2	4
26538	4	26537	2	6
26556	3	26555	6	9
26559	6	26558	4	10
26562	3	26561	8	11
26578	3	26577	2	5
26608	3	404071	1	4
26610	2	26609	1	3
26620	3	26619	2	5
26634	3	26633	3	6
26638	1	26637	2	3
26642	4	404133	1	5
26659	3	26658	2	5
26663	8	404161	4	12
26670	2	26669	4	6
26683	5	26682	4	9
26690	2	404179	1	3
26701	2	26700	4	6
26760	4	26759	2	6
26764	4	26763	1	5
26827	2	26826	1	3
26846	7	26845	4	11
26870	3	404424	5	8
26886	5	404443	3	8
26894	4	404449	2	6
26896	1	825029	3	4
26918	1	295063	1	2
26936	4	404474	1	5
26949	2	26948	3	5
26956	1	26955	4	5
26958	1	404493	5	6
26968	6	26967	1	7
26979	1	26978	4	5
26999	6	404541	10	16
27004	4	404543	8	12
27010	2	27009	2	4
27023	1	27022	3	4
27049	1	27048	3	4
27054	1	404597	4	5
27060	5	27059	7	12
27065	2	404632	2	4
27067	4	404633	1	5
27090	2	27089	4	6
27122	1	27121	4	5
27128	1	404687	4	5
27134	1	27133	5	6
27136	3	27135	1	4
27138	1	27137	1	2
27142	3	27141	1	4
27147	1	27146	4	5
27155	3	27154	5	8
27211	1	404774	4	5
27222	1	27221	4	5
27230	7	27229	2	9
27252	2	27251	5	7
27270	3	404818	3	6
27284	1	404839	5	6
27305	5	27304	3	8
27308	2	27307	1	3
27316	2	27315	4	6
27320	3	404875	14	17
27337	3	295169	5	8
27340	3	295171	2	5
27344	2	27343	4	6
27350	2	27349	8	10
27366	6	27365	6	12
27398	2	27397	1	3
27423	2	405006	8	10
27428	4	27427	6	10
27431	2	27430	5	7
27433	6	27432	4	10
27458	1	27457	4	5
27462	3	27461	2	5
27480	2	27479	2	4
27503	2	27502	2	4
27515	1	27514	15	16
27523	1	405103	1	2
27533	1	27532	2	3
27567	1	27566	1	2
27572	1	295219	3	4
27592	3	27591	1	4
27598	3	27597	1	4
27610	1	27609	2	3
27615	4	27614	5	9
27620	3	27619	2	5
27641	2	27640	8	10
27689	6	27688	10	16
27698	1	27697	4	5
27710	3	405313	19	22
27732	3	27731	1	4
27735	32	405337	1	33
27741	4	295260	4	8
27748	2	27747	1	3
27762	2	825430	3	5
27776	1	405399	3	4
27788	2	405419	2	4
27799	1	27798	2	3
27801	2	27800	1	3
27816	11	27815	1	12
27840	1	405468	3	4
27851	1	405481	11	12
27856	1	27855	3	4
27862	9	27861	3	12
27867	2	27866	6	8
27876	2	405505	4	6
27879	2	405516	3	5
27897	1	405536	4	5
27903	1	27902	1	2
27904	1	405544	2	3
27913	2	405559	1	3
27939	1	27938	1	2
27960	1	27959	1	2
27973	3	27972	4	7
27977	3	27976	2	5
27989	3	27988	1	4
27993	2	27992	4	6
27995	3	27994	2	5
28003	4	28002	2	6
28007	3	28006	4	7
28021	2	28020	2	4
28022	6	295320	10	16
28034	5	28033	1	6
28046	1	28045	5	6
28050	2	28049	4	6
28067	2	28066	1	3
28075	1	825563	5	6
28101	2	28100	4	6
28112	7	28111	7	14
28119	3	28118	1	4
28147	6	28146	2	8
28173	1	28172	2	3
28179	1	28178	1	2
28192	3	28191	1	4
28200	1	405823	2	3
28201	3	405824	8	11
28214	2	28213	2	4
28216	3	405833	68	71
28227	6	405846	2	8
28233	2	28232	2	4
28262	12	295380	7	19
28268	10	405912	4	14
28273	3	28272	3	6
28278	25	28277	1	26
28280	6	28279	7	13
28303	16	28302	27	43
28307	6	28306	1	7
28312	2	405971	32	34
28323	3	28322	1	4
28325	4	28324	8	12
28333	9	405997	15	24
28346	4	28345	1	5
28351	3	406014	10	13
28354	6	28353	8	14
28368	3	28367	5	8
28369	5	406037	1	6
28389	6	28388	8	14
28399	5	28398	5	10
28401	1	28400	1	2
28405	6	28404	4	10
28418	8	406101	5	13
28423	3	28422	1	4
28426	2	28425	8	10
28433	6	406130	10	16
28446	2	28445	3	5
28449	2	28448	16	18
28453	2	28452	1	3
28455	1	28454	7	8
28499	5	406184	5	10
28513	3	406217	3	6
28517	6	406224	4	10
28531	4	28530	2	6
28548	2	28547	5	7
28551	2	406288	9	11
28589	3	28588	2	5
28595	6	295483	1	7
28606	1	28605	1	2
28634	11	406380	10	21
28660	3	28659	1	4
28672	6	406405	6	12
28708	6	28707	2	8
28710	2	28709	2	4
28719	6	406465	14	20
28726	3	28725	11	14
28732	1	406470	2	3
28767	2	406518	10	12
28781	2	406536	3	5
28795	4	28794	10	14
28809	2	295528	4	6
28836	2	28835	7	9
28843	3	28842	2	5
28852	1	28851	1	2
28855	2	28854	1	3
28861	5	28860	5	10
28874	3	28873	1	4
28879	1	28878	4	5
28922	7	406743	2	9
28936	7	406788	29	36
28947	5	28946	6	11
28951	1	28950	1	2
28956	1	28955	5	6
28974	1	28973	1	2
28986	4	28985	3	7
28992	9	28991	11	20
29008	7	29007	6	13
29029	3	406876	6	9
29046	1	406888	1	2
29051	6	29050	10	16
29053	9	406905	9	18
29063	1	406921	2	3
29073	4	29072	2	6
29076	9	295609	2	11
29108	3	29107	3	6
29117	6	407000	11	17
29121	1	407009	1	2
29150	5	407051	18	23
29206	4	407121	12	16
29209	3	29208	3	6
29220	8	29219	2	10
29223	2	29222	1	3
29228	4	407145	1	5
29230	4	407146	7	11
29242	28	29241	2	30
29245	1	407215	5	6
29263	8	407238	2	10
29265	5	407239	10	15
29269	10	29268	3	13
29272	7	407273	5	12
29306	1	407307	2	3
29352	1	29351	4	5
29354	8	407360	6	14
29377	7	29376	3	10
29379	5	29378	5	10
29394	3	29393	3	6
29401	3	29400	5	8
29432	1	407433	4	5
29434	3	407437	3	6
29457	3	29456	2	5
29475	10	29474	4	14
29512	5	407505	2	7
29555	5	407556	9	14
29585	1	29584	2	3
29616	4	29615	2	6
29618	1	407646	2	3
29674	6	29673	4	10
29694	3	826337	6	9
29709	4	29708	2	6
29710	2	407757	1	3
29715	4	407765	7	11
29720	2	29719	2	4
29732	1	407779	9	10
29740	6	29739	6	12
29744	2	29743	3	5
29746	1	29745	4	5
29750	7	407826	6	13
29755	6	29754	8	14
29770	2	29769	5	7
29778	11	29777	4	15
29796	7	29795	4	11
29798	8	29797	20	28
29802	11	29801	8	19
29812	1	407894	1	2
29813	1	407895	4	5
29829	2	29828	4	6
29862	6	29861	8	14
29888	2	29887	2	4
29892	4	407992	3	7
29908	4	29907	2	6
29911	1	29910	3	4
29999	4	408119	2	6
30012	1	408125	2	3
30015	1	408135	11	12
30039	4	30038	6	10
30082	2	30081	3	5
30088	2	30087	4	6
30094	5	408248	10	15
30105	1	30104	2	3
30111	1	30110	4	5
30120	5	30119	1	6
30122	2	30121	3	5
30126	2	30125	1	3
30142	2	295891	4	6
30148	2	30147	2	4
30172	2	408340	4	6
30185	10	30184	7	17
30195	2	408360	3	5
30221	3	30220	2	5
30245	2	30244	1	3
30254	1	30253	1	2
30257	1	408412	4	5
30259	1	408413	1	2
30284	16	30283	2	18
30286	1	295922	1	2
30317	4	30316	3	7
30324	3	408492	4	7
30332	5	295938	2	7
30344	1	295939	3	4
30361	3	30360	1	4
30394	3	30393	4	7
30396	4	30395	3	7
30407	3	408593	2	5
30409	1	408594	4	5
30475	4	408679	4	8
30480	1	30479	7	8
30484	6	408691	7	13
30507	13	30506	2	15
30510	1	30509	9	10
30512	5	30511	4	9
30517	6	408757	6	12
30544	2	30543	2	4
30550	2	30549	4	6
30556	4	30555	7	11
30596	5	408899	3	8
30605	1	408924	7	8
30606	2	408928	4	6
30617	3	30616	1	4
30618	2	296006	2	4
30634	3	30633	4	7
30655	9	296014	3	12
30680	2	409046	134	136
30685	3	409054	9	12
30689	4	409058	9	13
30691	3	30690	5	8
30701	2	409079	5	7
30705	2	30704	1	3
30712	13	30711	7	20
30734	3	30733	10	13
30746	6	30745	2	8
30751	3	409125	6	9
30776	6	30775	6	12
30778	2	30777	4	6
30788	6	30787	6	12
30795	3	30794	1	4
30810	5	30809	3	8
30813	2	409187	25	27
30828	7	30827	6	13
30856	3	30855	10	13
30859	2	296056	1	3
30883	2	409256	5	7
30892	4	30891	9	13
30905	12	30904	41	53
30914	2	30913	2	4
30916	3	30915	1	4
30927	6	30926	7	13
30937	3	296076	3	6
30940	7	409311	9	16
30962	1	30961	4	5
30973	7	409340	1	8
30980	2	30979	6	8
30989	2	30988	7	9
30995	10	30994	3	13
30997	4	30996	4	8
30999	3	30998	5	8
31030	5	31029	5	10
31042	3	296095	1	4
31046	3	31045	3	6
31071	6	31070	4	10
31081	10	409441	6	16
31101	4	31100	1	5
31111	3	31110	5	8
31113	3	31112	1	4
31128	2	31127	3	5
31141	2	31140	1	3
31145	4	409544	1	5
31150	1	409549	4	5
31154	5	31153	8	13
31187	4	31186	3	7
31251	4	409696	1	5
31260	1	296140	1	2
31350	3	409855	4	7
31369	12	409879	4	16
31380	5	31379	1	6
31400	7	409935	10	17
31412	2	31411	1	3
31435	1	31434	1	2
31493	13	410086	6	19
31494	5	410088	7	12
31497	5	827275	2	7
31504	5	410109	18	23
31520	2	31519	11	13
31525	1	827286	1	2
31593	4	31592	4	8
31621	4	31620	10	14
31657	1	31656	2	3
31659	2	31658	1	3
31687	6	410373	10	16
31690	4	410374	5	9
31697	2	31696	6	8
31742	4	827411	6	10
31768	2	31767	2	4
31774	8	31773	1	9
31779	1	31778	5	6
31785	6	31784	2	8
31794	3	31793	4	7
31802	3	31801	2	5
31818	7	31817	8	15
31824	2	296290	2	4
31831	5	410575	7	12
31834	7	31833	3	10
31840	3	31839	3	6
31865	2	410602	3	5
31871	1	31870	2	3
31895	3	31894	4	7
31905	4	31904	3	7
31928	5	31927	1	6
31956	3	31955	4	7
31959	2	31958	9	11
31964	7	31963	8	15
31969	8	31968	4	12
31971	3	410722	14	17
31989	4	31988	6	10
32021	4	32020	8	12
32061	3	410865	6	9
32073	11	296353	7	18
32100	1	32099	8	9
32104	14	296363	6	20
32107	4	32106	7	11
32125	1	32124	1	2
32126	1	296367	2	3
32132	10	32131	4	14
32157	6	32156	2	8
32172	1	32171	2	3
32180	1	32179	1	2
32186	7	410972	11	18
32200	2	411003	5	7
32207	1	32206	2	3
32239	8	32238	3	11
32256	4	32255	8	12
32258	9	411069	1	10
32261	3	296402	1	4
32263	5	32262	5	10
32269	3	411081	5	8
32283	1	32282	1	2
32312	1	32311	1	2
32335	1	32334	5	6
32382	6	411219	2	8
32398	1	411230	5	6
32428	5	411254	10	15
32436	6	32435	4	10
32458	2	32457	5	7
32487	4	411310	9	13
32526	1	411350	2	3
32528	4	411355	3	7
32552	12	32551	11	23
32571	3	411408	1	4
32595	2	32594	4	6
32616	1	411431	2	3
32622	1	411439	5	6
32633	1	296501	3	4
32642	3	32641	10	13
32650	3	32649	1	4
32654	5	411477	4	9
32656	1	411478	3	4
32669	1	411495	1	2
32671	5	32670	2	7
32691	6	32690	4	10
32710	2	32709	14	16
32725	7	32724	3	10
32732	4	411586	8	12
32736	6	32735	8	14
32755	3	32754	4	7
32801	1	32800	5	6
32804	3	32803	3	6
32816	2	32815	4	6
32820	6	32819	6	12
32821	1	411687	10	11
32828	11	32827	3	14
32835	2	411693	5	7
32861	3	32860	3	6
32871	5	32870	1	6
32887	5	32886	2	7
32898	2	827956	2	4
32901	1	32900	1	2
32909	4	411770	16	20
32924	4	32923	2	6
32926	2	32925	3	5
32933	2	32932	8	10
32948	1	411812	8	9
32966	4	411823	1	5
33032	1	411907	5	6
33052	5	411946	8	13
33063	1	33062	3	4
33077	15	411988	11	26
33100	3	33099	14	17
33105	3	33104	9	12
33119	2	33118	4	6
33142	13	412049	5	18
33202	4	33201	4	8
33218	3	33217	2	5
33245	3	33244	5	8
33259	1	412195	9	10
33262	6	33261	1	7
33268	3	33267	1	4
33333	6	33332	1	7
33339	1	412297	2	3
33357	1	33356	1	2
33369	1	412346	7	8
33379	4	412351	8	12
33382	2	33381	3	5
33385	2	33384	3	5
33387	4	33386	3	7
33420	3	33419	1	4
33441	1	412437	2	3
33442	2	412438	3	5
33444	1	33443	1	2
33477	2	412494	3	5
33495	1	33494	6	7
33497	6	33496	14	20
33514	2	33513	2	4
33521	2	412574	6	8
33523	4	412579	10	14
33531	8	412593	8	16
33569	3	33568	3	6
33593	5	412669	1	6
33656	3	33655	1	4
33720	1	412885	5	6
33728	1	33727	1	2
33735	2	33734	3	5
33782	2	33781	2	4
33800	1	33799	1	2
33804	5	413135	8	13
33812	1	413146	1	2
33884	20	296814	3	23
33904	1	33903	13	14
33908	2	33907	3	5
33911	4	413506	6	10
33921	3	33920	2	5
33963	2	33962	2	4
34028	3	34027	4	7
34031	10	413762	4	14
34038	1	34037	1	2
34056	1	34055	1	2
34079	1	828719	1	2
34225	1	414108	2	3
34229	5	414128	4	9
34264	11	296932	5	16
34293	1	34292	2	3
34299	23	414262	3	26
34303	1	34302	2	3
34340	6	414344	2	8
34343	5	34342	11	16
34352	3	34351	6	9
34374	3	34373	2	5
34405	3	34404	1	4
34407	9	414464	2	11
34415	2	34414	2	4
34418	1	34417	7	8
34420	2	414472	4	6
34422	5	34421	4	9
34424	1	34423	1	2
34439	19	414499	9	28
34444	2	34443	3	5
34447	4	828973	2	6
34469	10	414574	4	14
34490	4	296994	2	6
34499	29	34498	5	34
34534	7	414712	1	8
34567	3	34566	1	4
34584	1	34583	1	2
34608	6	34607	2	8
34640	4	34639	3	7
34645	1	414936	4	5
34666	2	414971	3	5
34707	2	829167	3	5
34712	4	415087	3	7
34719	7	415100	12	19
34750	2	415184	5	7
34755	4	415202	4	8
34814	1	34813	3	4
34825	2	34824	1	3
34855	1	34854	3	4
34872	6	34871	3	9
34937	3	829386	2	5
34968	1	415829	2	3
35066	6	35065	2	8
35112	1	416114	2	3
35134	8	416153	15	23
35141	3	416187	10	13
35144	3	35143	4	7
35190	3	35189	5	8
35208	4	297177	6	10
35269	1	35268	27	28
35274	12	416409	5	17
35284	3	35283	1	4
35288	13	35287	1	14
35299	2	35298	5	7
35305	3	416460	1	4
35308	6	416462	6	12
35315	9	35314	4	13
35372	5	35371	3	8
35396	1	35395	7	8
35410	3	416615	9	12
35415	6	35414	3	9
35495	7	35494	7	14
35548	4	297311	4	8
35553	7	416818	9	16
35556	4	35555	8	12
35566	9	297317	12	21
35583	3	35582	4	7
35585	9	35584	2	11
35586	1	416930	7	8
35593	13	416949	2	15
35595	3	35594	6	9
35597	3	35596	1	4
35617	5	35616	4	9
35657	10	417029	10	20
35733	2	417137	4	6
35738	4	35737	6	10
35740	2	35739	4	6
35768	10	417186	11	21
35770	11	35769	5	16
35781	7	35780	3	10
35786	10	35785	10	20
35808	6	417223	18	24
35810	8	35809	11	19
35815	5	417240	11	16
35817	3	417242	4	7
35824	7	417259	4	11
35829	12	417265	7	19
35834	9	297392	2	11
35878	9	417355	5	14
35898	3	35897	5	8
35911	14	35910	8	22
35921	2	35920	7	9
35927	6	35926	2	8
35941	3	35940	12	15
36061	3	297461	4	7
36082	10	417719	13	23
36099	9	417767	6	15
36119	1	417813	9	10
36126	1	417839	2	3
36153	3	36152	7	10
36170	5	36169	11	16
36207	2	36206	3	5
36252	4	418021	14	18
36259	8	418037	7	15
36268	3	297527	8	11
36315	17	36314	6	23
36329	8	36328	16	24
36344	5	36343	2	7
36359	5	36358	2	7
36390	5	36389	3	8
36398	2	36397	3	5
36401	3	36400	5	8
36405	2	36404	2	4
36415	5	418265	13	18
36433	2	36432	5	7
36472	5	418383	1	6
36488	4	36487	3	7
36497	1	418416	2	3
36525	8	36524	4	12
36538	2	418484	3	5
36555	4	36554	1	5
36580	2	418532	6	8
36605	3	418608	3	6
36639	13	418656	33	46
36651	2	36649	1	3
36687	3	418752	2	5
36713	2	418779	1	3
36743	14	418805	4	18
36751	3	36750	1	4
36767	8	418829	3	11
36779	2	36778	1	3
36813	5	297665	4	9
36869	4	297685	1	5
36900	1	419034	1	2
36929	2	419099	10	12
37079	1	37078	2	3
37081	3	419348	3	6
37092	1	37091	1	2
37108	2	37107	2	4
37121	2	419442	3	5
37129	2	419472	10	12
37168	2	37167	2	4
37174	2	419546	7	9
37176	5	419562	6	11
37208	8	37207	12	20
37224	3	419683	8	11
37248	4	419735	6	10
37252	5	37251	4	9
37259	13	419738	4	17
37270	2	297834	3	5
37344	2	419931	1	3
37384	8	419976	12	20
37404	2	37403	4	6
37465	1	420153	1	2
37508	1	420242	5	6
37548	1	37547	1	2
37564	10	420365	9	19
37607	2	37606	1	3
37620	5	37619	7	12
37621	13	420551	1	14
37622	6	297962	8	14
37626	1	420570	4	5
37630	40	37629	1	41
37636	2	37635	1	3
37674	1	420643	6	7
37679	4	420648	2	6
37701	3	420716	4	7
37703	1	420723	4	5
37708	4	37707	1	5
37718	1	37717	1	2
37727	2	37726	1	3
37757	4	420806	1	5
37759	1	37758	2	3
37778	2	37777	1	3
37784	1	420839	10	11
37798	9	298028	4	13
37815	4	37814	4	8
37823	1	420906	1	2
37827	1	37826	4	5
37833	1	420938	2	3
37835	5	37834	2	7
37892	1	421015	1	2
37896	1	421019	1	2
37926	4	421104	1	5
37935	4	421115	6	10
37970	5	37969	10	15
37973	5	37972	10	15
37995	4	37994	10	14
38000	5	421219	2	7
38009	6	38008	9	15
38030	7	38029	7	14
38044	8	38043	5	13
38046	9	421273	5	14
38058	5	421286	8	13
38066	5	421308	6	11
38082	4	38081	4	8
38099	4	38098	11	15
38116	8	38115	10	18
38138	7	421367	11	18
38141	4	298117	5	9
38145	8	38144	3	11
38163	7	421405	10	17
38175	3	421435	7	10
38201	8	38200	14	22
38228	10	38227	3	13
38236	8	421527	8	16
38268	1	421574	16	17
38270	3	421576	3	6
38308	4	38307	5	9
38311	3	38310	17	20
38313	4	38312	3	7
38328	1	38327	1	2
38351	9	38350	6	15
38353	1	38352	3	4
38362	2	38361	4	6
38369	5	38368	1	6
38401	2	38400	10	12
38410	2	38409	1	3
38427	6	421767	4	10
38447	2	38446	2	4
38452	2	421804	4	6
38498	5	38497	1	6
38500	9	38499	4	13
38504	2	38503	4	6
38521	5	421904	6	11
38572	1	38571	1	2
38573	3	421962	2	5
38583	2	38582	1	3
38599	2	422010	2	4
38678	4	38677	4	8
38680	3	38679	5	8
38693	7	38692	2	9
38705	8	38704	2	10
38719	17	422153	26	43
38749	12	38748	13	25
38804	2	422314	1	3
38806	2	38805	1	3
38816	4	422338	7	11
38826	4	38825	5	9
38835	4	38834	7	11
38840	9	38839	6	15
38844	1	38843	3	4
38855	9	38854	2	11
38870	2	38869	7	9
38889	3	38888	1	4
38916	5	38915	4	9
38929	5	38928	3	8
38940	3	38939	8	11
38950	3	422585	12	15
38981	4	298341	3	7
38990	1	38989	6	7
38996	4	298344	9	13
39015	7	39014	8	15
39035	10	39034	4	14
39045	4	39044	2	6
39048	2	422690	2	4
39056	2	39055	3	5
39060	9	39059	3	12
39068	6	39067	7	13
39077	6	39076	2	8
39083	1	39082	1	2
39085	2	39084	6	8
39089	3	422738	7	10
39105	2	831907	4	6
39147	4	39146	54	58
39150	2	39149	4	6
39157	5	39156	1	6
39164	9	39163	3	12
39168	3	39167	5	8
39174	2	422880	4	6
39188	4	422897	16	20
39217	2	422918	8	10
39239	1	39238	1	2
39269	4	39268	2	6
39276	4	39275	5	9
39309	3	423037	3	6
39321	7	39320	3	10
39366	11	423101	15	26
39406	7	423161	4	11
39419	4	423221	8	12
39432	5	423244	15	20
39437	3	423251	5	8
39439	7	39438	5	12
39473	5	39472	2	7
39533	3	39532	1	4
39542	6	423406	15	21
39549	8	39548	9	17
39560	6	39559	7	13
39561	6	423428	6	12
39580	7	39579	5	12
39583	6	39582	5	11
39586	8	423448	13	21
39587	5	423454	15	20
39602	7	423472	6	13
39611	4	39610	9	13
39613	8	39612	4	12
39615	3	39614	6	9
39634	8	39633	10	18
39649	4	832191	4	8
39655	10	423520	11	21
39674	6	39673	1	7
39686	4	423564	6	10
39695	4	423572	5	9
39717	9	39716	9	18
39731	7	423608	5	12
39736	8	39735	7	15
39761	6	423637	10	16
39774	7	39773	4	11
39778	1	39777	1	2
39780	1	39779	3	4
39807	5	39806	3	8
39810	3	298524	1	4
39825	2	39824	1	3
39849	3	39848	2	5
39861	1	298530	6	7
39880	4	39879	3	7
39899	1	423783	2	3
39903	3	39902	3	6
39907	8	39906	3	11
39916	1	39915	1	2
39920	4	39919	5	9
39938	7	39937	3	10
39958	2	39957	1	3
39973	1	39972	2	3
39988	2	423855	8	10
39996	15	39995	6	21
40034	2	40033	1	3
40041	3	40040	1	4
40085	2	298582	1	3
40091	3	423963	5	8
40094	3	40093	2	5
40118	2	423979	2	4
40164	4	40163	7	11
40178	13	424065	2	15
40182	1	424071	6	7
40184	2	424078	5	7
40192	16	40191	10	26
40197	4	424110	13	17
40203	6	424132	2	8
40240	4	298613	2	6
40316	9	40315	6	15
40337	1	40336	2	3
40358	6	424310	1	7
40404	7	40403	5	12
40417	1	40416	1	2
40424	1	40423	1	2
40462	4	40461	2	6
40465	10	40464	5	15
40467	2	40466	6	8
40468	3	424469	5	8
40491	1	298664	2	3
40502	3	40501	1	4
40505	1	424521	6	7
40507	5	40506	1	6
40510	3	40509	3	6
40512	1	40511	1	2
40540	1	424560	1	2
40543	2	424561	2	4
40564	3	424588	2	5
40580	2	40579	1	3
40582	1	40581	2	3
40584	2	40583	3	5
40593	1	424615	2	3
40599	8	40598	2	10
40603	4	40602	5	9
40614	1	40613	3	4
40648	2	40647	2	4
40660	8	40659	6	14
40665	24	40664	9	33
40679	10	424704	9	19
40684	6	832673	11	17
40711	5	424744	3	8
40712	2	424745	6	8
40744	3	424808	4	7
40766	9	424846	12	21
40789	5	424876	7	12
40791	5	40790	9	14
40802	6	424892	10	16
40856	2	40855	1	3
40863	2	298747	2	4
40896	2	40895	4	6
40909	6	40908	3	9
40911	19	425095	4	23
40930	4	425134	4	8
40942	2	425150	6	8
40959	5	40958	3	8
40966	2	425198	5	7
40979	1	425235	1	2
40990	6	40989	7	13
41001	6	298787	2	8
41013	3	41012	1	4
41020	2	425359	3	5
41042	2	425378	1	3
41058	2	41057	1	3
41115	1	41114	2	3
41135	3	41134	3	6
41184	3	425669	2	5
41231	2	41230	4	6
41234	6	41233	3	9
41284	4	41283	1	5
41289	2	41288	3	5
41298	1	41297	8	9
41299	3	425827	4	7
41304	1	41303	3	4
41334	9	41333	1	10
41346	3	298879	2	5
41348	7	41347	4	11
41356	4	41355	2	6
41358	3	41357	1	4
41379	1	41378	1	2
41382	4	425900	3	7
41397	1	425937	6	7
41434	5	41433	2	7
41442	4	425998	1	5
41462	5	41461	2	7
41469	4	426023	1	5
41471	3	426030	3	6
41476	3	41475	1	4
41479	3	41478	4	7
41486	4	41485	5	9
41494	2	41493	2	4
41525	6	41524	2	8
41531	3	426108	4	7
41553	2	426146	13	15
41570	1	41569	4	5
41581	4	41580	2	6
41582	1	298928	2	3
41588	3	41587	5	8
41591	6	426182	2	8
41618	8	426221	5	13
41620	2	426225	1	3
41622	5	426228	4	9
41628	2	41627	3	5
41649	2	41648	1	3
41658	4	426261	4	8
41676	1	41675	2	3
41687	1	41686	1	2
41705	2	426335	2	4
41707	1	298953	1	2
41711	1	298956	1	2
41738	1	426371	1	2
41746	4	41745	5	9
41751	1	41750	1	2
41762	4	41761	8	12
41774	1	426406	2	3
41777	3	41776	1	4
41783	6	41782	8	14
41786	4	426420	4	8
41802	3	426449	3	6
41819	2	426472	7	9
41824	1	41823	4	5
41853	11	41852	3	14
41854	1	426507	5	6
41874	3	426536	2	5
41886	5	299003	2	7
41917	2	41916	1	3
41924	6	426596	3	9
41937	4	426613	1	5
41942	4	426619	1	5
41959	4	41958	3	7
41969	2	41968	1	3
41981	5	426661	5	10
41987	2	41986	1	3
42006	2	42005	2	4
42007	3	833670	1	4
42020	1	42019	2	3
42045	4	42044	1	5
42052	3	42051	7	10
42062	4	42061	1	5
42063	2	426769	24	26
42067	7	426781	6	13
42070	1	42069	1	2
42074	5	42073	1	6
42079	2	42078	1	3
42083	5	426802	1	6
42107	1	42106	1	2
42113	2	42112	2	4
42123	2	42122	2	4
42142	2	426862	8	10
42150	1	299067	3	4
42165	3	42164	5	8
42182	2	42181	3	5
42191	1	42190	2	3
42196	8	426969	3	11
42207	2	427014	4	6
42211	8	427033	5	13
42215	5	42214	3	8
42228	3	427052	6	9
42229	2	427053	8	10
42232	3	299089	6	9
42239	4	42238	2	6
42244	2	427105	3	5
42246	1	42245	5	6
42247	5	427108	4	9
42259	4	42258	5	9
42261	4	42260	2	6
42265	4	42264	9	13
42271	2	42270	2	4
42282	9	427167	7	16
42287	3	427179	1	4
42290	4	427185	7	11
42317	1	42316	3	4
42320	4	42319	4	8
42322	4	42321	8	12
42334	2	42333	1	3
42344	1	42343	2	3
42392	2	427349	2	4
42398	4	42397	2	6
42418	2	42417	1	3
42423	5	42422	2	7
42451	2	427536	1	3
42461	2	427571	2	4
42463	1	42462	1	2
42513	3	427764	4	7
42529	3	42528	1	4
42542	1	42541	3	4
42575	2	427891	4	6
42587	6	42586	3	9
42596	2	427910	8	10
42644	2	42643	8	10
42658	6	42657	5	11
42685	2	42684	3	5
42686	2	834215	3	5
42692	4	428066	5	9
42707	1	428111	1	2
42712	6	299227	9	15
42722	1	42721	4	5
42723	4	428212	4	8
42732	2	42731	7	9
42735	3	42734	3	6
42749	2	42748	9	11
42751	5	428230	13	18
42775	2	428260	2	4
42816	3	42815	2	5
42820	3	42819	2	5
42825	4	42824	9	13
42831	4	42830	3	7
42848	6	42847	3	9
42870	3	428412	5	8
42873	2	42872	4	6
42878	2	428434	7	9
42880	2	428439	6	8
42889	3	42888	3	6
42896	4	42895	10	14
42916	4	428637	9	13
42920	4	834460	3	7
42929	3	42928	2	5
42959	6	428779	11	17
43028	6	43027	4	10
43032	2	43031	4	6
43034	1	43033	5	6
43074	2	43073	5	7
43138	2	429345	7	9
43171	8	429452	8	16
43179	6	429483	6	12
43215	5	43214	1	6
43248	5	43247	1	6
43287	3	429767	5	8
43297	15	43296	7	22
43349	2	43348	2	4
43356	2	43354	5	7
43364	5	43363	10	15
43374	1	43373	2	3
43386	5	429982	6	11
43388	4	43387	1	5
43392	4	43391	5	9
43408	6	43407	1	7
43436	4	43435	6	10
43453	7	430132	10	17
43464	2	430151	3	5
43502	1	43501	3	4
43526	1	43525	6	7
43529	2	430337	2	4
43548	3	430379	6	9
43553	5	43552	5	10
43564	3	430442	11	14
43577	1	43576	3	4
43586	1	43585	3	4
43595	2	43594	4	6
43605	5	43604	2	7
43612	2	430491	6	8
43616	3	43615	2	5
43618	8	835155	4	12
43629	4	430549	8	12
43640	7	43639	6	13
43661	1	43660	4	5
43693	3	43692	8	11
43705	4	43704	6	10
43721	7	43720	5	12
43758	5	299512	1	6
43783	5	430810	4	9
43789	9	430829	7	16
43794	2	835276	7	9
43814	2	43813	8	10
43824	3	430894	7	10
43831	1	43830	3	4
43840	2	430904	39	41
43867	14	430934	8	22
43915	2	43914	3	5
43963	1	43962	2	3
43984	1	43983	1	2
44054	1	44053	1	2
44058	1	44057	1	2
44068	1	431206	2	3
44137	1	44136	3	4
44148	1	44147	2	3
44156	1	44155	1	2
44206	6	431449	2	8
44209	1	44208	2	3
44264	2	44263	1	3
44265	1	431583	6	7
44284	2	431630	10	12
44291	3	431645	9	12
44319	4	431701	2	6
44324	7	44323	2	9
44332	3	431714	9	12
44337	8	431720	8	16
44360	2	44359	3	5
44366	2	44365	2	4
44378	10	299680	2	12
44384	6	44383	2	8
44408	3	44407	2	5
44411	2	431846	7	9
44413	6	44412	69	75
44418	1	431850	6	7
44438	1	44437	3	4
44458	2	299693	4	6
44462	3	299696	1	4
44479	3	835714	6	9
44484	2	431960	5	7
44486	1	44485	3	4
44507	3	432002	9	12
44512	4	44511	5	9
44556	4	44555	3	7
44567	2	44566	10	12
44581	5	44580	16	21
44589	9	432167	15	24
44615	1	44614	3	4
44671	3	432334	12	15
44686	2	44685	3	5
44697	1	44696	2	3
44717	4	432391	3	7
44722	4	432401	4	8
44762	2	44761	7	9
44803	3	432666	7	10
44806	6	432676	6	12
44821	5	432731	3	8
44840	4	44839	5	9
44876	3	44875	3	6
44925	4	44924	3	7
44935	6	299825	1	7
44937	2	433002	12	14
45141	2	433349	3	5
45153	2	433360	6	8
45157	5	433369	3	8
45163	1	45162	3	4
45209	1	45208	3	4
45234	3	433445	3	6
45247	1	45246	1	2
45248	3	433460	4	7
45260	2	45259	1	3
45311	3	45310	3	6
45314	3	45313	2	5
45344	1	45343	1	2
45377	3	433625	7	10
45384	3	433627	6	9
45398	4	45397	4	8
45404	3	45403	4	7
45407	1	45406	1	2
45436	3	45435	1	4
45449	1	45448	5	6
45452	4	433692	7	11
45460	3	433698	6	9
45463	3	299978	9	12
45480	3	45479	4	7
45482	4	45481	3	7
45493	4	433731	1	5
45496	1	45495	2	3
45502	4	45501	1	5
45523	1	45522	4	5
45527	3	45526	2	5
45549	4	45548	1	5
45557	4	45556	2	6
45605	2	45604	1	3
45609	4	45608	4	8
45625	1	45624	3	4
45632	2	433918	2	4
45643	3	45642	3	6
45646	1	45645	3	4
45648	2	45647	2	4
45649	4	300021	4	8
45652	3	45651	2	5
45658	1	433942	5	6
45666	6	300029	2	8
45671	4	45670	5	9
45674	4	433960	4	8
45681	1	45680	6	7
45692	3	433989	5	8
45721	1	45720	1	2
45731	1	45730	6	7
45764	5	434060	4	9
45768	3	45767	1	4
45774	9	434072	3	12
45812	57	45811	1	58
45818	2	434108	5	7
45823	1	45822	7	8
45861	4	45860	1	5
45863	1	45862	2	3
45884	3	45883	3	6
45897	1	45896	5	6
45910	2	45909	3	5
45914	1	45913	2	3
45915	6	300083	2	8
45941	8	434277	5	13
45946	7	45945	3	10
45954	2	45953	1	3
45986	6	45985	1	7
45995	1	836686	5	6
45999	1	434317	4	5
46002	4	46001	5	9
46019	5	46018	6	11
46042	6	434387	4	10
46055	1	46054	5	6
46056	3	300115	7	10
46061	3	434417	3	6
46088	1	46087	2	3
46103	5	434445	2	7
46111	3	434460	3	6
46148	2	434498	1	3
46167	1	46166	2	3
46224	9	434600	9	18
46259	5	434642	5	10
46292	4	434686	1	5
46311	1	46310	8	9
46330	1	434755	1	2
46332	2	434758	6	8
46367	2	434842	1	3
46368	2	300195	2	4
46375	1	434860	2	3
46381	1	46380	1	2
46414	3	46413	3	6
46416	3	46415	2	5
46457	9	434970	1	10
46478	9	434999	4	13
46519	2	435051	1	3
46524	1	46523	1	2
46544	2	435078	7	9
46546	1	46545	2	3
46575	4	46574	8	12
46578	1	435097	6	7
46597	1	46596	2	3
46602	1	435128	2	3
46657	6	46656	2	8
46664	14	46663	1	15
46674	2	46673	3	5
46677	2	46676	12	14
46679	8	46678	9	17
46682	2	46681	1	3
46683	4	435209	9	13
46691	1	46690	5	6
46693	2	46692	6	8
46704	1	435234	3	4
46707	3	46706	3	6
46715	1	300285	2	3
46728	5	46727	2	7
46736	1	46735	4	5
46739	5	837053	2	7
46744	5	435258	1	6
46786	3	46785	1	4
46805	1	435320	1	2
46808	2	435321	5	7
46858	1	435395	1	2
46892	1	46891	1	2
46897	1	435425	2	3
46928	7	435460	1	8
46933	2	46932	1	3
46959	1	435493	1	2
46989	7	300353	2	9
47001	2	47000	1	3
47019	2	47018	3	5
47052	1	47051	1	2
47060	2	47059	2	4
47062	3	435604	3	6
47067	2	47066	1	3
47079	2	47078	1	3
47081	1	47080	1	2
47085	6	837204	1	7
47093	1	47092	1	2
47098	3	435632	1	4
47111	1	47110	1	2
47116	1	47115	3	4
47121	2	47120	5	7
47132	1	47131	8	9
47134	8	435676	8	16
47138	2	435681	7	9
47143	3	300394	12	15
47144	3	435686	8	11
47159	3	47158	5	8
47166	1	47165	3	4
47182	1	47181	1	2
47214	4	47213	1	5
47243	2	47242	2	4
47260	1	435840	2	3
47273	6	435861	18	24
47303	26	435906	8	34
47317	3	435917	2	5
47333	2	47332	5	7
47338	5	47337	7	12
47353	2	47352	4	6
47400	2	47399	6	8
47406	3	47405	1	4
47422	12	436009	58	70
47429	6	436019	4	10
47433	3	47432	5	8
47436	7	47435	2	9
47439	4	47438	8	12
47447	5	300471	3	8
47503	3	47502	2	5
47507	6	47506	9	15
47527	5	47526	1	6
47530	4	436130	5	9
47535	1	436137	3	4
47538	2	47537	2	4
47544	2	436138	10	12
47556	4	436158	1	5
47591	2	436207	3	5
47608	1	47607	2	3
47626	2	47625	6	8
47644	5	47643	6	11
47655	6	47654	6	12
47662	4	47661	4	8
47695	16	436361	9	25
47708	5	436375	1	6
47713	1	436378	2	3
47720	4	436390	33	37
47738	8	436404	5	13
47749	3	436412	9	12
47753	4	436415	3	7
47755	4	436430	3	7
47759	1	47758	1	2
47766	6	436444	11	17
47773	6	47772	9	15
47780	3	47779	10	13
47782	2	300537	2	4
47846	4	436518	9	13
47851	9	436524	4	13
47865	2	436535	39	41
47911	9	47910	7	16
47912	5	436626	8	13
47963	3	47962	2	5
47982	4	47981	5	9
48012	8	436738	6	14
48037	5	436779	3	8
48045	7	48044	13	20
48063	5	48062	5	10
48068	3	48067	1	4
48069	2	436839	2	4
48122	6	48121	2	8
48123	9	436913	6	15
48127	1	436922	7	8
48135	7	48134	3	10
48165	1	436956	1	2
48197	6	48196	2	8
48218	2	437072	5	7
48232	7	437087	4	11
48234	3	48233	1	4
48237	3	437104	4	7
48252	4	437119	46	50
48279	3	837828	6	9
48293	8	48292	2	10
48303	5	48302	6	11
48315	4	48314	2	6
48319	3	48318	3	6
48365	1	48364	1	2
48399	1	48398	1	2
48413	1	48412	2	3
48421	1	48420	2	3
48441	10	48440	14	24
48444	4	48443	5	9
48516	1	48515	1	2
48585	1	48584	1	2
48600	5	48599	3	8
48607	3	48606	1	4
48618	3	48617	1	4
48620	1	300755	3	4
48625	3	48624	3	6
48657	1	48656	3	4
48669	2	48668	5	7
48688	1	437557	4	5
48720	2	48719	1	3
48730	1	48729	8	9
48731	3	437618	2	5
48743	3	437633	5	8
48746	7	48745	5	12
48751	2	48750	1	3
48774	6	48773	8	14
48779	3	48778	6	9
48783	8	48782	2	10
48788	12	437688	8	20
48789	2	437689	2	4
48803	2	48802	1	3
48807	1	48806	2	3
48822	8	48821	4	12
48842	16	48841	5	21
48857	2	48856	6	8
48871	3	437769	2	5
48901	3	437806	1	4
48915	4	437822	10	14
48945	2	48944	2	4
48955	7	48954	11	18
48980	1	437906	2	3
48986	5	48985	6	11
49045	9	437985	3	12
49048	1	49047	4	5
49088	3	49087	2	5
49106	4	438059	3	7
49121	3	300862	4	7
49131	2	49130	11	13
49144	1	49143	3	4
49158	2	49157	5	7
49171	1	49170	1	2
49188	2	49187	4	6
49192	1	49191	2	3
49198	2	49197	3	5
49216	4	438173	4	8
49224	1	49223	4	5
49235	3	49234	12	15
49256	7	438221	10	17
49278	4	49277	1	5
49296	4	438329	7	11
49308	4	49307	5	9
49319	2	49318	5	7
49320	6	438350	5	11
49324	5	49323	10	15
49337	8	49336	9	17
49341	2	49340	4	6
49343	8	49342	4	12
49345	2	49344	6	8
49347	3	49346	2	5
49365	2	438402	1	3
49367	2	49366	5	7
49374	4	49373	3	7
49386	4	49385	1	5
49389	18	438412	27	45
49390	20	1008215	2	22
49392	4	49391	1	5
49395	4	300948	5	9
49399	1	49398	2	3
49405	9	49404	7	16
49412	11	49411	4	15
49418	10	49417	2	12
49423	12	438452	3	15
49425	6	49424	5	11
49434	4	438460	10	14
49436	1	49435	6	7
49437	1	438463	5	6
49441	6	49440	52	58
49453	3	49452	4	7
49478	2	49477	2	4
49481	10	49480	6	16
49509	3	300986	8	11
49511	4	49510	2	6
49513	5	49512	2	7
49546	13	438618	4	17
49549	7	49548	6	13
49562	5	301000	6	11
49584	1	438675	3	4
49606	1	438715	2	3
49613	2	438718	4	6
49645	3	438749	6	9
49650	1	838440	28	29
49660	3	49659	102	105
49706	1	49705	1	2
49825	2	49824	1	3
49877	6	49876	1	7
49940	2	49939	2	4
49944	3	49943	5	8
49952	3	439118	3	6
49965	4	439142	6	10
49982	1	49981	2	3
49984	2	49983	2	4
49996	2	439200	2	4
50019	1	50018	2	3
50022	1	50021	1	2
50038	3	439243	2	5
50051	9	50050	2	11
50053	2	439271	1	3
50063	2	50062	7	9
50066	3	439303	6	9
50088	1	50087	5	6
50125	8	50124	4	12
50128	11	50127	16	27
50138	1	50137	4	5
50151	2	439440	2	4
50170	3	50169	5	8
50183	4	50182	4	8
50190	1	50189	6	7
50193	6	50192	7	13
50195	7	50194	2	9
50218	6	50217	6	12
50240	3	50239	3	6
50256	2	50255	3	5
50303	3	50302	2	5
50306	2	50305	3	5
50315	4	50314	6	10
50316	4	439607	3	7
50347	3	50346	2	5
50353	3	50352	2	5
50358	1	439646	4	5
50403	4	439712	5	9
50405	4	50404	4	8
50406	4	439713	2	6
50422	7	50421	5	12
50427	5	50426	3	8
50431	10	50430	6	16
50435	6	50434	2	8
50446	2	50445	2	4
50451	1	50450	1	2
50457	1	439764	1	2
50477	6	50476	8	14
50480	3	50479	1	4
50482	1	50481	3	4
50485	1	50484	1	2
50510	2	50509	2	4
50528	1	439832	1	2
50534	4	50533	1	5
50541	1	439842	5	6
50604	5	50603	5	10
50608	1	50607	2	3
50615	4	50614	7	11
50619	2	50618	1	3
50646	5	50645	1	6
50685	1	50684	1	2
50707	1	440068	2	3
50748	15	50747	4	19
50788	1	440196	4	5
50804	1	50803	2	3
50822	6	50821	1	7
50854	2	50853	3	5
50890	6	50889	3	9
50892	1	50891	3	4
50895	5	440324	10	15
50903	1	50902	1	2
50934	3	50933	2	5
50955	3	440401	1	4
50957	1	50956	2	3
50960	3	50959	3	6
50991	1	50990	3	4
50993	5	440467	7	12
51000	8	50999	4	12
51001	1	301338	2	3
51003	2	51002	4	6
51007	6	51006	12	18
51008	9	440477	9	18
51014	4	440485	3	7
51023	1	51022	3	4
51039	2	51038	1	3
51044	5	51043	2	7
51056	14	51055	3	17
51073	5	51072	1	6
51109	2	51108	4	6
51123	1	51122	1	2
51162	2	51161	1	3
51165	1	51164	1	2
51181	2	440642	2	4
51198	7	51197	4	11
51226	1	51225	3	4
51248	3	51247	1	4
51253	2	51252	9	11
51279	1	51278	2	3
51307	5	301412	3	8
51337	3	51336	4	7
51343	2	51342	2	4
51361	4	51360	1	5
51362	1	301423	1	2
51373	4	440848	3	7
51383	4	51382	5	9
51394	2	440899	10	12
51400	1	51399	3	4
51421	5	51420	3	8
51430	3	51429	12	15
51468	2	51467	2	4
51472	1	440990	1	2
51488	5	51487	2	7
51498	1	441015	3	4
51500	1	441025	9	10
51505	1	51504	3	4
51528	4	51527	3	7
51540	4	441065	11	15
51554	2	51553	1	3
51562	1	51561	2	3
51568	1	441087	6	7
51574	1	441103	2	3
51582	7	51581	11	18
51594	5	51593	1	6
51605	4	51604	5	9
51615	7	51614	4	11
51621	4	51620	9	13
51624	2	301480	3	5
51650	1	51649	5	6
51654	2	441175	1	3
51681	1	441221	1	2
51684	19	441235	7	26
51690	7	51689	4	11
51695	4	51694	3	7
51713	2	839432	2	4
51751	12	441367	4	16
51768	6	301518	9	15
51784	1	51783	1	2
51875	2	51874	1	3
51879	7	51878	3	10
51882	2	51881	2	4
51892	3	441545	1	4
51907	14	441561	2	16
51935	6	51934	3	9
51936	2	441615	14	16
51944	7	51943	4	11
51953	3	51952	9	12
51955	1	51954	2	3
51971	5	441676	3	8
51973	2	441680	1	3
51995	11	441706	3	14
52011	3	52010	3	6
52013	3	52012	1	4
52039	6	52038	3	9
52047	1	52046	3	4
52060	6	52059	8	14
52074	1	52072	2	3
52076	3	52075	10	13
52093	3	52092	1	4
52114	2	52113	3	5
52130	2	52129	7	9
52156	2	441878	2	4
52166	1	52165	3	4
52173	2	52172	3	5
52175	3	52174	1	4
52218	5	441949	4	9
52220	3	52219	4	7
52234	3	52233	1	4
52239	2	52238	2	4
52241	2	52240	2	4
52262	2	301637	5	7
52286	2	52285	6	8
52296	3	52295	6	9
52302	7	52301	2	9
52327	7	442036	6	13
52332	7	52331	13	20
52348	2	442047	12	14
52351	4	52350	3	7
52359	10	442051	22	32
52365	3	442056	8	11
52371	8	52370	6	14
52372	4	442061	16	20
52419	6	52418	2	8
52421	3	442116	12	15
52434	3	52433	2	5
52441	1	52440	1	2
52447	2	52446	3	5
52449	2	52448	3	5
52459	1	52458	1	2
52465	7	52464	1	8
52470	5	442163	4	9
52496	3	442183	10	13
52577	3	52576	3	6
52581	1	52580	1	2
52590	2	52589	3	5
52614	5	52613	4	9
52646	1	52645	4	5
52665	1	52664	3	4
52673	1	52672	1	2
52689	9	442477	3	12
52699	4	52698	2	6
52706	2	52705	1	3
52711	1	52710	2	3
52716	1	442505	5	6
52725	7	52724	4	11
52730	3	52729	2	5
52735	3	442515	4	7
52744	2	52743	2	4
52761	3	52760	2	5
52809	2	52808	2	4
52843	1	52842	6	7
52859	3	442635	6	9
52874	2	52873	2	4
52882	4	52881	26	30
52883	4	442649	1	5
52886	4	442652	2	6
52906	4	52905	6	10
52924	2	52923	1	3
52934	1	840030	7	8
52936	1	442710	12	13
52948	3	52947	10	13
52956	1	442731	8	9
52963	4	52962	6	10
52968	1	442735	7	8
52982	3	52981	4	7
52986	1	52985	3	4
52988	2	52987	3	5
53007	1	442755	4	5
53011	3	53010	8	11
53033	1	53032	1	2
53045	1	53044	2	3
53047	3	53046	2	5
53049	2	53048	2	4
53053	10	840067	3	13
53058	3	53057	1	4
53081	1	53080	2	3
53086	1	53085	5	6
53093	7	840088	3	10
53109	3	53108	6	9
53136	1	301831	1	2
53143	2	53142	2	4
53166	1	301843	1	2
53175	3	442929	1	4
53182	6	53181	1	7
53194	1	301853	2	3
53200	1	53199	1	2
53222	3	53221	5	8
53223	5	301859	2	7
53243	2	53242	6	8
53249	3	443012	9	12
53279	3	53278	22	25
53290	7	53289	7	14
53292	11	53291	5	16
53302	7	443056	3	10
53317	2	443090	4	6
53341	3	53340	1	4
53347	1	53346	1	2
53366	3	53365	3	6
53379	12	443157	10	22
53406	10	53405	2	12
53413	1	53412	4	5
53421	1	53420	1	2
53440	1	53439	7	8
53445	3	53444	4	7
53446	2	443281	2	4
53467	3	53466	2	5
53482	1	53481	1	2
53489	1	53488	2	3
53522	5	443378	5	10
53537	6	53536	2	8
53558	1	840337	1	2
53577	6	53576	1	7
53600	6	53599	2	8
53607	1	53606	3	4
53618	4	53617	5	9
53637	3	53636	1	4
53645	2	53644	4	6
53647	3	53646	7	10
53655	4	53654	8	12
53662	7	53661	14	21
53669	4	53668	1	5
53672	2	53671	1	3
53676	2	53675	1	3
53682	2	301954	4	6
53706	1	53705	1	2
53712	2	53711	6	8
53713	1	443612	4	5
53732	4	53731	2	6
53746	1	301964	4	5
53749	1	840445	3	4
53751	1	443648	4	5
53758	3	53757	2	5
53764	3	443676	4	7
53770	5	53769	7	12
53778	4	53777	2	6
53784	2	53783	3	5
53789	6	53788	10	16
53792	5	53791	4	9
53830	3	53829	7	10
53840	3	53839	1	4
53874	2	443770	2	4
53971	3	53970	1	4
54010	7	54009	1	8
54016	4	54015	2	6
54076	5	302059	3	8
54082	1	54081	5	6
54097	3	302067	7	10
54099	3	54098	3	6
54113	4	54112	2	6
54168	3	444187	16	19
54176	3	54175	5	8
54179	1	444199	2	3
54200	5	444218	3	8
54203	6	54202	4	10
54205	1	444236	4	5
54206	2	444239	2	4
54219	1	54218	1	2
54224	2	54223	1	3
54246	1	444275	5	6
54253	1	54252	2	3
54254	1	444282	5	6
54281	15	54280	5	20
54282	1	444310	28	29
54301	4	302104	8	12
54326	3	444418	6	9
54332	3	54331	3	6
54340	2	54339	2	4
54343	8	302113	8	16
54367	1	444525	1	2
54371	1	444533	3	4
54373	4	444550	3	7
54386	3	444584	2	5
54399	4	444608	4	8
54419	1	444640	6	7
54423	6	54422	1	7
54442	2	444688	4	6
54444	2	302139	3	5
54464	1	54463	1	2
54465	1	444709	2	3
54467	4	302146	1	5
54481	2	444716	2	4
54488	6	444742	1	7
54498	4	444751	11	15
54508	4	54507	5	9
54510	7	54509	4	11
54515	2	444766	10	12
54524	1	54523	5	6
54533	4	54532	11	15
54549	1	54548	1	2
54550	2	302168	2	4
54556	5	54555	8	13
54561	1	54560	3	4
54565	2	840896	4	6
54569	3	444819	8	11
54573	3	444821	2	5
54582	8	840904	5	13
54587	6	444837	9	15
54589	4	54588	10	14
54603	3	444870	3	6
54609	2	444882	6	8
54632	44	54631	2	46
54638	1	54637	6	7
54646	5	54645	9	14
54651	2	54650	3	5
54655	5	54654	7	12
54663	1	445076	3	4
54669	2	54668	3	5
54676	2	445123	4	6
54687	1	54686	4	5
54698	4	445199	2	6
54715	5	54714	4	9
54717	2	445230	4	6
54747	7	54746	2	9
54751	7	54750	6	13
54756	1	54755	4	5
54789	7	54788	5	12
54840	4	54839	1	5
54846	7	445384	5	12
54867	1	54866	8	9
54885	28	54884	1	29
54890	3	302242	4	7
54899	3	54898	3	6
54916	6	54915	1	7
54933	3	54932	5	8
54935	5	54934	2	7
54937	1	445571	10	11
54942	5	302256	6	11
54944	1	445581	11	12
54965	3	54964	1	4
54971	6	54970	3	9
54975	9	302268	1	10
54986	3	54985	17	20
55023	2	55022	4	6
55033	5	55032	4	9
55069	4	55068	4	8
55071	2	55070	1	3
55078	6	302301	6	12
55079	1	445806	3	4
55081	7	55080	2	9
55087	3	55086	2	5
55099	7	445834	2	9
55102	2	445835	1	3
55113	3	55112	3	6
55118	1	55117	1	2
55121	3	55120	3	6
55124	2	841304	4	6
55131	3	55130	6	9
55138	3	55137	2	5
55156	1	445940	4	5
55164	3	55163	4	7
55172	1	445977	4	5
55214	4	55213	1	5
55217	6	446068	3	9
55225	2	446075	3	5
55226	3	446080	5	8
55240	1	55239	1	2
55243	1	55242	1	2
55248	3	55247	4	7
55252	6	55251	1	7
55255	22	55254	4	26
55281	11	55280	2	13
55289	4	55288	2	6
55304	3	841397	2	5
55305	2	446191	4	6
55319	4	55318	6	10
55345	2	446310	16	18
55383	2	55382	4	6
55401	1	55400	1	2
55404	6	446385	6	12
55425	4	55424	6	10
55470	1	55469	1	2
55472	2	55471	6	8
55494	2	302415	3	5
55495	1	446479	5	6
55498	1	55497	3	4
55521	10	446544	1	11
55552	3	446600	13	16
55601	3	446707	6	9
55614	3	55613	9	12
55620	6	446785	4	10
55628	7	446804	4	11
55678	18	446943	5	23
55681	4	446944	5	9
55709	8	447025	83	91
55741	4	302510	1	5
55770	2	447208	16	18
55786	7	55785	7	14
55815	5	55814	7	12
55840	2	447313	16	18
55849	9	55848	4	13
55854	6	447328	2	8
55886	2	447377	4	6
55896	11	55895	4	15
55940	3	302582	3	6
55944	1	55943	12	13
55964	2	1010946	4	6
55968	2	55967	3	5
55980	1	55979	5	6
55987	2	447511	2	4
56007	10	447551	9	19
56014	6	447578	5	11
56027	6	447608	4	10
56029	4	447609	8	12
56040	7	447616	6	13
56063	8	447638	14	22
56068	5	447644	5	10
56072	7	447660	4	11
56099	6	447717	8	14
56108	9	56107	5	14
56132	4	447802	3	7
56141	9	447812	10	19
56153	4	447843	7	11
56158	2	302636	5	7
56184	5	842110	5	10
56215	2	56214	1	3
56228	4	447997	4	8
56243	20	56242	11	31
56268	2	842176	6	8
56292	9	448126	3	12
56300	9	56299	3	12
56347	4	448222	11	15
56351	6	56350	1	7
56446	4	448308	3	7
56470	4	448330	4	8
56490	6	56489	6	12
56501	2	448374	9	11
56514	2	448385	9	11
56523	6	842327	61	67
56526	11	448399	3	14
56562	2	56561	3	5
56564	3	448488	1	4
56581	3	56580	3	6
56603	4	448535	3	7
56617	2	448584	12	14
56636	3	56635	2	5
56702	4	448720	18	22
56730	4	56729	3	7
56827	5	449138	11	16
56869	1	56868	2	3
56875	2	56874	1	3
56909	2	56908	2	4
56910	1	449254	1	2
56927	2	56926	1	3
56940	2	449313	1	3
56963	4	449336	1	5
56973	4	449349	2	6
57002	3	302908	10	13
57031	7	449424	3	10
57042	4	57041	2	6
57107	2	449504	3	5
57113	2	57112	4	6
57125	2	57124	4	6
57129	4	57128	4	8
57134	3	449550	2	5
57162	1	842864	5	6
57186	3	449645	11	14
57199	4	449664	1	5
57232	2	449696	8	10
57241	5	449712	2	7
57246	4	57245	1	5
57261	3	303010	5	8
57276	1	449779	6	7
57304	1	57303	5	6
57327	2	57326	3	5
57347	2	449925	14	16
57361	2	449947	3	5
57390	9	57389	8	17
57393	1	57392	7	8
57414	5	450023	5	10
57422	1	57421	5	6
57425	3	57424	2	5
57436	1	57435	1	2
57458	2	450095	4	6
57462	7	450104	5	12
57463	3	450106	11	14
57465	2	843074	16	18
57467	1	57466	4	5
57469	4	450124	2	6
57477	3	57476	4	7
57487	5	57486	5	10
57499	4	450161	4	8
57514	3	57513	5	8
57523	2	57522	5	7
57539	4	57538	2	6
57566	6	57565	3	9
57574	1	57573	1	2
57578	6	57577	5	11
57590	1	57589	1	2
57597	6	450389	20	26
57613	1	450407	1	2
57640	1	450466	1	2
57660	2	57659	1	3
57678	5	450528	3	8
57693	2	450544	3	5
57696	3	450546	1	4
57714	1	57713	4	5
57725	1	57724	2	3
57745	3	57744	4	7
57753	18	57752	7	25
57762	1	57761	1	2
57776	3	843345	11	14
57792	3	57791	1	4
57818	1	57817	2	3
57852	2	451022	3	5
57853	2	843424	3	5
57855	3	57854	5	8
57871	5	451053	6	11
57892	6	451075	3	9
57903	3	451114	6	9
57935	3	451186	2	5
57939	1	451198	4	5
57944	6	451246	2	8
57963	2	451342	9	11
57992	4	57991	1	5
58002	3	58001	1	4
58006	4	58005	5	9
58023	3	58022	1	4
58040	2	451517	4	6
58072	3	58071	2	5
58102	1	843646	3	4
58112	8	58111	2	10
58127	4	451677	3	7
58129	3	451678	2	5
58131	2	58130	1	3
58148	2	58147	1	3
58153	1	451714	3	4
58157	2	58156	2	4
58165	6	58164	1	7
58206	1	58205	3	4
58230	1	451873	2	3
58234	1	58233	19	20
58243	3	58242	3	6
58274	2	58273	2	4
58284	5	451950	3	8
58288	2	58287	1	3
58300	2	58299	2	4
58301	7	451970	1	8
58336	7	303283	2	9
58347	2	452091	1	3
58448	6	58447	1	7
58474	1	58473	1	2
58477	3	58476	1	4
58481	1	452315	3	4
58514	2	452346	3	5
58517	2	452371	2	4
58524	1	452405	1	2
58539	4	58538	4	8
58544	1	452443	1	2
58554	1	58553	3	4
58556	2	303333	1	3
58559	3	58558	2	5
58610	1	58609	1	2
58619	1	452557	1	2
58651	3	58650	3	6
58690	1	58689	2	3
58709	1	452703	1	2
58715	3	58714	2	5
58738	1	452739	12	13
58802	5	58801	1	6
58849	2	58848	1	3
58851	3	58850	5	8
58855	4	452933	5	9
58859	2	58858	17	19
58863	1	452945	4	5
58876	2	58875	1	3
58908	4	844145	21	25
58912	3	58911	4	7
58951	1	58950	2	3
58957	1	453150	4	5
58994	4	58993	3	7
59012	3	59011	1	4
59050	6	59049	5	11
59054	8	453331	6	14
59062	4	453347	4	8
59068	6	453357	7	13
59072	4	59071	8	12
59092	5	59091	3	8
59101	2	453436	1	3
59105	3	59104	1	4
59113	7	453450	3	10
59118	2	59117	1	3
59122	10	453470	4	14
59137	2	453524	1	3
59141	2	59140	4	6
59147	1	59146	1	2
59162	8	453599	3	11
59165	4	453607	4	8
59175	9	59174	2	11
59183	3	59182	5	8
59184	7	453661	6	13
59223	5	453773	8	13
59237	1	59236	7	8
59256	1	453867	1	2
59274	3	59273	3	6
59278	3	453883	1	4
59282	7	844427	1	8
59302	23	453915	2	25
59317	1	453948	5	6
59325	7	59324	1	8
59334	1	59333	1	2
59339	2	453972	3	5
59345	4	59344	1	5
59347	2	59346	1	3
59356	3	59355	2	5
59366	1	303544	1	2
59374	1	59373	1	2
59405	1	59404	2	3
59412	1	59411	5	6
59431	2	59430	5	7
59455	5	59454	1	6
59458	4	59457	4	8
59466	3	59465	3	6
59474	2	59473	6	8
59506	3	59505	3	6
59514	2	59513	3	5
59521	2	59520	4	6
59527	3	59526	1	4
59534	4	59533	2	6
59558	8	59557	1	9
59568	5	59567	5	10
59594	5	59593	4	9
59598	2	454294	4	6
59603	2	59602	1	3
59607	2	59606	1	3
59609	4	454325	2	6
59612	2	59611	1	3
59624	11	59623	1	12
59653	1	59652	9	10
59687	3	59686	3	6
59690	3	59689	1	4
59696	2	59695	1	3
59697	9	303628	8	17
59712	3	59711	1	4
59721	1	59720	1	2
59723	27	59722	4	31
59732	1	59731	3	4
59756	6	59755	1	7
59760	2	59759	3	5
59775	7	454540	10	17
59797	4	59796	6	10
59805	3	454589	7	10
59808	5	454600	2	7
59812	3	454639	2	5
59815	6	454640	1	7
59832	2	59831	1	3
59835	3	59834	3	6
59840	7	454672	12	19
59860	2	59859	2	4
59862	3	59861	4	7
59904	2	59903	1	3
59911	4	59910	2	6
59937	4	454771	4	8
59940	8	59939	3	11
59948	4	454773	1	5
59953	2	454776	3	5
59963	1	303691	3	4
59973	8	454799	3	11
59983	3	844799	4	7
59985	3	454812	5	8
59992	3	59991	3	6
59993	1	454823	6	7
59998	2	59997	10	12
60002	6	60001	8	14
60047	1	60046	2	3
60049	3	60048	1	4
60083	1	60082	2	3
60087	4	303722	3	7
60091	4	60090	3	7
60099	6	60098	3	9
60102	3	60101	3	6
60106	2	60105	3	5
60108	2	60107	3	5
60111	3	60110	17	20
60114	6	60113	8	14
60123	4	60122	2	6
60130	1	60129	2	3
60169	2	454988	6	8
60172	3	454989	5	8
60181	3	60180	8	11
60211	9	60210	2	11
60217	5	60216	2	7
60240	7	60239	9	16
60241	4	455044	2	6
60252	1	455072	6	7
60263	4	60262	4	8
60265	5	60264	6	11
60267	1	455081	5	6
60268	2	455088	2	4
60273	12	60272	5	17
60275	5	60274	3	8
60279	6	455091	5	11
60283	6	60282	1	7
60288	14	60287	7	21
60301	10	60300	2	12
60306	1	60305	3	4
60313	3	455108	8	11
60337	2	455154	3	5
60338	3	455159	2	5
60340	5	60339	3	8
60347	11	60346	2	13
60389	4	60388	3	7
60392	3	60391	3	6
60403	5	60402	7	12
60411	5	455226	1	6
60415	2	455232	7	9
60421	4	455253	3	7
60424	8	60423	8	16
60435	9	60434	2	11
60438	12	60437	6	18
60450	2	844965	3	5
60468	4	60467	4	8
60487	3	60486	2	5
60491	8	60490	7	15
60509	8	60508	3	11
60510	1	455374	1	2
60511	3	455375	5	8
60521	6	60520	5	11
60529	1	60528	1	2
60534	8	60533	2	10
60536	3	60535	1	4
60556	11	60555	1	12
60558	1	60557	3	4
60581	4	303821	1	5
60614	5	60613	3	8
60615	1	455483	2	3
60620	3	60619	2	5
60622	7	60621	3	10
60626	2	455492	1	3
60633	2	60632	5	7
60642	3	455503	8	11
60647	3	60646	2	5
60654	3	60653	2	5
60668	2	60667	4	6
60669	6	455554	5	11
60679	2	60678	1	3
60682	3	455559	4	7
60684	1	60683	3	4
60686	2	60685	2	4
60689	4	303846	2	6
60699	3	60698	1	4
60741	1	60740	3	4
60752	1	60751	4	5
60779	3	455816	3	6
60782	1	60781	1	2
60808	3	60807	6	9
60818	3	60817	2	5
60826	1	60825	5	6
60828	2	60827	9	11
60829	5	455885	3	8
60850	3	60849	9	12
60889	8	60888	7	15
60912	3	60911	1	4
60913	3	456060	2	5
60923	1	60922	1	2
60925	3	456078	2	5
60953	2	60952	2	4
60967	4	456177	5	9
60998	3	456220	3	6
61006	2	61005	1	3
61009	5	61008	5	10
61032	3	456306	8	11
61033	5	456310	5	10
61041	2	456333	4	6
61046	4	456347	10	14
61051	2	61050	6	8
61067	3	303964	2	5
61085	3	456385	2	5
61089	2	456404	7	9
61104	2	456420	1	3
61114	4	61113	4	8
61116	3	456447	2	5
61120	2	61119	3	5
61149	7	456482	5	12
61154	3	61153	1	4
61197	1	61196	3	4
61199	3	61198	9	12
61200	9	845481	6	15
61229	1	61228	3	4
61245	10	456613	3	13
61255	3	456638	9	12
61302	3	456749	7	10
61303	3	456750	5	8
61306	4	456759	4	8
61323	1	61322	1	2
61334	6	304036	3	9
61335	8	456802	14	22
61363	3	456891	2	5
61367	3	456894	4	7
61374	3	61373	4	7
61377	3	61376	2	5
61391	2	456908	8	10
61409	1	61408	4	5
61414	5	61413	1	6
61445	10	457031	3	13
61474	6	457077	8	14
61475	4	304077	5	9
61478	8	61477	6	14
61482	3	304078	6	9
61496	4	61495	1	5
61500	3	61499	18	21
61514	5	61513	1	6
61518	2	61517	2	4
61521	6	304083	1	7
61530	19	61529	13	32
61553	4	61552	4	8
61561	3	457179	3	6
61580	8	61579	1	9
61596	2	61595	1	3
61600	4	61599	2	6
61603	3	61602	4	7
61617	2	304101	1	3
61633	1	61632	2	3
61646	4	61645	3	7
61673	13	61672	3	16
61692	1	61691	3	4
61696	5	61695	2	7
61735	11	457505	20	31
61740	32	61739	13	45
61745	1	457531	6	7
61766	4	457600	2	6
61796	1	457711	5	6
61820	1	457767	7	8
61850	4	304163	3	7
61858	1	457811	8	9
61863	4	61862	3	7
61868	1	304167	1	2
61896	2	61895	2	4
61898	2	457872	6	8
61957	5	61956	6	11
61967	4	61966	3	7
61978	8	458035	12	20
61982	5	458036	3	8
62009	1	458071	3	4
62012	3	458084	4	7
62015	6	62014	1	7
62023	4	458105	9	13
62029	8	458122	5	13
62034	5	62033	3	8
62045	7	62044	8	15
62052	4	62051	1	5
62072	5	458234	5	10
62083	1	458258	4	5
62093	5	62092	4	9
62108	6	62107	11	17
62143	3	458329	9	12
62149	4	458358	5	9
62178	1	62177	2	3
62180	8	62179	5	13
62184	2	62183	1	3
62187	1	62186	1	2
62192	2	62191	1	3
62200	2	458427	4	6
62212	6	62211	6	12
62215	2	62214	1	3
62225	1	62224	6	7
62230	1	62229	7	8
62234	4	62233	2	6
62259	1	458509	5	6
62270	4	458518	22	26
62277	1	62276	3	4
62300	9	62299	9	18
62309	5	62308	3	8
62319	14	458601	9	23
62353	4	458645	1	5
62357	3	458649	6	9
62379	2	62378	3	5
62399	3	62398	4	7
62421	2	62420	4	6
62426	4	62425	7	11
62430	3	62429	1	4
62450	3	62449	6	9
62457	5	62456	7	12
62467	3	458815	4	7
62511	1	62510	1	2
62513	1	304333	1	2
62530	1	304336	4	5
62537	1	62536	2	3
62543	2	62542	3	5
62560	4	62559	8	12
62580	2	62579	3	5
62588	2	62587	4	6
62592	8	62591	5	13
62598	4	458936	6	10
62613	51	458962	9	60
62618	6	62617	14	20
62627	2	458976	5	7
62646	6	62645	5	11
62656	6	62655	6	12
62661	22	62660	10	32
62668	7	62667	6	13
62671	6	62670	5	11
62675	10	62674	5	15
62677	2	62676	5	7
62693	4	62692	6	10
62703	16	459044	10	26
62708	5	62707	4	9
62725	9	459077	10	19
62738	6	62737	7	13
62743	4	459088	7	11
62745	10	62744	2	12
62748	3	62747	9	12
62751	3	62750	9	12
62753	5	62752	4	9
62765	11	62764	6	17
62768	3	459123	6	9
62786	4	62785	7	11
62788	5	459142	6	11
62790	5	62789	1	6
62809	1	62808	1	2
62812	2	62811	2	4
62838	24	62837	1	25
62850	2	62849	5	7
62858	3	62857	3	6
62865	3	459163	2	5
62870	2	62869	4	6
62877	1	62876	2	3
62887	2	62886	2	4
62930	1	62929	1	2
62940	2	62939	1	3
62945	2	62944	7	9
62946	1	459237	1	2
62971	2	62970	2	4
62978	4	62977	2	6
62983	9	459278	3	12
62995	2	459303	8	10
63008	1	459312	2	3
63023	2	63022	1	3
63027	4	63026	4	8
63033	3	63032	1	4
63043	3	304453	3	6
63063	1	63062	1	2
63075	7	63074	2	9
63077	3	63076	5	8
63080	4	63079	2	6
63100	2	459398	1	3
63114	2	63113	1	3
63130	2	63129	1	3
63138	2	63137	1	3
63156	2	63155	5	7
63180	1	63179	2	3
63198	2	63197	4	6
63212	4	63211	11	15
63215	3	459506	2	5
63247	1	63246	3	4
63260	6	63259	2	8
63266	2	63265	2	4
63358	4	63357	7	11
63391	1	304533	4	5
63400	14	304536	5	19
63417	10	459706	2	12
63431	1	459718	5	6
63441	2	63440	2	4
63460	6	459749	5	11
63464	6	459750	2	8
63466	7	63465	10	17
63481	4	63480	4	8
63486	3	63485	3	6
63495	2	63494	2	4
63504	1	63503	1	2
63531	1	63530	1	2
63561	1	459841	1	2
63641	3	459968	1	4
63649	1	459973	2	3
63659	1	63658	1	2
63668	2	63667	4	6
63672	3	63671	2	5
63680	2	63679	1	3
63686	5	63685	1	6
63691	1	63690	1	2
63701	1	63700	4	5
63721	7	63720	4	11
63736	1	63735	1	2
63743	2	460062	1	3
63756	1	63755	1	2
63777	2	304630	1	3
63784	4	63783	1	5
63787	1	63786	1	2
63808	3	63807	3	6
63814	1	460100	1	2
63817	5	460106	4	9
63827	2	63826	2	4
63836	2	63835	2	4
63854	5	460144	1	6
63881	1	63880	1	2
63891	6	460167	8	14
63915	4	460188	4	8
63923	1	304671	6	7
63937	2	460213	1	3
63968	1	63967	5	6
63993	1	63992	3	4
63998	3	63997	2	5
64022	2	64021	1	3
64029	1	64028	2	3
64046	1	64045	1	2
64059	5	64058	3	8
64071	2	64070	1	3
64089	2	64088	1	3
64095	7	64094	7	14
64096	4	460369	1	5
64108	2	64107	4	6
64113	8	64112	3	11
64118	5	64117	11	16
64120	3	460388	2	5
64128	3	64127	3	6
64132	6	64131	1	7
64151	1	64150	1	2
64179	2	64178	1	3
64188	1	460429	3	4
64199	4	460456	1	5
64214	4	64213	6	10
64227	9	64226	3	12
64230	6	64229	4	10
64234	10	64233	1	11
64237	6	304753	5	11
64261	1	304759	3	4
64267	3	64266	1	4
64285	1	64284	2	3
64304	1	64303	1	2
64366	1	64365	1	2
64384	1	304782	3	4
64386	1	460672	2	3
64388	1	64387	1	2
64446	1	64445	4	5
64462	1	460749	2	3
64468	2	64467	1	3
64486	1	64485	1	2
64523	3	460803	7	10
64551	2	64550	2	4
64558	6	64557	5	11
64574	4	64573	7	11
64577	9	64576	1	10
64583	2	64582	4	6
64604	10	64603	3	13
64611	1	64610	4	5
64615	2	460873	1	3
64650	4	64649	4	8
64651	1	460903	7	8
64656	2	460912	3	5
64690	2	460966	1	3
64695	1	64694	4	5
64698	2	64697	6	8
64705	3	64704	2	5
64710	1	64709	7	8
64712	6	64711	2	8
64719	14	64718	9	23
64724	2	64723	9	11
64727	5	64726	2	7
64729	3	64728	3	6
64738	2	461018	7	9
64754	5	461033	8	13
64759	1	64758	2	3
64796	15	461099	5	20
64807	3	461106	9	12
64822	3	64821	6	9
64829	6	461118	4	10
64838	5	64837	3	8
64840	1	64839	5	6
64844	13	64843	7	20
64847	8	64846	18	26
64858	3	64857	3	6
64864	4	304889	3	7
64880	5	461158	2	7
64886	5	64885	3	8
64892	5	64891	7	12
64895	4	64894	1	5
64904	6	461190	5	11
64916	10	461212	6	16
64919	3	461221	1	4
64942	4	64941	8	12
64970	11	64969	1	12
65004	1	461338	6	7
65025	2	65024	4	6
65037	3	65036	1	4
65055	3	65054	3	6
65065	4	65064	3	7
65068	3	65067	9	12
65090	8	65089	2	10
65100	5	65099	1	6
65110	4	65109	1	5
65124	1	1015166	6	7
65136	2	65135	4	6
65157	5	65156	6	11
65170	2	65169	2	4
65173	4	65172	4	8
65208	3	65207	6	9
65211	5	461602	8	13
65219	8	65218	3	11
65223	8	65222	12	20
65228	5	461626	6	11
65230	5	65229	7	12
65260	2	65259	2	4
65283	4	461679	1	5
65290	4	65289	9	13
65298	3	304991	3	6
65300	1	461716	1	2
65310	4	65309	3	7
65314	4	65313	2	6
65340	2	65339	4	6
65349	5	65348	1	6
65352	3	65351	2	5
65383	3	65382	3	6
65427	6	65426	1	7
65430	1	65429	4	5
65454	3	65453	2	5
65476	1	65475	1	2
65482	3	461878	3	6
65504	3	65503	1	4
65515	1	65514	1	2
65518	3	461917	2	5
65522	3	65521	4	7
65538	1	65537	3	4
65557	2	65556	4	6
65587	1	65586	2	3
65590	2	461974	4	6
65594	1	65593	2	3
65642	2	65641	5	7
65675	1	65674	4	5
65682	2	462042	4	6
65684	5	65683	3	8
65708	2	65707	4	6
65723	4	65722	2	6
65734	1	65733	4	5
65751	2	462113	5	7
65755	1	462116	1	2
65761	1	65760	2	3
65777	1	65776	1	2
65782	1	65781	3	4
65802	2	65801	1	3
65805	1	847606	2	3
65821	2	65820	5	7
65824	18	65823	1	19
65837	1	462165	1	2
65873	1	462227	2	3
65906	2	305146	1	3
65916	1	65915	3	4
65946	1	65945	2	3
65973	2	305166	1	3
65987	4	847684	4	8
65992	4	65991	1	5
65994	1	65993	4	5
65998	1	65997	1	2
66001	9	462339	2	11
66003	10	66002	1	11
66004	3	462355	2	5
66012	1	66011	5	6
66030	3	66029	2	5
66032	1	66031	3	4
66034	1	66033	4	5
66045	2	305191	1	3
66053	4	66052	1	5
66058	2	66057	2	4
66062	2	66061	2	4
66081	1	66080	1	2
66085	3	462440	4	7
66102	8	66101	2	10
66104	4	462456	8	12
66120	1	462472	1	2
66125	7	66124	2	9
66142	1	66141	2	3
66146	6	66145	2	8
66150	1	66149	2	3
66158	2	66157	9	11
66159	3	305209	11	14
66163	2	66162	5	7
66165	2	66164	6	8
66167	2	66166	2	4
66177	1	66176	4	5
66184	5	66183	1	6
66190	2	66189	2	4
66199	2	462527	1	3
66204	1	66203	1	2
66205	1	462536	2	3
66221	2	66220	1	3
66236	3	462562	22	25
66247	2	66246	3	5
66252	3	66251	4	7
66255	5	66254	1	6
66271	5	462588	1	6
66272	2	462590	2	4
66284	1	66283	3	4
66290	10	462597	8	18
66319	2	66318	2	4
66323	4	66322	1	5
66337	3	66336	2	5
66341	11	66340	3	14
66345	3	66344	2	5
66347	1	462676	2	3
66353	2	66352	2	4
66355	4	66354	6	10
66362	4	462697	7	11
66389	4	66388	1	5
66394	2	66393	2	4
66412	1	305266	3	4
66417	3	305268	4	7
66444	6	66443	1	7
66472	3	66471	2	5
66485	4	66484	11	15
66488	1	462813	14	15
66493	9	66492	4	13
66511	8	66510	2	10
66519	8	66518	9	17
66528	6	66527	6	12
66534	1	66533	2	3
66539	4	66538	1	5
66547	4	305293	10	14
66548	2	847935	26	28
66561	3	462890	2	5
66564	2	305300	6	8
66566	3	66565	2	5
66586	4	462923	2	6
66588	1	66587	4	5
66617	5	462953	3	8
66623	4	66622	1	5
66631	5	66630	4	9
66633	4	66632	5	9
66635	6	66634	6	12
66658	4	66657	2	6
66661	12	305321	4	16
66665	1	66664	5	6
66693	10	66692	2	12
66732	2	463065	5	7
66738	3	66737	1	4
66741	2	66740	10	12
66753	2	66752	1	3
66774	3	66773	1	4
66790	1	463106	3	4
66811	3	66810	1	4
66812	1	463130	3	4
66830	1	463157	2	3
66836	3	66835	1	4
66843	1	66842	3	4
66845	2	66844	3	5
66876	4	305385	7	11
66884	5	66883	4	9
66906	1	305404	2	3
66913	1	66912	1	2
66916	1	463259	1	2
66917	1	463263	1	2
66923	6	463265	5	11
66924	1	463269	2	3
66962	1	463302	3	4
66972	2	66971	2	4
66998	6	66997	5	11
67005	3	463374	5	8
67012	2	463390	1	3
67023	1	67022	2	3
67121	2	305464	1	3
67136	5	67135	4	9
67175	2	67174	4	6
67270	1	463734	1	2
67281	1	463748	2	3
67284	5	848307	10	15
67296	2	67295	1	3
67303	1	67302	3	4
67330	2	67329	1	3
67340	1	67339	2	3
67376	1	67375	1	2
67379	2	67378	7	9
67380	2	305532	4	6
67383	2	67382	5	7
67390	3	67389	4	7
67423	2	305544	3	5
67469	1	463912	5	6
67510	3	67509	1	4
67574	4	464021	8	12
67581	5	464040	4	9
67586	6	67585	3	9
67590	2	464068	9	11
67595	3	67594	2	5
67602	6	464078	5	11
67606	4	67605	3	7
67619	4	464084	1	5
67625	1	67624	1	2
67661	3	464136	3	6
67665	5	848458	8	13
67668	1	464153	1	2
67674	1	67673	1	2
67703	5	67702	1	6
67711	8	464211	6	14
67747	6	464253	1	7
67759	2	464261	3	5
67792	2	67791	2	4
67795	1	67794	1	2
67800	2	67799	1	3
67807	1	67806	1	2
67810	2	67809	2	4
67813	3	67812	1	4
67822	3	67821	2	5
67860	5	67859	3	8
67903	3	464443	14	17
67905	1	67904	1	2
67954	1	464514	19	20
67978	2	67977	3	5
67983	4	464535	4	8
68039	2	464597	3	5
68080	1	68079	1	2
68084	1	305710	2	3
68091	2	464660	1	3
68095	1	68094	2	3
68101	2	464667	2	4
68128	3	68127	1	4
68133	4	68132	4	8
68134	4	464687	4	8
68157	2	464758	4	6
68244	2	464924	2	4
68249	10	464934	4	14
68264	2	464989	8	10
68306	3	68305	2	5
68355	4	68354	2	6
68360	4	68359	3	7
68364	7	68363	5	12
68412	3	465151	4	7
68443	2	68442	3	5
68459	1	68458	1	2
68474	1	305821	3	4
68533	1	68532	2	3
68547	4	68546	1	5
68560	1	68559	1	2
68568	5	465360	2	7
68579	1	465375	5	6
68585	1	465385	4	5
68593	1	465416	11	12
68608	11	465429	6	17
68614	5	305851	3	8
68625	2	68624	7	9
68631	2	465463	3	5
68687	2	68686	3	5
68691	7	68690	2	9
68714	1	465616	4	5
68737	1	465663	1	2
68761	3	465733	4	7
68810	3	68809	3	6
68820	3	68819	2	5
68833	3	68832	2	5
68836	3	465891	3	6
68852	9	305923	8	17
68860	6	68859	3	9
68867	1	68866	1	2
68924	2	68923	28	30
68947	5	466012	7	12
68955	8	68954	6	14
68969	1	68968	1	2
68974	1	68973	4	5
68977	3	68976	5	8
68979	8	68978	5	13
68980	5	466042	10	15
69025	1	69024	1	2
69091	2	69090	2	4
69093	1	69092	3	4
69136	2	466201	3	5
69139	2	466206	2	4
69143	2	69142	1	3
69159	4	69158	1	5
69174	1	69173	1	2
69179	1	466244	2	3
69189	4	69188	4	8
69269	3	69268	6	9
69293	2	69292	2	4
69294	1	306038	1	2
69309	1	69308	1	2
69310	3	466441	1	4
69323	10	466471	5	15
69346	2	69345	3	5
69347	4	466484	2	6
69372	1	466522	2	3
69424	4	69423	5	9
69433	9	466624	1	10
69445	2	69444	2	4
69451	2	69450	4	6
69505	2	466692	3	5
69508	1	69507	1	2
69512	4	69511	5	9
69528	1	69527	2	3
69534	4	69533	3	7
69564	3	306114	2	5
69579	3	69578	4	7
69622	1	69621	3	4
69631	7	466850	4	11
69632	13	466851	4	17
69643	3	466859	2	5
69717	2	467043	1	3
69720	3	69719	10	13
69723	3	467064	2	5
69786	2	69785	2	4
69791	10	467238	2	12
69801	3	467245	6	9
69805	2	467257	2	4
69807	8	69806	2	10
69815	3	69814	11	14
69817	1	467291	2	3
69828	2	467315	4	6
69839	3	69838	4	7
69853	2	306188	10	12
69858	1	467355	2	3
69886	2	69885	2	4
69895	1	69894	6	7
69913	3	69912	2	5
69916	5	69915	7	12
69965	1	69964	3	4
69978	2	69977	1	3
69992	5	69991	1	6
70004	4	467635	8	12
70021	3	467660	4	7
70037	2	467694	6	8
70045	2	467724	5	7
70073	2	306249	1	3
70090	2	70089	3	5
70113	4	467892	4	8
70119	1	70118	2	3
70148	3	70147	4	7
70150	1	70149	4	5
70163	3	467955	18	21
70166	7	70165	2	9
70208	5	468016	6	11
70226	5	70225	4	9
70240	3	70239	1	4
70254	4	468090	3	7
70259	7	468094	3	10
70266	3	70265	1	4
70283	5	70282	2	7
70332	1	468174	8	9
70348	2	70347	2	4
70350	1	70349	1	2
70354	5	70353	8	13
70357	5	70356	2	7
70361	1	70360	2	3
70373	1	70372	2	3
70385	4	70384	3	7
70406	1	70405	1	2
70435	1	70434	3	4
70443	4	70442	6	10
70465	1	468322	5	6
70492	2	70491	1	3
70522	4	70521	2	6
70549	4	70548	1	5
70582	2	70581	1	3
70645	2	468771	2	4
70647	1	70646	1	2
70648	1	468776	1	2
70697	1	468956	2	3
70703	1	70702	2	3
70762	4	70761	5	9
70777	3	70776	1	4
70779	2	70778	2	4
70781	2	70780	2	4
70789	1	70788	3	4
70792	3	70791	1	4
70807	2	469165	2	4
70820	2	70819	1	3
70905	2	469435	1	3
70991	1	70990	3	4
71018	1	71017	1	2
71022	1	71021	1	2
71027	2	469695	1	3
71032	3	469712	5	8
71063	1	71062	1	2
71070	1	71069	1	2
71088	1	469808	3	4
71132	1	469895	1	2
71164	4	306558	18	22
71214	6	306589	12	18
71250	2	470147	3	5
71260	2	470169	5	7
71283	6	71282	5	11
71317	1	71316	4	5
71338	4	71337	11	15
71341	2	470289	9	11
71364	3	71363	5	8
71390	1	71389	2	3
71405	3	470370	6	9
71414	18	306665	4	22
71442	2	470426	4	6
71448	2	306676	3	5
71453	1	470440	9	10
71464	1	470449	2	3
71487	5	71486	10	15
71493	3	71492	4	7
71496	6	71495	4	10
71512	4	470527	5	9
71516	3	71515	1	4
71523	10	470533	8	18
71530	2	306690	3	5
71537	5	71536	10	15
71552	14	470634	9	23
71556	3	306709	12	15
71558	1	470659	7	8
71575	3	71574	13	16
71577	3	71576	2	5
71579	2	71578	3	5
71603	8	71602	5	13
71616	3	470745	6	9
71618	5	71617	1	6
71619	3	470749	5	8
71624	4	71623	2	6
71627	8	470762	54	62
71672	4	71671	3	7
71686	2	71685	4	6
71693	7	71692	9	16
71719	1	471044	4	5
71722	1	71721	2	3
71744	1	306743	2	3
71762	5	471212	2	7
71768	5	471226	4	9
71837	4	471390	3	7
71840	3	71839	2	5
71844	2	71843	1	3
71865	4	471426	5	9
71870	3	71869	1	4
71906	3	471484	1	4
71910	2	71909	2	4
71917	1	471497	5	6
71934	1	71933	1	2
71936	2	71935	2	4
71942	1	71941	4	5
71952	3	71951	2	5
71966	6	71965	4	10
71967	5	471566	10	15
71991	4	471588	2	6
71994	3	471593	3	6
71996	8	71995	6	14
72003	16	471614	20	36
72020	1	72019	3	4
72026	2	471638	3	5
72027	1	471639	3	4
72046	6	72045	6	12
72048	5	72047	3	8
72049	10	471671	19	29
72075	2	72074	1	3
72080	1	306835	3	4
72087	5	72086	3	8
72101	3	72100	1	4
72106	4	72105	4	8
72111	3	72110	4	7
72115	7	471716	2	9
72121	3	72120	5	8
72132	4	72131	3	7
72143	1	471753	3	4
72147	1	72146	2	3
72150	2	72149	2	4
72166	1	306849	5	6
72180	3	471796	7	10
72182	1	72181	7	8
72185	6	72184	3	9
72193	3	72192	2	5
72239	1	72238	1	2
72255	2	471889	3	5
72278	2	72277	1	3
72300	1	72299	1	2
72304	1	72303	3	4
72306	4	72305	8	12
72328	1	72327	4	5
72345	2	72344	4	6
72372	6	472033	8	14
72378	6	472049	1	7
72380	6	472050	5	11
72384	1	72383	2	3
72387	9	472065	14	23
72426	3	72425	4	7
72446	2	472141	1	3
72469	2	306928	3	5
72471	1	72470	1	2
72502	2	306937	3	5
72529	9	72528	4	13
72536	12	472218	2	14
72538	2	72537	3	5
72544	3	72543	3	6
72546	3	72545	3	6
72552	4	472231	5	9
72573	3	72572	1	4
72578	3	472245	1	4
72581	4	72580	1	5
72584	2	72583	4	6
72606	1	72605	1	2
72609	1	72608	1	2
72616	4	72615	1	5
72618	4	72617	1	5
72653	1	306970	1	2
72661	1	72660	1	2
72676	2	72675	2	4
72687	2	72686	2	4
72712	2	72711	1	3
72725	1	472371	4	5
72759	2	72758	2	4
72764	2	72763	1	3
72771	1	72770	6	7
72772	1	472409	7	8
72802	4	72801	4	8
72809	2	72808	3	5
72810	4	472455	1	5
72816	3	72815	4	7
72818	2	472468	5	7
72833	6	472491	3	9
72861	1	72860	5	6
72873	2	72872	5	7
72895	1	307015	4	5
72898	3	72897	3	6
72903	1	72902	4	5
72944	1	72943	3	4
72950	2	72949	1	3
72964	2	72963	1	3
72966	3	472613	2	5
72968	8	72967	1	9
72973	3	472623	7	10
72981	4	72980	2	6
72989	4	72988	5	9
72991	2	72990	8	10
72996	3	472646	3	6
72997	2	472648	5	7
73005	1	73004	1	2
73023	10	73022	1	11
73054	2	73053	1	3
73064	6	73063	1	7
73088	1	73087	1	2
73090	2	73089	3	5
73134	2	73133	1	3
73138	6	73137	3	9
73140	2	73139	4	6
73175	4	472811	2	6
73206	1	472845	7	8
73228	3	472858	1	4
73269	3	73268	1	4
73282	3	73281	2	5
73295	3	307090	2	5
73308	3	73307	1	4
73341	2	473045	2	4
73347	3	73346	2	5
73353	1	73352	3	4
73360	1	473050	5	6
73371	1	73370	3	4
73387	3	473067	2	5
73398	2	73397	2	4
73409	1	73408	10	11
73432	7	73431	2	9
73453	4	73452	2	6
73459	1	473168	6	7
73461	5	73460	1	6
73465	2	73464	2	4
73469	5	73468	1	6
73514	1	73513	3	4
73519	1	73518	2	3
73521	2	73520	1	3
73529	2	473289	1	3
73537	1	73536	1	2
73539	1	73538	1	2
73545	3	73544	5	8
73581	1	73580	1	2
73588	2	73587	1	3
73598	7	473370	9	16
73599	1	473371	7	8
73603	5	473383	2	7
73618	4	73617	2	6
73623	2	73622	5	7
73629	1	73628	1	2
73631	4	73630	4	8
73632	1	473407	5	6
73653	3	73652	4	7
73687	1	73686	1	2
73715	1	473492	2	3
73770	2	73769	3	5
73807	1	473570	3	4
73843	9	73842	7	16
73868	6	73867	3	9
73879	6	73878	7	13
73881	4	73880	17	21
73901	6	73900	8	14
73908	3	73907	1	4
73912	3	473635	5	8
73916	2	73915	9	11
73949	2	73948	2	4
73961	2	473677	1	3
73995	1	473710	1	2
74014	1	307265	5	6
74022	1	74021	2	3
74036	2	74035	1	3
74038	4	74037	1	5
74042	1	74041	3	4
74074	4	74073	2	6
74079	3	74078	4	7
74083	8	74082	5	13
74086	4	74085	7	11
74090	1	74089	7	8
74101	3	74100	3	6
74124	3	473836	3	6
74136	9	473853	7	16
74147	15	74146	3	18
74165	6	307300	13	19
74168	11	74167	7	18
74169	2	473876	1	3
74173	4	74172	5	9
74175	2	473894	7	9
74179	5	473901	6	11
74203	2	74202	7	9
74204	4	307318	2	6
74206	1	473929	6	7
74221	6	74220	3	9
74232	11	74231	5	16
74240	2	74239	5	7
74241	1	473971	1	2
74242	6	473969	11	17
74255	4	74254	5	9
74266	4	852118	2	6
74268	2	74267	1	3
74272	2	74271	2	4
74293	2	74292	1	3
74332	3	474056	2	5
74337	1	74336	3	4
74354	15	74353	3	18
74357	7	74356	10	17
74370	4	74369	7	11
74373	4	74372	1	5
74375	2	307355	3	5
74387	3	74386	2	5
74392	3	74391	4	7
74434	3	74433	5	8
74439	5	474130	7	12
74446	3	307371	3	6
74458	2	74457	2	4
74460	1	474145	2	3
74474	3	74473	4	7
74476	4	474158	2	6
74486	3	74485	5	8
74487	2	474170	1	3
74509	2	74508	3	5
74515	8	74514	1	9
74523	1	74522	4	5
74534	5	74533	2	7
74536	4	74535	5	9
74555	8	74554	5	13
74564	3	474216	5	8
74575	5	474228	3	8
74606	4	74605	4	8
74618	2	74617	3	5
74622	3	307407	1	4
74656	6	74655	6	12
74674	3	74673	3	6
74695	4	474436	4	8
74707	3	474454	6	9
74734	18	474496	14	32
74742	5	74741	3	8
74743	1	474507	5	6
74748	4	74747	2	6
74757	6	852354	2	8
74764	6	74763	3	9
74766	12	74765	1	13
74774	2	74773	6	8
74776	5	74775	5	10
74780	4	74779	8	12
74814	3	474599	15	18
74900	5	74899	7	12
74942	9	474841	8	17
74983	7	474900	17	24
74993	6	474914	2	8
75025	2	75024	10	12
75056	15	75055	1	16
75066	1	75065	1	2
75076	2	75075	1	3
75088	4	75087	4	8
75091	5	75090	2	7
75153	2	75152	6	8
75183	4	75182	3	7
75268	6	75267	8	14
75297	11	475436	8	19
75301	7	475446	9	16
75370	4	475581	7	11
75425	8	475686	4	12
75443	4	475726	3	7
75455	1	475758	7	8
75459	4	475764	7	11
75480	3	75479	3	6
75492	1	475799	4	5
75521	3	475883	3	6
75540	3	307667	4	7
75552	1	475970	3	4
75558	2	75557	3	5
75565	8	475981	10	18
75594	2	75593	4	6
75600	6	75599	2	8
75602	5	75601	4	9
75605	5	75604	9	14
75614	2	75613	1	3
75653	2	75652	4	6
75670	7	476157	4	11
75675	4	75674	2	6
75688	2	75687	1	3
75725	1	307700	4	5
75733	9	75732	5	14
75747	1	75746	2	3
75753	7	75752	4	11
75757	5	75756	2	7
75761	3	476251	4	7
75772	6	476270	4	10
75781	6	75780	2	8
75794	4	75793	3	7
75798	1	476318	1	2
75813	3	476330	8	11
75816	2	75815	2	4
75840	1	75839	5	6
75843	2	75842	4	6
75863	3	476385	6	9
75870	6	476404	2	8
75877	8	307735	2	10
75907	5	75906	4	9
75908	6	476429	2	8
75913	3	75912	5	8
75916	2	75915	1	3
75920	3	476436	2	5
75926	3	75925	1	4
75928	2	476444	5	7
75945	11	307743	3	14
75947	6	476465	21	27
75954	1	75953	1	2
75956	5	307747	2	7
75958	5	476475	4	9
75960	2	307749	4	6
75962	2	75961	3	5
75983	4	476509	7	11
75990	2	75989	1	3
76011	9	76010	3	12
76094	3	853224	3	6
76103	3	476670	4	7
76112	5	76111	1	6
76114	5	76113	1	6
76115	3	307789	6	9
76133	1	853255	5	6
76150	5	76149	4	9
76194	1	476790	4	5
76207	2	307816	9	11
76217	8	76216	1	9
76221	4	76220	1	5
76225	5	76224	3	8
76226	4	476840	6	10
76232	3	476846	4	7
76256	2	76255	9	11
76275	1	76274	4	5
76288	6	476943	4	10
76306	3	476982	3	6
76330	13	477044	8	21
76333	4	76332	6	10
76343	3	76342	2	5
76348	2	76347	4	6
76356	5	76355	4	9
76362	6	76361	2	8
76381	3	307856	5	8
76420	1	76419	4	5
76470	6	76469	1	7
76484	4	76483	10	14
76495	13	76494	8	21
76509	2	76508	3	5
76515	8	477275	8	16
76533	6	76532	6	12
76536	1	76535	8	9
76543	7	76542	1	8
76559	2	477364	2	4
76563	2	477373	6	8
76587	9	76586	9	18
76589	2	76588	11	13
76590	4	853544	11	15
76594	8	477444	4	12
76595	7	477445	3	10
76600	3	76599	1	4
76617	2	76616	1	3
76622	4	477524	12	16
76626	5	307923	3	8
76665	6	76664	1	7
76667	3	76666	10	13
76673	4	307939	1	5
76722	2	477772	4	6
76724	1	477774	5	6
76755	1	477889	6	7
76781	3	477946	6	9
76784	7	76783	2	9
76795	4	853727	6	10
76815	2	76814	2	4
76833	2	478069	10	12
76838	5	478078	5	10
76845	5	76844	1	6
76848	2	76847	3	5
76857	1	76856	3	4
76863	1	478119	4	5
76865	2	76864	2	4
76871	3	478131	6	9
76875	6	478140	5	11
76930	1	478344	1	2
76963	5	478400	6	11
76978	9	478449	4	13
76980	1	76979	1	2
76983	1	478469	3	4
76989	5	478494	4	9
77008	4	77007	6	10
77018	2	478556	3	5
77039	5	77038	9	14
77048	4	77047	2	6
77049	6	478580	11	17
77073	2	478708	1	3
77074	6	854035	6	12
77081	1	77080	4	5
77109	1	478775	3	4
77114	2	478788	5	7
77130	2	1020399	2	4
77135	3	478815	14	17
77177	1	77176	6	7
77186	1	77185	2	3
77194	5	77193	2	7
77198	3	77197	5	8
77204	9	77203	1	10
77215	2	77214	1	3
77255	5	77254	1	6
77256	3	479042	2	5
77284	2	77283	1	3
77288	3	77287	2	5
77322	2	479160	1	3
77354	1	854249	1	2
77387	2	77386	1	3
77417	4	77416	2	6
77424	1	77423	3	4
77427	5	77426	2	7
77447	1	77446	1	2
77468	2	479429	3	5
77478	2	479447	1	3
77505	8	479563	6	14
77524	3	479710	2	5
77529	4	479717	6	10
77546	4	479813	2	6
77563	3	479883	6	9
77598	2	77597	1	3
77599	5	479982	2	7
77615	1	480072	3	4
77674	5	480204	11	16
77708	6	77707	5	11
77711	9	77710	7	16
77732	2	77731	6	8
77736	2	77735	5	7
77741	4	77740	5	9
77745	9	77744	1	10
77750	1	77749	3	4
77755	4	480335	2	6
77763	7	480352	7	14
77764	4	480353	4	8
77780	3	77779	4	7
77787	6	77786	2	8
77789	1	77788	2	3
77791	1	77790	1	2
77810	2	77809	7	9
77818	3	480435	7	10
77835	1	480464	10	11
77848	4	77847	2	6
77860	1	480532	2	3
77861	9	480533	3	12
77875	8	77874	4	12
77880	1	77879	4	5
77897	2	480700	5	7
77900	3	480707	4	7
77921	4	77920	3	7
77934	4	77933	6	10
77951	2	77950	7	9
77955	1	77954	1	2
77959	6	480894	4	10
77969	1	77968	1	2
77978	3	77977	1	4
77988	1	77987	2	3
78004	1	78003	1	2
78006	2	78005	3	5
78016	2	78015	3	5
78033	2	480973	2	4
78043	1	78042	2	3
78045	3	78044	1	4
78055	1	78054	1	2
78066	8	481063	2	10
78080	2	481086	7	9
78129	7	481226	1	8
78131	2	481229	2	4
78140	2	481245	1	3
78141	1	481253	1	2
78164	2	78163	3	5
78172	3	78171	7	10
78176	1	481342	7	8
78178	7	78177	10	17
78182	4	78181	1	5
78183	9	481347	6	15
78192	1	481369	7	8
78213	5	78212	3	8
78217	9	481458	10	19
78235	1	481475	1	2
78248	11	78247	4	15
78250	3	78249	3	6
78254	5	481491	9	14
78266	4	481504	3	7
78284	2	481525	6	8
78293	4	78292	1	5
78294	1	481534	3	4
78303	2	78302	1	3
78310	2	78309	4	6
78332	1	78331	4	5
78359	6	78358	7	13
78364	1	78363	67	68
78369	1	78368	3	4
78420	3	78419	1	4
78470	1	78469	4	5
78477	1	78476	4	5
78486	5	78485	2	7
78491	2	78490	5	7
78504	5	78503	5	10
78505	10	481812	8	18
78511	3	78510	7	10
78521	1	78520	1	2
78539	4	78538	1	5
78541	1	78540	3	4
78563	3	78562	2	5
78568	2	308470	2	4
78585	3	78584	13	16
78598	7	481904	3	10
78612	2	481927	6	8
78628	2	78627	3	5
78632	2	78631	4	6
78638	3	481940	6	9
78649	4	78648	3	7
78676	4	481977	3	7
78688	3	482000	9	12
78692	2	482001	3	5
78716	3	78715	3	6
78725	9	78724	7	16
78727	5	482063	8	13
78736	4	482073	1	5
78754	4	78753	5	9
78767	5	78766	1	6
78770	1	482112	1	2
78808	2	78807	3	5
78825	5	78824	4	9
78848	3	482231	3	6
78849	11	482242	4	15
78860	4	78859	1	5
78867	8	482266	8	16
78890	1	482313	2	3
78893	5	482320	1	6
78896	2	78895	2	4
78913	1	78912	5	6
78915	2	78914	1	3
78953	2	78952	5	7
78961	3	482410	1	4
79081	4	482608	1	5
79083	6	79082	3	9
79119	1	79118	1	2
79122	1	79121	1	2
79133	2	79132	3	5
79147	1	308608	1	2
79168	2	482717	8	10
79179	2	482722	2	4
79180	3	482724	4	7
79196	1	79195	3	4
79230	2	482815	2	4
79240	1	79239	3	4
79262	3	308640	2	5
79275	5	79274	2	7
79291	4	482911	2	6
79302	2	482942	2	4
79320	3	79319	1	4
79328	2	79327	7	9
79337	4	483003	9	13
79348	2	483028	3	5
79359	9	79358	3	12
79386	13	79385	4	17
79409	3	79408	2	5
79413	23	79412	9	32
79417	8	79416	2	10
79425	6	483110	14	20
79429	4	79428	1	5
79435	1	308675	1	2
79447	2	483124	2	4
79479	4	79478	6	10
79490	1	79489	5	6
79492	2	79491	4	6
79522	1	79521	4	5
79567	3	483301	1	4
79571	5	79570	1	6
79575	2	79574	1	3
79601	2	79600	1	3
79623	2	79622	1	3
79636	3	79635	1	4
79641	2	79640	2	4
79689	3	79688	2	5
79720	2	483464	1	3
79725	8	79724	13	21
79738	4	79737	4	8
79749	3	483496	1	4
79751	1	483497	4	5
79757	2	483505	4	6
79760	3	483507	2	5
79778	4	483561	1	5
79786	2	483570	1	3
79792	2	79791	2	4
79799	4	79798	4	8
79823	3	308792	6	9
79826	7	483593	3	10
79830	1	79829	5	6
79837	2	483605	1	3
79861	1	79860	2	3
79886	3	79885	6	9
79891	12	79890	9	21
79897	3	483710	1	4
79918	2	79917	1	3
79921	10	483737	3	13
79935	4	79934	2	6
79939	4	79938	2	6
79946	3	483764	9	12
79949	3	79948	2	5
79975	4	79974	3	7
80003	1	483819	2	3
80012	2	80011	3	5
80027	2	80026	1	3
80031	1	80030	3	4
80034	2	80033	10	12
80045	3	80044	1	4
80050	1	80049	1	2
80056	8	80055	4	12
80078	3	483912	2	5
80088	2	80087	1	3
80124	2	80123	2	4
80133	5	308868	4	9
80137	1	308870	2	3
80145	1	483968	4	5
80168	3	80167	3	6
80171	2	80170	2	4
80185	3	80184	2	5
80198	9	484059	1	10
80207	1	484067	5	6
80228	1	80227	3	4
80233	1	80232	2	3
80245	5	80244	2	7
80268	1	484120	11	12
80294	2	80293	1	3
80297	3	484162	3	6
80303	6	80302	1	7
80326	8	484216	5	13
80362	3	80361	4	7
80370	1	80369	2	3
80398	4	484314	2	6
80423	1	80422	2	3
80425	1	80424	1	2
80439	2	308936	4	6
80440	3	484371	3	6
80452	3	484392	5	8
80457	1	484399	2	3
80464	8	484404	8	16
80480	5	80479	1	6
80502	1	80501	6	7
80521	9	80520	10	19
80553	2	80552	1	3
80563	4	308975	7	11
80565	2	80564	1	3
80590	1	484589	1	2
80595	3	80594	4	7
80613	4	80612	2	6
80623	2	80622	1	3
80633	1	80632	2	3
80636	6	484658	4	10
80644	2	484667	3	5
80663	1	80662	1	2
80671	1	80670	1	2
80693	6	80692	6	12
80706	1	484770	1	2
80709	1	484772	2	3
80729	1	484793	1	2
80749	1	484833	2	3
80752	1	80751	3	4
80754	2	80753	4	6
80786	6	80785	3	9
80792	3	80791	1	4
80805	2	484910	3	5
80810	3	484918	4	7
80820	2	484944	3	5
80840	3	80839	1	4
80893	6	80892	2	8
80908	1	309061	2	3
80912	1	80911	1	2
80926	4	80925	1	5
80941	3	80940	1	4
80955	2	80954	3	5
80988	5	80987	10	15
80989	3	309088	2	5
80992	1	309090	6	7
80994	6	80993	4	10
81009	1	81008	3	4
81012	2	485222	4	6
81020	1	81019	2	3
81032	1	485244	2	3
81043	2	81042	4	6
81049	2	81048	2	4
81055	8	81054	8	16
81062	6	81061	3	9
81064	4	81063	1	5
81076	8	81075	8	16
81083	15	81082	5	20
81092	3	485300	2	5
81096	3	81095	1	4
81098	10	81097	2	12
81103	2	485323	7	9
81105	4	485332	6	10
81107	6	81106	7	13
81120	5	485356	12	17
81137	1	81136	5	6
81151	7	485386	5	12
81168	2	81167	9	11
81179	2	81178	1	3
81191	1	81190	1	2
81272	2	485544	15	17
81293	5	485568	7	12
81295	2	81294	4	6
81307	2	81306	10	12
81318	6	81317	11	17
81329	8	81328	6	14
81332	13	485608	14	27
81335	11	309173	7	18
81337	5	81336	11	16
81342	4	81341	3	7
81357	4	81356	3	7
81365	8	81364	3	11
81390	2	81389	4	6
81402	6	81401	6	12
81407	1	81406	1	2
81436	4	485729	6	10
81499	2	81498	2	4
81506	3	485840	4	7
81568	2	81567	7	9
81584	2	81583	4	6
81589	1	81588	1	2
81604	2	81603	1	3
81619	3	81618	2	5
81621	2	486001	2	4
81625	8	81624	7	15
81632	2	486019	4	6
81634	1	81633	8	9
81641	4	486033	4	8
81657	2	81656	3	5
81661	1	81660	1	2
81666	2	81665	3	5
81670	1	81669	1	2
81674	3	81673	1	4
81685	2	486076	6	8
81713	6	81712	4	10
81717	2	81716	7	9
81720	4	81719	4	8
81724	4	81723	3	7
81734	2	81733	1	3
81736	8	81735	6	14
81744	6	81743	3	9
81747	2	81746	3	5
81760	13	81759	3	16
81775	5	486159	2	7
81797	6	81796	1	7
81817	5	81816	6	11
81818	2	486197	4	6
81838	4	486236	2	6
81847	3	81846	4	7
81848	4	486245	3	7
81852	5	81851	5	10
81861	5	81860	5	10
81876	6	486277	10	16
81879	2	486278	83	85
81914	3	81913	6	9
81916	7	486306	5	12
81921	9	81920	15	24
81930	4	81929	2	6
81933	10	81932	2	12
81967	1	486374	16	17
81970	3	81969	3	6
81972	1	81971	2	3
81975	2	486384	13	15
81995	2	81994	4	6
82008	1	82007	2	3
82014	2	82013	2	4
82016	5	486419	2	7
82018	6	486420	3	9
82020	3	82019	6	9
82027	2	486440	1	3
82054	2	82053	1	3
82062	2	82061	1	3
82064	10	309354	7	17
82079	4	309359	1	5
82084	2	82083	3	5
82106	3	486519	3	6
82109	7	486521	1	8
82111	1	486527	10	11
82114	5	82113	10	15
82116	6	486529	2	8
82126	9	486542	11	20
82133	2	82132	3	5
82140	4	82139	7	11
82159	11	82158	2	13
82168	8	82167	5	13
82183	2	486612	7	9
82192	3	309387	3	6
82200	4	82199	4	8
82243	3	82242	2	5
82247	2	82246	4	6
82249	3	82248	3	6
82258	10	82257	27	37
82278	3	82277	1	4
82310	2	82309	1	3
82320	3	82319	6	9
82355	6	486782	9	15
82376	5	486813	5	10
82386	7	82385	11	18
82392	2	82391	2	4
82393	1	486848	10	11
82394	9	486851	3	12
82400	2	486855	2	4
82432	6	82431	4	10
82463	3	486905	6	9
82467	6	82466	1	7
82519	4	82518	3	7
82535	6	82534	3	9
82559	2	487001	4	6
82597	7	82596	4	11
82598	6	487105	5	11
82603	5	82602	1	6
82739	6	82738	4	10
82742	3	82741	5	8
82756	2	487394	3	5
82807	19	82806	63	82
82841	2	857712	3	5
82875	8	82874	3	11
82967	4	487784	10	14
83020	3	487924	2	5
83028	11	83027	3	14
83029	5	857917	8	13
83051	2	309691	4	6
83130	6	83129	2	8
83134	6	83133	6	12
83144	2	83143	3	5
83146	1	83145	4	5
83149	2	83148	2	4
83151	2	488116	3	5
83152	6	488117	9	15
83157	5	83156	3	8
83163	10	83162	7	17
83171	1	83170	6	7
83181	2	83180	2	4
83183	2	83182	2	4
83185	4	488173	2	6
83189	8	488180	15	23
83286	3	488443	12	15
83327	8	488696	6	14
83348	19	83347	12	31
83352	10	83351	12	22
83431	43	83430	3	46
83439	5	83438	15	20
83440	16	489062	11	27
83485	1	489138	5	6
83626	12	489600	3	15
83684	5	489693	2	7
83700	1	83699	6	7
83703	1	489726	3	4
83773	9	489963	8	17
83837	5	83836	9	14
83846	2	490278	8	10
83866	1	83865	1	2
83887	6	83886	3	9
83893	15	490463	7	22
83956	11	490596	4	15
83983	4	83982	2	6
83988	1	83987	3	4
84014	30	490706	5	35
84044	1	84043	2	3
84066	5	84065	2	7
84087	6	491019	6	12
84098	7	84097	2	9
84209	5	84208	6	11
84210	8	491336	1	9
84211	5	859738	13	18
84316	1	84315	5	6
84380	5	84379	2	7
84471	21	492301	9	30
84554	5	310469	9	14
84611	9	84610	1	10
84650	1	492773	14	15
84685	5	310530	3	8
84695	24	84694	35	59
84709	3	493035	4	7
84716	1	493092	3	4
84780	5	84779	12	17
84797	4	493414	10	14
84920	16	310643	13	29
84940	12	493783	8	20
84952	4	493810	9	13
84982	1	84981	5	6
85024	1	493956	6	7
85143	5	310733	7	12
85147	5	85146	2	7
85150	14	494340	14	28
85234	2	494633	2	4
85248	8	85247	7	15
85250	3	85249	7	10
85270	1	494755	2	3
85325	2	310822	1	3
85380	3	495052	5	8
85389	4	495100	13	17
85399	2	495122	5	7
85505	5	85504	3	8
85539	3	85538	6	9
85556	32	85555	20	52
85595	10	495772	2	12
85680	5	496144	9	14
85686	3	85685	5	8
85729	6	496297	11	17
85749	1	85748	3	4
85786	2	85785	15	17
85793	5	496432	3	8
85796	3	496438	12	15
85842	3	496527	11	14
85844	3	85843	1	4
85894	4	85893	2	6
85895	3	496736	4	7
85912	2	311108	4	6
85922	3	496813	2	5
85985	4	85984	7	11
86010	3	86009	4	7
86023	1	86022	5	6
86045	28	497270	23	51
86090	8	86089	2	10
86104	16	497479	8	24
86156	3	497616	8	11
86174	3	497659	10	13
86193	1	311274	2	3
86257	19	86256	3	22
86265	15	86264	9	24
86376	14	498116	14	28
86478	2	86477	3	5
86542	9	498536	7	16
86552	2	498578	16	18
86601	1	86600	1	2
86628	3	498749	4	7
86662	7	86661	4	11
86835	2	499303	16	18
86837	3	499319	3	6
86878	2	499399	3	5
86914	6	499481	6	12
86952	10	86951	25	35
87066	3	500209	3	6
87186	11	87185	12	23
87189	21	87188	1	22
87198	1	500702	2	3
87199	1	500713	1	2
87301	2	500985	1	3
87372	10	501241	18	28
87528	2	311930	3	5
87534	2	87533	1	3
87546	3	87545	1	4
87604	4	311960	8	12
87648	1	502044	1	2
87694	2	502139	2	4
87695	1	502140	3	4
87777	2	502359	7	9
87792	1	502408	2	3
87795	18	87794	4	22
87823	2	312043	2	4
87827	2	87826	2	4
87842	3	502498	3	6
87849	6	87848	7	13
87857	8	502508	9	17
87892	5	87891	2	7
87901	5	502633	2	7
87925	1	87924	1	2
87935	2	87934	1	3
87972	4	87971	2	6
87980	5	502920	5	10
88001	2	88000	1	3
88041	3	503057	4	7
88043	3	88042	1	4
88048	2	503069	10	12
88069	1	312150	1	2
88084	1	503117	6	7
88086	6	88085	5	11
88087	4	503118	6	10
88146	8	88145	1	9
88148	1	88147	5	6
88178	5	503260	5	10
88179	3	312170	6	9
88231	9	503324	6	15
88235	7	503329	2	9
88274	2	88273	2	4
88277	7	503547	4	11
88281	4	88280	9	13
88288	5	503588	7	12
88322	4	503767	15	19
88409	2	88408	3	5
88417	1	88416	9	10
88428	4	88427	1	5
88486	3	88485	1	4
88572	6	504602	10	16
88573	5	312373	3	8
88576	8	504606	8	16
88641	3	88640	3	6
88644	1	88643	5	6
88670	2	504913	1	3
88673	1	505032	1	2
88713	23	505156	8	31
88757	5	88756	3	8
88869	3	88868	23	26
88883	3	88882	4	7
88889	6	505803	11	17
88939	1	88938	4	5
88944	1	505869	1	2
88948	4	88947	3	7
88952	1	88951	1	2
88984	3	506010	3	6
88995	1	506060	2	3
89083	2	89082	3	5
89100	1	89099	2	3
89145	3	89144	5	8
89191	8	312676	2	10
89195	7	89194	26	33
89217	1	89216	2	3
89219	1	89218	2	3
89225	6	89224	5	11
89233	4	89232	3	7
89234	3	506708	3	6
89268	1	89267	19	20
89288	4	506806	6	10
89296	2	89295	1	3
89331	2	89330	2	4
89349	3	506938	90	93
89393	4	89392	1	5
89414	2	89413	7	9
89418	5	89417	1	6
89466	1	89465	3	4
89470	4	507089	8	12
89495	1	507124	2	3
89496	3	507125	5	8
89504	3	89503	1	4
89507	5	89506	1	6
89524	5	89523	1	6
89542	3	507169	1	4
89546	1	89545	1	2
89577	2	89576	1	3
89579	2	89578	2	4
89613	1	89612	1	2
89650	2	89649	1	3
89703	7	507322	6	13
89731	10	507341	10	20
89770	1	507384	1	2
89777	8	89776	10	18
89786	6	507403	4	10
89846	2	507500	5	7
89864	4	89863	2	6
89875	9	507534	7	16
89898	5	507589	13	18
89900	6	507592	9	15
89967	3	507719	1	4
89986	1	89985	5	6
89991	1	89990	3	4
90062	4	507840	5	9
90071	7	90070	3	10
90074	1	90073	1	2
90099	6	90098	12	18
90189	1	90188	2	3
90206	4	90205	1	5
90234	4	90233	8	12
90253	7	508067	12	19
90262	7	508081	7	14
90265	5	90264	3	8
90311	6	508112	11	17
90362	1	90361	1	2
90382	6	90381	2	8
90469	5	508370	1	6
90472	1	508373	1	2
90487	2	508400	2	4
90527	2	508442	4	6
90539	6	90538	4	10
90552	1	90551	11	12
90558	1	90557	1	2
90596	11	508512	11	22
90601	5	90600	4	9
90614	1	90613	5	6
90616	2	90615	9	11
90617	4	508550	1	5
90641	5	90640	7	12
90649	2	508598	2	4
90660	5	508611	2	7
90662	8	90661	3	11
90679	3	90678	2	5
90697	2	90696	1	3
90746	1	90745	8	9
90768	5	868322	18	23
90773	3	90772	1	4
90814	1	90813	2	3
90833	8	508781	12	20
90860	1	90859	4	5
90883	4	508832	7	11
90963	3	90962	3	6
90967	6	313093	5	11
91014	1	508971	1	2
91025	3	91024	2	5
91159	4	313139	2	6
91178	6	91177	9	15
91183	1	91182	1	2
91193	1	91192	1	2
91197	1	91196	6	7
91203	5	91202	6	11
91206	2	509147	7	9
91235	4	509181	1	5
91237	3	91236	3	6
91259	1	509193	1	2
91381	5	91380	10	15
91432	1	91431	4	5
91439	3	509433	3	6
91447	2	91446	2	4
91455	11	91454	4	15
91473	8	91472	2	10
91482	5	91481	14	19
91484	4	91483	6	10
91489	1	91488	4	5
91494	1	91493	1	2
91504	1	91503	4	5
91543	5	313240	8	13
91548	2	91547	1	3
91560	4	91559	5	9
91566	7	91565	4	11
91567	5	509596	2	7
91571	2	91570	3	5
91583	2	313251	3	5
91586	3	91585	5	8
91587	2	313252	2	4
91609	2	313256	5	7
91614	7	91613	11	18
91633	13	313259	2	15
91670	8	91669	10	18
91676	8	509696	11	19
91694	4	91693	3	7
91713	8	91712	3	11
91751	2	509797	6	8
91758	17	91757	5	22
91781	7	91780	5	12
91802	2	91801	2	4
91822	18	91821	2	20
91850	1	91849	1	2
91852	4	509910	2	6
91878	1	509927	3	4
91901	2	509941	3	5
91941	4	91940	2	6
91953	4	510000	2	6
91954	2	510001	8	10
91976	2	91975	6	8
91989	3	91988	2	5
91990	2	313337	1	3
91992	1	91991	1	2
92000	1	91999	2	3
92017	2	92016	3	5
92023	1	92022	1	2
92042	3	510091	2	5
92147	1	92146	3	4
92174	2	92173	1	3
92180	6	92179	4	10
92202	3	510241	6	9
92236	3	92235	1	4
92238	5	92237	5	10
92240	3	92239	6	9
92252	3	92251	5	8
92266	3	92265	3	6
92297	1	92296	1	2
92314	2	510374	8	10
92353	3	92352	3	6
92365	3	510445	5	8
92425	5	313449	3	8
92428	6	313452	6	12
92434	1	510521	3	4
92443	7	510534	8	15
92451	2	510556	2	4
92475	3	510584	3	6
92484	2	92483	1	3
92513	7	92512	7	14
92543	2	92542	2	4
92570	1	92569	1	2
92592	6	313507	1	7
92605	2	92604	2	4
92613	3	313516	2	5
92617	1	92616	1	2
92631	1	92630	1	2
92635	5	510804	2	7
92637	4	313522	1	5
92643	10	92642	4	14
92646	6	92645	3	9
92667	1	92666	1	2
92676	5	510844	1	6
92705	1	92704	3	4
92711	1	92710	1	2
92721	1	510901	13	14
92733	2	92732	2	4
92736	3	92735	1	4
92750	1	92749	2	3
92753	2	510957	1	3
92781	14	92780	3	17
92784	20	92783	4	24
92792	1	92791	3	4
92800	4	92799	3	7
92824	3	92823	10	13
92826	5	92825	2	7
92828	10	92827	3	13
92853	1	92852	1	2
92863	2	92862	1	3
92878	1	92877	2	3
92882	4	313586	2	6
92884	4	511122	3	7
92892	1	511144	2	3
92906	2	511163	2	4
92959	1	92958	3	4
92961	1	511209	1	2
92977	3	92976	2	5
92987	2	511268	2	4
92990	1	511270	2	3
93002	1	93001	1	2
93009	7	93008	1	8
93022	2	93021	5	7
93040	2	869362	8	10
93054	3	93053	2	5
93072	2	93071	3	5
93113	6	93112	4	10
93134	1	93133	5	6
93155	1	93154	6	7
93183	2	511445	1	3
93198	5	313660	6	11
93205	5	93204	4	9
93218	2	511477	2	4
93252	3	313677	1	4
93261	3	93260	5	8
93266	3	93265	1	4
93286	3	511522	3	6
93300	2	93299	1	3
93310	6	93309	2	8
93326	1	93325	3	4
93340	3	93339	2	5
93344	4	93343	4	8
93348	1	313708	1	2
93447	7	93446	2	9
93464	2	93463	2	4
93499	4	93498	4	8
93506	1	511802	1	2
93519	3	93518	1	4
93550	1	93549	2	3
93562	1	93561	2	3
93573	3	511895	1	4
93586	2	313770	1	3
93591	6	93590	3	9
93614	1	93613	3	4
93621	3	93620	1	4
93636	1	511984	7	8
93646	12	313791	4	16
93665	1	93664	4	5
93686	2	93685	3	5
93691	9	93690	1	10
93694	8	93693	3	11
93735	3	93734	6	9
93756	3	512169	5	8
93759	1	93758	3	4
93760	8	313820	3	11
93770	1	512189	4	5
93772	4	93771	1	5
93775	4	93774	2	6
93779	4	93778	4	8
93802	4	93801	1	5
93809	3	93808	2	5
93828	6	93827	2	8
93835	5	512286	1	6
93844	2	93843	4	6
93847	2	93846	2	4
93849	3	512317	5	8
93874	1	512339	4	5
93876	5	93875	2	7
93882	5	93881	2	7
93905	4	93904	1	5
93922	3	93921	2	5
93971	5	93970	1	6
93989	3	512548	3	6
94010	1	94009	2	3
94023	2	94022	1	3
94033	3	94032	3	6
94042	3	512630	4	7
94048	1	512650	5	6
94055	6	94054	5	11
94057	1	512664	1	2
94062	3	512674	8	11
94087	2	94086	2	4
94090	1	94089	1	2
94125	3	313912	1	4
94135	2	512781	3	5
94143	1	94142	4	5
94145	3	94144	4	7
94148	1	512820	1	2
94157	1	94156	2	3
94178	20	512896	2	22
94188	2	94187	5	7
94204	3	94203	6	9
94207	5	512950	6	11
94218	4	94217	4	8
94233	2	512991	5	7
94248	3	94247	5	8
94250	4	313937	4	8
94272	2	94271	1	3
94274	4	313947	2	6
94283	1	513057	7	8
94291	3	94290	3	6
94307	2	94306	2	4
94313	5	513108	8	13
94316	4	313964	8	12
94321	4	94320	3	7
94352	3	513144	12	15
94358	3	513164	9	12
94369	6	94368	5	11
94372	3	94371	2	5
94374	7	94373	6	13
94384	2	94383	4	6
94430	7	513267	6	13
94447	3	94446	3	6
94449	4	314006	1	5
94452	4	513300	6	10
94464	2	94463	3	5
94478	2	513338	4	6
94510	1	513405	1	2
94534	3	94533	1	4
94560	3	94559	7	10
94565	4	513570	2	6
94605	3	513629	2	5
94616	2	94615	1	3
94619	4	94618	2	6
94630	8	94629	14	22
94638	2	94637	3	5
94650	8	513727	3	11
94663	4	513729	1	5
94666	2	94665	1	3
94671	5	94670	5	10
94687	7	513745	5	12
94690	2	513756	1	3
94702	3	94701	3	6
94710	7	513802	3	10
94712	5	94711	1	6
94722	5	94721	3	8
94741	2	94740	3	5
94760	1	94759	1	2
94764	2	94763	3	5
94775	4	94774	8	12
94791	6	94790	6	12
94797	1	94796	3	4
94822	1	514081	8	9
94828	2	94827	2	4
94847	1	94846	1	2
94848	5	514111	4	9
94860	1	514116	4	5
94864	5	94863	1	6
94866	2	94865	8	10
94891	2	94890	2	4
94894	1	94893	1	2
94917	2	514196	3	5
94921	3	94920	1	4
94950	2	94949	4	6
94957	6	94956	6	12
94962	9	514256	10	19
94964	7	314142	9	16
94970	4	514282	1	5
94997	1	514410	12	13
95027	11	95026	6	17
95036	5	95035	3	8
95072	6	95071	2	8
95085	3	95084	5	8
95098	5	95097	4	9
95143	4	95142	1	5
95144	2	514797	9	11
95151	2	95150	2	4
95153	2	95152	2	4
95181	3	95180	1	4
95200	4	95199	2	6
95219	3	95218	2	5
95243	7	95242	4	11
95251	7	95250	1	8
95287	2	515064	5	7
95289	4	515066	9	13
95318	2	95317	7	9
95325	1	515164	4	5
95334	1	870872	11	12
95349	1	95348	3	4
95359	8	515219	2	10
95361	5	95360	2	7
95362	7	515232	2	9
95377	10	515272	7	17
95390	8	515282	4	12
95396	7	95395	1	8
95412	5	95411	2	7
95438	2	515400	3	5
95451	1	95450	2	3
95455	2	515415	3	5
95457	2	95456	5	7
95460	3	95459	5	8
95471	3	95470	1	4
95498	13	95497	7	20
95515	7	95514	4	11
95517	3	95516	2	5
95521	8	515490	4	12
95543	2	95542	5	7
95578	2	515540	4	6
95594	4	314310	4	8
95632	3	314323	5	8
95638	2	515633	3	5
95665	2	95664	3	5
95693	3	95692	1	4
95721	3	515792	5	8
95730	4	95729	3	7
95740	3	515826	4	7
95750	1	95749	3	4
95755	4	515853	2	6
95763	6	515860	6	12
95793	2	515894	1	3
95794	2	515896	6	8
95797	1	515899	5	6
95806	3	515922	1	4
95811	3	95810	3	6
95814	5	95813	7	12
95816	4	95815	3	7
95822	2	95821	10	12
95844	5	95843	1	6
95856	2	314413	3	5
95887	3	95886	5	8
95889	2	95888	4	6
95896	2	95895	1	3
95922	2	95921	2	4
95944	1	516180	4	5
95953	2	516197	5	7
95962	1	516216	8	9
95979	8	95978	9	17
96008	10	516297	8	18
96051	6	96050	7	13
96087	1	96086	4	5
96091	7	96090	3	10
96109	4	516474	6	10
96125	1	516496	7	8
96140	4	96139	9	13
96144	1	96143	5	6
96156	5	96155	1	6
96199	6	96198	4	10
96212	2	516591	9	11
96250	3	96249	2	5
96342	1	96341	5	6
96369	6	516973	8	14
96389	3	517017	8	11
96390	8	517024	10	18
96455	4	517128	5	9
96461	4	96460	3	7
96492	2	96491	5	7
96543	5	96542	3	8
96551	1	96550	2	3
96578	4	517315	5	9
96635	2	96634	10	12
96668	1	96667	4	5
96670	2	96669	1	3
96676	3	517522	3	6
96682	1	96681	3	4
96692	4	96691	2	6
96703	3	96702	2	5
96713	1	96712	2	3
96720	2	96719	1	3
96729	1	96728	1	2
96734	1	517597	4	5
96779	4	517673	4	8
96783	2	96782	7	9
96788	1	96787	1	2
96797	2	517692	1	3
96806	3	96805	3	6
96823	7	517724	1	8
96827	6	517729	14	20
96843	6	517752	8	14
96853	4	96852	1	5
96865	3	517780	14	17
96882	6	96881	2	8
96884	5	96883	2	7
96904	2	96903	50	52
96926	8	96925	4	12
96954	4	96953	9	13
96968	6	96967	1	7
97015	3	517989	4	7
97019	40	518004	1	41
97036	1	518049	4	5
97057	2	97056	1	3
97089	1	518133	2	3
97109	1	518190	4	5
97124	6	518205	59	65
97126	3	97125	3	6
97127	2	518207	2	4
97134	1	97133	4	5
97147	5	97146	2	7
97153	4	97152	2	6
97165	11	518298	6	17
97166	3	518301	7	10
97181	9	518327	5	14
97187	1	97186	1	2
97231	1	97230	3	4
97233	4	97232	2	6
97237	3	97236	8	11
97267	3	97266	4	7
97276	1	518524	5	6
97284	1	518544	4	5
97289	7	518564	3	10
97296	5	97295	2	7
97307	2	518579	6	8
97308	3	314814	1	4
97313	3	97312	3	6
97336	1	97335	2	3
97341	3	97340	1	4
97357	1	97356	2	3
97358	3	314823	4	7
97368	1	97367	3	4
97390	3	97389	2	5
97403	2	97402	4	6
97421	1	97420	2	3
97426	2	314838	4	6
97436	3	97435	7	10
97439	2	97438	16	18
97457	4	97456	2	6
97492	4	97491	1	5
97505	2	518870	6	8
97507	7	97506	5	12
97516	4	97515	6	10
97537	1	97536	1	2
97550	2	97549	3	5
97557	10	97556	2	12
97562	3	97561	3	6
97565	5	97564	1	6
97569	7	314873	5	12
97577	4	97576	6	10
97581	4	97580	5	9
97589	3	97588	1	4
97600	5	97599	6	11
97612	1	97611	1	2
97630	4	519012	16	20
97636	3	97635	4	7
97640	4	97639	1	5
97659	1	97658	2	3
97671	3	519061	3	6
97676	1	97675	3	4
97680	2	97679	5	7
97686	3	519078	59	62
97703	5	519101	2	7
97718	1	97717	1	2
97725	1	97724	2	3
97742	3	97741	3	6
97764	3	97763	6	9
97765	3	519208	14	17
97767	2	97766	1	3
97782	1	314926	3	4
97837	2	97836	1	3
97839	3	97838	4	7
97844	6	97843	5	11
97849	4	519308	3	7
97851	5	97850	2	7
97861	1	97860	6	7
97880	6	519343	6	12
97882	3	97881	4	7
97886	2	314950	2	4
97902	5	519363	2	7
97929	3	97928	1	4
97930	2	519412	4	6
97962	2	97961	9	11
97964	2	97963	4	6
97969	2	519465	3	5
97972	2	97971	4	6
97977	7	97976	3	10
97980	2	97979	2	4
97985	6	519487	6	12
97998	14	97997	15	29
98004	6	519502	15	21
98031	2	98030	7	9
98040	2	98039	2	4
98044	3	98043	4	7
98050	7	314986	5	12
98052	3	519617	6	9
98068	3	98067	1	4
98079	3	98078	2	5
98081	1	98080	3	4
98092	3	519652	3	6
98097	8	519657	2	10
98101	6	98100	1	7
98108	8	98107	2	10
98109	1	519670	3	4
98117	8	98116	1	9
98121	4	98120	3	7
98135	3	519684	1	4
98142	2	98141	5	7
98149	1	519697	16	17
98193	1	98192	6	7
98195	10	98194	11	21
98214	1	98213	2	3
98254	17	98253	1	18
98268	5	519788	6	11
98277	5	315042	4	9
98278	2	315044	8	10
98287	2	98286	1	3
98298	2	98297	6	8
98309	1	519825	4	5
98345	2	519884	3	5
98353	1	872721	2	3
98381	3	98380	5	8
98385	5	98384	5	10
98399	2	98398	2	4
98406	3	520012	9	12
98408	3	98407	4	7
98417	2	520023	3	5
98423	2	520043	1	3
98452	3	98451	2	5
98457	3	98456	7	10
98466	5	98465	4	9
98473	8	98472	5	13
98476	3	520083	4	7
98479	2	98478	3	5
98483	4	98482	3	7
98485	2	98484	4	6
98500	1	98499	2	3
98512	17	520124	6	23
98522	6	98521	4	10
98542	4	98541	10	14
98545	7	98544	9	16
98569	4	98568	2	6
98588	3	98587	1	4
98590	3	98589	7	10
98620	4	98619	5	9
98634	3	98633	5	8
98643	2	98642	4	6
98657	3	98656	2	5
98659	4	520292	8	12
98715	9	520354	4	13
98722	11	98721	5	16
98737	3	520390	2	5
98746	3	98745	2	5
98753	16	520407	10	26
98769	2	98768	2	4
98777	1	98776	2	3
98780	4	98779	2	6
98801	6	98800	4	10
98824	1	98823	3	4
98866	5	98865	1	6
98872	1	520542	1	2
98880	3	520553	2	5
98890	2	98889	3	5
98918	1	98917	2	3
98944	4	520615	1	5
98946	6	98945	1	7
98952	1	98951	2	3
98968	3	520649	6	9
98975	6	520683	15	21
98978	2	98977	4	6
98984	1	98983	3	4
98996	2	98995	2	4
99008	3	520723	2	5
99024	6	99023	3	9
99028	1	99027	2	3
99042	4	315272	6	10
99060	2	99059	1	3
99088	6	99087	10	16
99117	1	520913	1	2
99126	2	99125	8	10
99137	5	99136	2	7
99146	1	315296	2	3
99172	3	520948	4	7
99194	1	520995	1	2
99200	2	520996	3	5
99204	2	99203	3	5
99219	5	521025	14	19
99222	2	99221	7	9
99299	8	521164	3	11
99302	5	99301	4	9
99309	3	99308	3	6
99338	6	521225	3	9
99344	4	99343	2	6
99362	3	521268	2	5
99365	22	521277	2	24
99371	4	99370	4	8
99376	2	521302	5	7
99381	4	99380	5	9
99388	4	99387	2	6
99400	4	521331	3	7
99404	6	521337	2	8
99420	1	315365	1	2
99425	4	315371	5	9
99459	4	521452	1	5
99463	2	99462	2	4
99485	9	521508	8	17
99500	1	521528	3	4
99514	3	99513	40	43
99516	4	521552	8	12
99521	1	521561	2	3
99527	1	99526	1	2
99534	7	99533	3	10
99546	2	99545	1	3
99553	5	99552	2	7
99569	3	521677	6	9
99571	4	521680	5	9
99575	3	99574	3	6
99579	4	99578	1	5
99580	1	521692	5	6
99592	6	99591	2	8
99606	2	315415	2	4
99616	2	99615	2	4
99652	1	99651	2	3
99688	1	521819	2	3
99696	2	99695	3	5
99699	2	99698	4	6
99708	3	99707	3	6
99712	2	315435	11	13
99729	4	99728	2	6
99742	2	99741	2	4
99762	2	99761	2	4
99764	11	99763	4	15
99769	5	99768	6	11
99773	1	521929	3	4
99782	6	521944	7	13
99810	22	521999	7	29
99848	2	99847	2	4
99859	2	99858	1	3
99870	5	99869	3	8
99873	3	99872	2	5
99898	8	522216	7	15
99924	4	99923	1	5
99926	1	99925	1	2
99930	11	99929	1	12
99931	5	522272	1	6
99935	3	522280	1	4
99957	7	99956	1	8
99962	1	522315	1	2
99968	3	99967	3	6
99984	13	99983	2	15
100019	2	522389	1	3
100028	2	100027	1	3
100038	1	522412	1	2
100049	2	522430	1	3
100070	2	522456	2	4
100079	1	522466	4	5
100173	1	522598	1	2
100185	4	100184	6	10
100190	4	100189	2	6
100191	2	522628	5	7
100196	2	522634	1	3
100213	1	873818	1	2
100246	8	100245	2	10
100255	3	522726	2	5
100297	4	100296	2	6
100298	2	522822	4	6
100303	6	100302	2	8
100307	6	522834	1	7
100316	2	100315	2	4
100325	1	100324	3	4
100329	1	100328	3	4
100351	35	100350	2	37
100371	9	522954	8	17
100375	8	100374	5	13
100382	4	100381	13	17
100403	12	315609	6	18
100407	2	523059	8	10
100412	7	523067	4	11
100421	2	315615	1	3
100434	1	523123	2	3
100463	4	523165	6	10
100472	8	523186	4	12
100485	4	100484	3	7
100495	4	523235	3	7
100515	3	100514	2	5
100527	24	100526	3	27
100534	2	523302	3	5
100539	1	100538	1	2
100545	2	523322	5	7
100561	3	100560	1	4
100566	5	523361	6	11
100568	2	100567	3	5
100571	1	100570	2	3
100578	1	523369	5	6
100608	47	523454	1	48
100620	3	100619	1	4
100637	2	100636	5	7
100638	10	523504	1	11
100643	2	523515	2	4
100654	9	100653	34	43
100658	1	100657	4	5
100665	4	100664	2	6
100672	8	523570	4	12
100677	1	100676	3	4
100684	1	100683	1	2
100694	1	315681	2	3
100696	2	100695	3	5
100718	1	523620	4	5
100765	1	100764	3	4
100792	7	100791	9	16
100802	3	100801	7	10
100825	2	100824	5	7
100846	6	100845	3	9
100850	3	523819	13	16
100856	2	523824	1	3
100858	4	315720	4	8
100862	5	523835	6	11
100883	2	523883	5	7
100893	1	523888	4	5
100906	6	100905	3	9
100925	3	523952	3	6
100947	1	874305	3	4
100983	4	524039	9	13
101000	7	524072	8	15
101020	1	524091	3	4
101034	3	101033	6	9
101036	4	101035	7	11
101038	4	101037	1	5
101041	1	524102	3	4
101064	2	101063	9	11
101066	4	101065	1	5
101115	5	524244	2	7
101125	3	101124	4	7
101126	7	524288	11	18
101137	3	315796	1	4
101145	3	101144	1	4
101153	2	315804	2	4
101160	3	524359	1	4
101162	7	101161	5	12
101183	4	101182	4	8
101189	4	101188	3	7
101198	4	524425	1	5
101214	3	524470	3	6
101246	5	524562	5	10
101259	2	524597	9	11
101272	4	524613	2	6
101277	16	524641	3	19
101300	1	524680	2	3
101304	3	101303	6	9
101306	3	101305	6	9
101313	1	101312	3	4
101322	5	101321	4	9
101323	8	524710	12	20
101325	1	101324	3	4
101330	2	101329	2	4
101332	3	524727	4	7
101343	4	874568	6	10
101358	3	101357	7	10
101362	7	524783	6	13
101367	3	101366	2	5
101387	4	101386	3	7
101414	7	524876	1	8
101420	41	101419	1	42
101427	6	101426	2	8
101438	4	524913	6	10
101442	18	101441	1	19
101451	1	101450	13	14
101463	3	101462	5	8
101467	5	524978	8	13
101469	2	524982	4	6
101471	2	524984	3	5
101476	7	101475	5	12
101481	1	101480	10	11
101487	3	525014	1	4
101497	5	101496	1	6
101501	1	101500	5	6
101507	1	525045	3	4
101518	2	101517	2	4
101525	2	101524	4	6
101535	2	101534	2	4
101544	1	525066	2	3
101559	2	101558	2	4
101568	3	315919	3	6
101570	3	101569	1	4
101587	1	525130	1	2
101643	2	101642	2	4
101646	1	101645	1	2
101649	1	101648	1	2
101655	12	101654	5	17
101665	5	101664	3	8
101683	1	525260	1	2
101701	4	525307	7	11
101716	4	525349	4	8
101724	11	525355	10	21
101738	1	101737	1	2
101767	4	101766	1	5
101788	2	525516	2	4
101804	2	101803	2	4
101807	4	525547	8	12
101832	1	101831	4	5
101835	1	101834	2	3
101838	6	525607	3	9
101870	3	525673	4	7
101891	1	316004	3	4
101940	5	525835	9	14
101947	31	525862	11	42
101961	4	101960	8	12
101962	6	525890	6	12
102056	4	102055	6	10
102076	6	526034	8	14
102096	3	102095	3	6
102100	5	102099	7	12
102102	5	102101	2	7
102112	2	102111	1	3
102197	2	102196	1	3
102207	2	526205	4	6
102259	4	526276	6	10
102260	5	526282	9	14
102295	6	526328	7	13
102300	2	526335	3	5
102318	2	102317	4	6
102372	2	102371	3	5
102379	2	526443	7	9
102385	1	102384	1	2
102400	1	102399	4	5
102404	4	526489	9	13
102409	4	102408	1	5
102417	8	526516	28	36
102418	2	316133	5	7
102423	3	102422	1	4
102427	1	102426	2	3
102438	6	102437	5	11
102442	3	102441	3	6
102455	5	102454	2	7
102485	4	102484	5	9
102490	7	526618	2	9
102503	3	102502	54	57
102540	5	102539	2	7
102548	1	102547	1	2
102551	1	102550	1	2
102565	1	102564	1	2
102575	4	526787	11	15
102583	3	526804	1	4
102589	5	102588	8	13
102624	5	102623	3	8
102633	2	102632	6	8
102641	10	102640	11	21
102702	4	102701	6	10
102707	4	102706	1	5
102779	5	102778	1	6
102791	1	102790	7	8
102803	1	102802	4	5
102807	5	527037	5	10
102821	2	102820	1	3
102825	11	102824	11	22
102842	2	102841	10	12
102844	7	527083	6	13
102855	14	102854	8	22
102856	1	527086	7	8
102864	5	316246	3	8
102875	1	527125	15	16
102894	1	316255	1	2
102896	1	527153	2	3
102907	12	527179	9	21
102954	9	527238	5	14
102959	3	527263	8	11
103071	10	103070	10	20
103133	2	527546	2	4
103149	20	103148	3	23
103231	9	527695	3	12
103536	1	103535	1	2
103570	1	103569	1	2
103578	2	103577	1	3
103596	2	103595	1	3
103602	1	103601	4	5
103607	1	103606	1	2
103612	6	103611	1	7
103618	1	528407	7	8
103635	3	103634	1	4
103643	2	103642	1	3
103699	3	528606	5	8
103714	7	103713	1	8
103715	1	528641	3	4
103720	5	103719	6	11
103734	4	103733	2	6
103770	1	528704	4	5
103771	2	528705	5	7
103785	1	528724	4	5
103790	1	528736	2	3
103803	1	103802	2	3
103805	11	103804	5	16
103813	1	103812	1	2
103816	6	103815	4	10
103831	6	528776	10	16
103883	6	528878	1	7
103886	4	103885	4	8
103896	12	103895	1	13
103905	1	103904	14	15
103910	6	103909	11	17
103912	13	103911	3	16
103945	6	103944	8	14
103948	3	528959	7	10
103958	2	103957	7	9
103981	4	103980	5	9
104007	3	529101	4	7
104058	5	529210	8	13
104070	2	104069	7	9
104081	6	104080	1	7
104091	8	104090	7	15
104113	3	529286	4	7
104120	1	104119	6	7
104123	3	529308	7	10
104152	1	104151	1	2
104161	3	104160	4	7
104176	9	529416	4	13
104239	2	104238	5	7
104253	6	104252	4	10
104262	9	529572	1	10
104275	1	529633	2	3
104322	10	104321	14	24
104393	2	104392	1	3
104437	1	530126	1	2
104452	2	530164	1	3
104495	2	104494	1	3
104571	3	530459	1	4
104583	52	530526	1	53
104588	2	530538	1	3
104681	26	530825	6	32
104777	1	316889	1	2
104778	1	531157	1	2
104792	1	104791	3	4
104855	1	531286	3	4
104870	1	104869	4	5
104872	1	104871	1	2
104879	1	104878	2	3
104886	4	104885	10	14
104887	6	531317	6	12
104900	8	531327	4	12
104901	9	531336	8	17
104908	3	531353	7	10
104934	3	104933	2	5
104954	1	104953	7	8
104955	1	531421	6	7
104969	1	104968	2	3
104987	9	104986	5	14
105002	8	316928	4	12
105012	1	105011	1	2
105046	7	105045	8	15
105057	7	105056	1	8
105062	2	105061	3	5
105072	7	105071	4	11
105074	2	531541	7	9
105077	2	531551	6	8
105089	1	531570	6	7
105123	2	316952	1	3
105125	1	316953	3	4
105128	4	105127	2	6
105138	11	531619	9	20
105186	3	105185	1	4
105235	5	105234	3	8
105275	9	105274	6	15
105276	9	531819	8	17
105281	5	105280	9	14
105287	4	105286	3	7
105291	6	531830	6	12
105293	4	531834	7	11
105297	2	105296	2	4
105311	5	531840	6	11
105318	10	105317	1	11
105333	1	105332	6	7
105336	3	531917	2	5
105346	1	105345	1	2
105353	4	317012	1	5
105360	1	531946	8	9
105362	4	105361	2	6
105379	5	105378	9	14
105388	3	531965	2	5
105402	8	105401	5	13
105409	7	532007	9	16
105415	6	532010	8	14
105419	4	105418	2	6
105430	12	105429	5	17
105442	3	105441	5	8
105452	3	105451	6	9
105469	6	532060	3	9
105475	6	105474	1	7
105481	3	105480	3	6
105482	3	532076	6	9
105483	11	532078	15	26
105491	9	105490	6	15
105496	5	105495	5	10
105506	7	532095	6	13
105515	6	105514	8	14
105517	2	105516	3	5
105530	2	105529	3	5
105535	4	105534	5	9
105544	4	105543	6	10
105552	1	532132	10	11
105554	2	317066	3	5
105558	3	105557	2	5
105567	5	105566	7	12
105578	2	105577	3	5
105621	9	532267	1	10
105637	8	105636	8	16
105654	2	532309	5	7
105657	6	532314	4	10
105659	3	105658	1	4
105706	8	532398	4	12
105712	1	105711	8	9
105717	2	105716	9	11
105732	7	105731	6	13
105779	1	105778	1	2
105808	2	105807	1	3
105829	3	105828	2	5
105833	2	105832	5	7
105840	1	532542	3	4
105860	7	105859	9	16
105865	6	105864	5	11
105877	6	532590	11	17
105917	1	105916	1	2
105942	2	317141	3	5
105947	5	105946	3	8
105949	1	105948	14	15
105969	5	532691	3	8
105978	3	532704	14	17
105980	10	105979	5	15
105995	8	317155	4	12
106026	12	317161	10	22
106028	8	532776	13	21
106063	5	106062	5	10
106094	11	106093	10	21
106100	10	532854	8	18
106104	12	106103	1	13
106106	2	532864	15	17
106112	1	106111	6	7
106114	3	532869	9	12
106118	4	106117	2	6
106124	1	106123	4	5
106129	9	106128	10	19
106134	4	106133	7	11
106160	3	106159	9	12
106178	10	106177	9	19
106179	4	317192	6	10
106188	11	106187	10	21
106215	6	877535	11	17
106236	8	106235	10	18
106242	1	106241	2	3
106249	4	317205	7	11
106275	5	106274	2	7
106276	1	533033	5	6
106286	3	877564	1	4
106293	4	106292	16	20
106298	12	106297	3	15
106317	4	106316	1	5
106319	7	106318	5	12
106322	2	106321	1	3
106343	5	106342	2	7
106344	6	317222	2	8
106346	2	106345	1	3
106348	1	106347	4	5
106358	2	106357	1	3
106368	1	106367	2	3
106372	2	106371	3	5
106400	2	106399	2	4
106404	1	106403	1	2
106409	2	317245	1	3
106449	7	533187	4	11
106464	4	533212	7	11
106470	4	106469	2	6
106472	3	106471	7	10
106500	2	106499	4	6
106504	10	106503	4	14
106515	3	106514	2	5
106518	4	533315	1	5
106559	1	533378	1	2
106564	3	533380	2	5
106567	11	106566	2	13
106569	6	106568	1	7
106640	17	106639	13	30
106659	2	106658	1	3
106663	2	106662	1	3
106671	2	106670	4	6
106673	5	106672	8	13
106685	2	533482	2	4
106694	4	533493	8	12
106717	5	106716	7	12
106722	5	106721	7	12
106737	5	106736	4	9
106745	3	533540	1	4
106753	3	106752	5	8
106764	7	106763	5	12
106779	4	106778	3	7
106790	1	106789	4	5
106792	1	106791	4	5
106811	4	533597	5	9
106833	9	106832	6	15
106858	7	533635	1	8
106869	4	106868	4	8
106875	1	533649	5	6
106901	4	533690	4	8
106906	6	106905	1	7
106911	1	106910	4	5
106914	6	533696	6	12
106929	6	533700	6	12
106946	5	106945	7	12
106950	10	106949	5	15
106959	7	533709	11	18
106961	10	106960	2	12
106975	10	533729	6	16
106982	6	533739	7	13
106990	7	106989	3	10
107009	1	317377	2	3
107020	4	533799	6	10
107031	2	107030	6	8
107044	2	107043	2	4
107057	10	107056	3	13
107087	4	533878	8	12
107102	6	107101	3	9
107110	5	533920	5	10
107146	4	107145	4	8
107210	3	534059	9	12
107244	5	534109	4	9
107252	6	534128	1	7
107283	5	534171	4	9
107339	10	534205	7	17
107342	7	107341	3	10
107359	3	317461	9	12
107362	3	107361	5	8
107364	3	534237	6	9
107370	6	107369	1	7
107381	5	107380	2	7
107389	10	107388	2	12
107391	5	107390	7	12
107397	2	534278	6	8
107398	1	534279	4	5
107406	3	107405	6	9
107410	5	107409	5	10
107417	1	107416	3	4
107427	6	107426	5	11
107537	5	107536	4	9
107561	6	107560	8	14
107605	2	107604	4	6
107627	2	534559	9	11
107633	3	107632	3	6
107661	9	534604	6	15
107690	2	107689	3	5
107691	10	534658	5	15
107694	3	107693	9	12
107697	4	107696	7	11
107729	18	534721	3	21
107741	6	534733	14	20
107755	10	534755	5	15
107783	4	107782	3	7
107786	4	107785	4	8
107788	3	534787	5	8
107790	4	107789	1	5
107799	3	107798	2	5
107802	3	107801	4	7
107806	4	107805	2	6
107818	4	534819	3	7
107841	1	107840	3	4
107843	2	107842	5	7
107847	2	107846	3	5
107862	12	107861	4	16
107869	5	107868	4	9
107886	1	107885	5	6
107888	5	107887	3	8
107900	3	107899	3	6
107904	4	107903	5	9
107920	8	534892	1	9
107928	2	317589	2	4
107953	5	107952	5	10
107966	4	534947	12	16
107975	8	107974	5	13
107988	5	107987	3	8
108065	4	535068	7	11
108066	5	535075	17	22
108072	4	535086	10	14
108078	1	535087	2	3
108080	3	108079	2	5
108081	1	535091	4	5
108087	1	535096	5	6
108097	5	535122	3	8
108118	3	108117	1	4
108121	2	108120	1	3
108161	4	535181	4	8
108164	3	108163	3	6
108168	2	108167	5	7
108197	5	108196	4	9
108202	4	108201	3	7
108215	2	535244	4	6
108223	9	108222	7	16
108226	7	108225	4	11
108248	3	108247	3	6
108281	2	317678	8	10
108290	1	108289	2	3
108315	2	108314	1	3
108318	1	108317	3	4
108323	1	108322	1	2
108350	3	317692	3	6
108362	1	535399	1	2
108371	8	108370	3	11
108418	1	108417	2	3
108428	1	535437	4	5
108439	4	108438	1	5
108448	1	108447	3	4
108450	4	108449	4	8
108463	1	317716	1	2
108480	1	108479	3	4
108512	1	108511	2	3
108524	6	108523	2	8
108560	4	108559	1	5
108588	5	535569	4	9
108600	4	108599	1	5
108634	5	108633	4	9
108644	15	108643	1	16
108647	2	108646	4	6
108661	2	317771	1	3
108672	12	108671	5	17
108676	6	108675	6	12
108680	8	108679	6	14
108683	11	535613	6	17
108689	7	108688	3	10
108705	2	535627	4	6
108708	4	108707	2	6
108722	3	108721	1	4
108736	4	108735	2	6
108749	3	535659	1	4
108753	4	108752	5	9
108758	4	108757	1	5
108761	4	108760	1	5
108768	1	108767	2	3
108773	1	108772	1	2
108796	3	108795	2	5
108800	1	108799	1	2
108804	3	108803	7	10
108862	3	535722	6	9
108868	1	108867	1	2
108871	2	108870	2	4
108886	1	108885	1	2
108903	4	108902	2	6
108932	4	108931	3	7
108951	4	108950	5	9
108962	5	108961	3	8
108987	5	108986	5	10
108989	4	108988	6	10
108994	1	108993	4	5
108998	1	317857	2	3
109012	1	109011	1	2
109019	1	535884	1	2
109027	4	109026	3	7
109039	3	109038	1	4
109088	3	109087	1	4
109090	3	109089	6	9
109123	12	109121	8	20
109149	1	109148	1	2
109169	6	878777	4	10
109172	2	536049	1	3
109185	1	109184	1	2
109187	9	536072	6	15
109189	6	536073	4	10
109199	3	109198	6	9
109204	4	536092	5	9
109211	5	109210	2	7
109212	4	536111	2	6
109242	11	109241	6	17
109248	3	109247	9	12
109269	3	109268	2	5
109275	5	109274	3	8
109289	2	109288	1	3
109308	1	109307	1	2
109312	1	536232	2	3
109336	3	109335	6	9
109347	6	109346	3	9
109369	4	109368	2	6
109375	2	109374	4	6
109413	5	109412	5	10
109464	3	109463	1	4
109468	1	109467	3	4
109475	2	109474	5	7
109477	2	317982	3	5
109483	2	536415	8	10
109489	4	109488	1	5
109506	5	109505	4	9
109525	6	536438	2	8
109542	6	109541	5	11
109564	2	109563	2	4
109572	2	536481	8	10
109574	9	536484	11	20
109586	5	109585	13	18
109595	2	109594	2	4
109606	9	536503	6	15
109629	1	536522	4	5
109641	12	109640	2	14
109643	2	109642	4	6
109646	3	109645	4	7
109650	8	109649	1	9
109664	8	109663	14	22
109671	3	109670	2	5
109674	1	536548	8	9
109687	8	536557	6	14
109695	8	109694	2	10
109701	10	536567	4	14
109706	6	109705	2	8
109714	8	109713	6	14
109733	2	109732	3	5
109746	3	109745	3	6
109747	10	536628	1	11
109774	13	109773	1	14
109801	1	109800	1	2
109819	4	109818	1	5
109834	2	109833	3	5
109851	3	109850	1	4
109856	2	109855	1	3
109875	2	109874	2	4
109880	8	109879	6	14
109889	2	536775	2	4
109907	1	536792	1	2
109909	2	109908	1	3
109911	4	109910	6	10
109915	6	536804	9	15
109927	3	109926	2	5
109945	4	109944	3	7
109956	1	109955	13	14
109989	1	109988	3	4
110013	4	110012	2	6
110019	1	110018	3	4
110024	1	110023	7	8
110027	4	536920	3	7
110033	3	110032	4	7
110040	4	110039	6	10
110042	6	110041	1	7
110050	3	110049	2	5
110059	2	110058	4	6
110065	3	110064	4	7
110067	2	110066	2	4
110124	9	110123	4	13
110145	3	110144	4	7
110150	2	110149	7	9
110152	7	110151	6	13
110158	6	110157	2	8
110164	2	110163	5	7
110167	3	537050	3	6
110172	3	537054	3	6
110186	3	110185	1	4
110191	11	110190	2	13
110197	5	110196	5	10
110207	2	110206	2	4
110211	5	537084	7	12
110218	5	110217	12	17
110253	2	110252	6	8
110261	1	537135	2	3
110307	7	110306	6	13
110322	3	110321	1	4
110343	1	110342	1	2
110351	4	110350	1	5
110357	6	110356	3	9
110360	4	110359	5	9
110373	2	110372	3	5
110389	4	110388	6	10
110423	1	110422	1	2
110425	2	110424	2	4
110447	9	537328	4	13
110449	1	110448	1	2
110452	7	110451	2	9
110499	2	110498	2	4
110505	5	110504	6	11
110507	2	110506	1	3
110517	3	537406	4	7
110530	4	110529	1	5
110543	4	110542	6	10
110563	2	110562	1	3
110572	7	110571	3	10
110577	4	110576	5	9
110586	6	110585	5	11
110592	4	537468	7	11
110594	1	110593	5	6
110602	7	110601	3	10
110608	3	110607	2	5
110628	2	318285	3	5
110631	10	537532	3	13
110649	1	110648	2	3
110660	4	537594	6	10
110705	8	537673	4	12
110718	2	110717	4	6
110729	2	110728	15	17
110735	5	318304	1	6
110737	6	537711	2	8
110756	8	110755	10	18
110758	10	537742	1	11
110767	4	110766	5	9
110775	1	110774	2	3
110780	1	110779	1	2
110815	1	110814	5	6
110825	6	110824	6	12
110836	1	318326	2	3
110843	3	537822	1	4
110871	1	110870	1	2
110911	3	110910	3	6
110919	2	110918	4	6
110923	6	110922	1	7
110933	1	110932	1	2
110951	4	110950	4	8
110963	5	537933	5	10
110980	4	110979	1	5
110983	1	537956	3	4
111033	1	538040	2	3
111037	2	111036	3	5
111039	2	111038	1	3
111040	4	538046	8	12
111043	5	538049	5	10
111070	8	111069	2	10
111095	16	538117	9	25
111111	2	111110	2	4
111116	3	538136	1	4
111123	4	538153	4	8
111152	5	111151	5	10
111161	1	111160	2	3
111181	6	111180	2	8
111207	11	111206	6	17
111219	8	111218	1	9
111232	5	111231	2	7
111246	8	111245	5	13
111266	20	111265	4	24
111270	1	111269	3	4
111296	3	111295	10	13
111298	6	111297	2	8
111328	2	318447	1	3
111330	1	111329	3	4
111348	7	111347	1	8
111354	3	111353	4	7
111360	8	538433	4	12
111381	6	111380	6	12
111399	1	111398	3	4
111414	2	111413	1	3
111422	1	111421	1	2
111427	4	111426	1	5
111476	1	318477	10	11
111483	7	111482	5	12
111490	4	538542	10	14
111496	6	538544	5	11
111506	5	111505	4	9
111508	1	111507	1	2
111522	2	111521	2	4
111540	3	111539	13	16
111543	3	538586	12	15
111552	4	111551	3	7
111556	1	111555	1	2
111594	3	318505	2	5
111611	4	111610	2	6
111614	3	111613	2	5
111632	1	538644	2	3
111635	2	538645	1	3
111649	3	111648	5	8
111654	6	538673	5	11
111697	4	538713	4	8
111703	1	111702	3	4
111711	4	538729	17	21
111751	7	111750	7	14
111761	9	111760	8	17
111771	6	111770	2	8
111773	2	111772	1	3
111806	7	538825	5	12
111809	2	538829	6	8
111814	4	111813	7	11
111875	10	538923	2	12
111880	9	538926	5	14
111884	6	538944	10	16
111932	4	111931	3	7
111933	3	539002	5	8
111935	9	318580	4	13
111945	8	318583	2	10
111951	7	539033	15	22
111953	6	539039	7	13
111954	8	539040	5	13
111978	6	539086	2	8
112004	2	112003	4	6
112007	1	112006	2	3
112012	3	112011	2	5
112014	4	112013	2	6
112019	8	112018	1	9
112023	9	539117	7	16
112034	3	539128	3	6
112059	3	112058	6	9
112064	7	112063	5	12
112086	8	539197	16	24
112120	5	539217	11	16
112153	7	539244	14	21
112165	4	112164	4	8
112169	2	539253	5	7
112173	4	112172	4	8
112175	8	112174	6	14
112181	4	112180	8	12
112186	6	112185	4	10
112188	5	112187	1	6
112211	4	112210	2	6
112245	1	112244	2	3
112259	3	112258	2	5
112261	3	112260	3	6
112277	20	112276	4	24
112294	2	112293	5	7
112298	1	112297	2	3
112304	2	112303	2	4
112324	2	112323	6	8
112325	2	318664	3	5
112343	2	539378	2	4
112345	2	112344	2	4
112362	6	539404	8	14
112381	2	880199	7	9
112386	2	539441	4	6
112391	2	112390	5	7
112414	1	112413	2	3
112427	1	112426	4	5
112429	1	112428	3	4
112442	2	112441	3	5
112461	3	539529	3	6
112464	1	112463	3	4
112482	2	112481	1	3
112485	3	539550	1	4
112495	11	539560	2	13
112503	1	112502	4	5
112505	3	112504	3	6
112525	1	112524	1	2
112567	1	539629	3	4
112579	2	539649	7	9
112588	5	112587	12	17
112627	2	112626	1	3
112631	3	112630	4	7
112633	2	539696	4	6
112635	5	112634	9	14
112640	9	539699	6	15
112650	2	318733	6	8
112652	6	539725	4	10
112661	13	112660	1	14
112680	3	112679	1	4
112695	6	112694	3	9
112721	3	112720	1	4
112729	3	112728	2	5
112731	2	112730	2	4
112741	1	112740	3	4
112743	6	318762	3	9
112762	2	112761	2	4
112765	3	112764	5	8
112779	4	539825	3	7
112785	4	539827	4	8
112815	3	112814	1	4
112819	4	112818	3	7
112825	3	112824	4	7
112829	5	539852	1	6
112830	3	1040473	2	5
112837	1	112836	3	4
112850	6	539875	1	7
112862	2	539901	5	7
112892	3	112891	3	6
112897	10	112896	3	13
112901	3	112900	1	4
112903	2	112902	12	14
112910	1	112909	5	6
112922	3	112921	9	12
112929	3	112928	6	9
112979	5	112978	4	9
112983	2	112982	3	5
113004	4	113003	4	8
113006	4	113005	3	7
113008	1	113007	3	4
113010	4	113009	5	9
113015	5	318814	6	11
113018	5	113017	2	7
113026	2	113025	4	6
113050	1	540095	1	2
113052	1	113051	1	2
113065	1	540116	1	2
113101	6	113100	3	9
113116	2	318841	3	5
113127	2	318845	3	5
113142	1	540236	1	2
113147	5	113146	2	7
113176	4	113175	2	6
113196	2	113195	6	8
113206	4	113205	8	12
113226	5	113225	3	8
113248	3	113247	5	8
113272	11	318883	13	24
113276	4	540388	6	10
113287	4	540392	14	18
113304	2	113303	1	3
113335	5	113334	4	9
113345	4	318909	4	8
113350	1	113349	2	3
113422	1	113421	1	2
113423	1	540583	2	3
113427	3	113426	2	5
113473	4	113472	2	6
113479	7	113478	2	9
113509	3	113508	1	4
113514	2	113513	2	4
113524	3	113523	1	4
113535	2	540667	4	6
113538	1	113537	2	3
113548	5	113547	1	6
113559	1	113558	2	3
113568	1	540690	1	2
113571	1	113570	4	5
113596	3	113595	3	6
113600	4	113599	3	7
113604	1	113603	5	6
113617	2	113616	3	5
113619	4	113618	1	5
113628	1	540733	3	4
113633	1	113632	1	2
113648	1	113647	3	4
113664	1	113663	3	4
113671	1	540751	1	2
113687	3	113686	1	4
113693	2	113692	3	5
113729	1	113728	1	2
113775	6	113774	2	8
113787	1	113786	3	4
113795	1	113794	2	3
113809	14	540910	19	33
113815	1	113814	1	2
113834	4	113833	5	9
113877	2	113876	2	4
113889	3	540991	4	7
113906	4	541010	1	5
113924	3	113923	5	8
113925	6	319050	7	13
113944	5	113943	5	10
113946	3	541065	9	12
113955	5	113954	1	6
113962	1	113961	2	3
113983	2	113982	2	4
113992	15	541100	2	17
113997	2	541107	5	7
114005	1	114004	6	7
114010	4	114009	3	7
114014	1	114013	1	2
114040	1	114039	6	7
114045	2	114044	16	18
114047	3	319080	6	9
114050	1	541163	2	3
114064	2	319085	3	5
114070	5	114069	1	6
114087	5	114086	2	7
114100	3	114099	2	5
114115	1	541213	2	3
114125	1	541228	5	6
114129	1	114128	3	4
114155	7	114154	5	12
114158	10	114157	4	14
114177	7	114176	16	23
114184	2	114183	4	6
114215	2	541312	1	3
114244	2	114243	5	7
114247	1	114246	4	5
114252	2	114251	2	4
114268	6	114267	3	9
114286	10	541392	3	13
114302	1	114301	1	2
114341	1	114340	2	3
114353	2	114352	4	6
114356	4	114355	1	5
114361	2	541512	11	13
114408	1	541550	3	4
114430	1	114429	2	3
114432	2	541594	4	6
114444	1	114443	3	4
114471	1	114470	3	4
114476	2	541659	4	6
114485	4	114484	19	23
114497	7	541693	12	19
114499	7	114498	5	12
114507	4	541720	3	7
114526	3	114525	1	4
114528	2	881145	6	8
114545	4	114544	9	13
114554	3	541816	3	6
114577	5	114576	3	8
114593	1	114592	7	8
114595	1	114594	1	2
114605	7	114604	2	9
114618	2	114617	2	4
114626	9	541959	5	14
114627	1	541961	3	4
114664	8	542033	2	10
114736	3	114735	1	4
114739	6	542169	3	9
114744	1	114743	1	2
114751	3	114750	2	5
114758	1	114757	1	2
114760	1	114759	1	2
114769	2	542238	30	32
114785	6	542265	2	8
114787	5	542267	2	7
114806	3	542315	6	9
114813	5	114812	1	6
114825	2	114824	4	6
114833	4	114832	2	6
114859	1	542432	3	4
114872	2	542489	1	3
114893	4	542511	2	6
114895	6	542516	3	9
114900	11	542520	5	16
114907	2	114906	4	6
114910	1	114909	4	5
114916	1	114915	1	2
114920	5	114919	3	8
114930	6	319283	6	12
114935	3	114934	1	4
114950	3	542575	2	5
114955	7	114954	4	11
114979	4	542592	3	7
114984	4	114983	1	5
114991	2	114990	1	3
114993	3	542603	3	6
115018	2	542647	7	9
115024	3	115023	2	5
115040	5	115039	1	6
115042	2	542675	2	4
115068	2	542712	2	4
115078	1	115077	1	2
115095	1	115094	1	2
115122	2	542806	6	8
115138	1	542843	5	6
115171	3	115170	1	4
115205	5	115204	4	9
115209	4	542982	5	9
115211	1	881619	1	2
115233	4	543062	7	11
115237	3	543066	5	8
115255	2	115254	11	13
115269	2	115268	9	11
115274	4	115273	4	8
115292	4	543225	3	7
115347	3	115346	3	6
115354	2	115353	1	3
115365	1	115364	5	6
115371	1	115370	8	9
115379	4	115378	1	5
115389	3	543344	4	7
115397	1	543346	1	2
115400	5	115399	2	7
115420	5	115419	4	9
115429	4	319389	5	9
115436	3	115435	2	5
115451	10	543421	2	12
115465	2	543439	1	3
115468	3	115467	5	8
115484	1	543462	2	3
115499	2	115498	2	4
115503	8	115502	3	11
115509	1	543509	3	4
115526	3	115525	2	5
115537	9	319418	6	15
115539	10	115538	4	14
115557	4	543611	1	5
115612	5	543727	4	9
115637	3	115636	3	6
115665	2	115664	2	4
115679	2	543930	4	6
115706	3	543964	2	5
115710	4	115709	3	7
115718	7	115717	3	10
115734	1	115733	2	3
115738	2	544047	1	3
115749	3	115748	1	4
115752	1	115751	2	3
115756	1	544070	7	8
115781	1	115780	2	3
115806	6	115805	4	10
115814	1	544188	1	2
115837	2	544247	3	5
115850	3	544296	18	21
115867	2	115866	6	8
115870	3	544333	9	12
115880	2	115879	2	4
115887	2	115886	2	4
115894	4	115893	1	5
115898	5	544359	12	17
115927	4	544433	8	12
115942	6	115941	1	7
115960	2	544503	12	14
115974	1	544550	7	8
115977	2	319548	3	5
115997	2	544609	3	5
115999	3	544618	3	6
116004	3	116003	4	7
116019	1	116018	4	5
116042	3	544685	7	10
116048	1	319572	2	3
116056	6	319576	5	11
116064	4	544737	6	10
116068	4	116067	3	7
116072	3	544743	4	7
116115	7	116114	2	9
116123	9	544860	12	21
116125	1	544863	8	9
116127	6	116126	8	14
116153	4	544931	2	6
116159	3	116158	2	5
116165	2	116164	3	5
116170	4	116169	7	11
116206	2	116205	1	3
116227	1	116226	4	5
116267	1	545300	5	6
116269	5	319639	7	12
116279	1	116278	1	2
116292	3	116291	2	5
116319	2	116318	2	4
116325	2	116324	3	5
116329	11	545446	9	20
116362	4	545636	2	6
116398	6	545794	6	12
116401	1	545822	10	11
116487	3	319705	1	4
116505	2	116504	1	3
116514	1	546100	4	5
116523	1	546112	9	10
116547	5	116546	2	7
116558	1	116557	3	4
116564	6	546286	7	13
116596	1	546417	5	6
116599	4	116598	5	9
116609	5	319751	3	8
116615	5	116614	4	9
116618	6	546472	7	13
116625	7	546493	9	16
116632	5	116631	2	7
116687	4	546748	1	5
116720	4	546847	7	11
116741	8	319790	4	12
116744	5	546911	15	20
116748	3	116747	5	8
116772	1	116771	2	3
116775	25	116774	3	28
116789	9	546978	3	12
116792	2	116791	1	3
116817	2	116816	4	6
116823	1	116822	3	4
116833	5	547055	2	7
116841	3	116840	1	4
116865	1	116864	2	3
116884	3	547192	5	8
116915	6	116914	4	10
116918	8	547230	8	16
116940	1	116939	6	7
116954	3	547277	3	6
117022	9	117021	2	11
117048	5	319891	3	8
117068	2	547598	23	25
117081	4	547637	7	11
117090	3	547661	4	7
117091	4	547662	4	8
117096	2	117095	9	11
117111	3	547710	13	16
117136	6	117135	9	15
117143	1	117142	1	2
117159	1	117158	2	3
117165	2	547828	4	6
117193	3	117192	2	5
117201	2	117200	5	7
117208	1	117207	2	3
117223	4	117222	5	9
117228	6	117227	2	8
117233	8	117232	3	11
117237	1	117236	3	4
117248	11	547986	22	33
117269	1	883472	1	2
117270	1	548022	2	3
117281	5	319937	5	10
117305	2	548079	23	25
117315	3	117314	4	7
117329	3	117328	2	5
117332	1	319948	3	4
117345	4	117344	2	6
117359	5	117358	5	10
117402	1	883562	3	4
117405	1	548251	13	14
117411	1	548270	6	7
117413	2	117412	6	8
117437	3	117436	1	4
117444	1	548330	9	10
117453	1	548342	5	6
117480	2	117479	1	3
117522	4	548434	2	6
117523	1	548435	1	2
117534	5	117533	14	19
117537	4	117536	11	15
117556	2	117555	6	8
117562	1	548513	8	9
117570	5	117569	4	9
117599	5	548567	4	9
117635	2	117634	1	3
117637	1	117636	1	2
117642	5	117641	4	9
117657	9	117656	2	11
117680	2	320040	6	8
117687	1	117686	4	5
117700	2	320046	4	6
117724	7	117723	1	8
117725	3	548766	11	14
117735	8	117734	7	15
117741	3	117740	11	14
117742	5	548819	8	13
117744	6	117743	4	10
117752	2	117751	1	3
117754	7	117753	9	16
117762	2	117761	3	5
117770	4	117769	3	7
117776	61	117775	3	64
117785	5	117784	2	7
117844	3	117843	6	9
117848	4	548927	6	10
117871	2	883848	5	7
117875	7	117874	5	12
117882	7	548984	7	14
117920	2	117919	3	5
117933	1	117932	2	3
118030	3	549367	4	7
118046	1	118045	1	2
118056	3	549418	2	5
118067	3	118066	1	4
118091	2	549461	2	4
118094	3	118093	2	5
118125	1	118124	5	6
118179	5	549635	12	17
118239	6	884210	5	11
118289	7	549873	7	14
118318	3	118317	1	4
118349	7	549969	11	18
118358	7	118357	4	11
118367	1	118366	3	4
118427	2	118426	3	5
118449	4	550153	6	10
118451	16	320267	3	19
118479	7	550231	7	14
118488	1	118487	2	3
118499	1	118498	2	3
118504	1	118503	3	4
118516	7	550292	1	8
118541	8	118540	1	9
118556	1	320292	5	6
118583	13	118582	2	15
118593	1	118592	3	4
118605	2	118604	3	5
118695	6	118694	7	13
118708	2	118707	2	4
118711	2	118710	1	3
118718	2	550703	1	3
118721	6	550706	2	8
118722	1	550712	1	2
118724	3	320352	12	15
118727	5	118726	1	6
118751	1	550798	3	4
118776	2	118775	5	7
118833	2	118832	7	9
118850	5	551013	10	15
118876	5	118875	2	7
118882	1	551048	7	8
118897	5	551083	6	11
118900	1	118899	2	3
118943	3	551116	9	12
118947	4	551122	5	9
118953	3	118952	2	5
118961	4	118960	3	7
118965	1	118964	2	3
118976	2	118975	1	3
118979	3	551165	4	7
118985	2	118984	1	3
118994	3	551179	6	9
119046	5	551225	3	8
119061	3	119060	1	4
119065	1	119064	2	3
119071	1	551258	3	4
119084	2	884835	4	6
119090	4	119089	2	6
119096	1	320459	1	2
119124	2	119123	6	8
119126	2	119125	2	4
119128	2	119127	1	3
119130	2	119129	8	10
119135	1	119134	2	3
119139	3	119138	2	5
119140	3	551315	1	4
119154	4	551333	1	5
119160	2	119159	4	6
119161	3	551348	9	12
119168	2	119167	4	6
119191	3	119190	1	4
119222	1	119221	4	5
119248	2	119247	9	11
119249	9	320495	6	15
119263	2	119262	2	4
119276	2	119275	3	5
119287	1	119286	1	2
119325	6	119324	2	8
119337	4	551541	8	12
119342	3	119341	1	4
119370	1	551589	10	11
119372	15	119371	2	17
119374	1	551592	2	3
119375	3	551597	5	8
119384	2	119383	2	4
119392	1	551612	3	4
119400	4	119399	3	7
119407	3	119406	2	5
119423	10	119422	1	11
119433	3	119432	1	4
119445	8	119444	1	9
119462	6	119461	1	7
119464	3	119463	7	10
119493	2	119492	2	4
119499	1	320561	7	8
119516	3	119515	2	5
119517	27	551689	6	33
119520	1	119519	2	3
119526	1	119525	1	2
119539	3	119538	1	4
119588	14	119587	7	21
119599	8	119598	4	12
119601	4	119600	3	7
119602	14	551804	6	20
119649	10	551872	9	19
119655	13	119654	11	24
119672	4	551933	4	8
119676	6	119675	7	13
119677	1	551943	4	5
119681	9	551949	5	14
119686	6	119685	1	7
119707	1	119706	3	4
119720	2	119719	2	4
119743	4	552044	3	7
119760	1	552062	5	6
119767	3	552065	2	5
119771	3	119770	2	5
119773	6	119772	1	7
119782	2	119781	30	32
119792	2	552078	3	5
119815	1	119814	1	2
119816	6	552109	8	14
119835	5	119834	2	7
119848	1	119847	2	3
119858	1	119857	1	2
119862	3	119861	3	6
119992	1	119991	7	8
119995	11	320696	26	37
120001	3	120000	3	6
120033	10	120032	2	12
120035	8	552256	13	21
120050	4	120049	1	5
120065	2	120064	3	5
120075	3	120074	5	8
120091	8	120090	5	13
120110	3	120109	5	8
120116	8	120115	6	14
120118	3	120117	1	4
120138	2	120137	1	3
120140	7	552392	3	10
120175	1	120174	11	12
120185	5	120184	1	6
120187	2	552441	3	5
120192	4	552445	3	7
120211	2	120210	1	3
120213	1	120212	4	5
120222	4	120221	4	8
120235	6	552492	2	8
120246	2	552504	6	8
120269	2	120268	1	3
120291	12	120290	1	13
120314	3	552603	1	4
120315	3	552604	8	11
120322	9	120321	10	19
120380	4	120379	1	5
120388	3	120387	2	5
120434	5	120433	3	8
120456	5	120455	2	7
120472	2	120471	2	4
120475	4	120474	1	5
120481	3	552860	7	10
120520	1	120519	3	4
120526	4	552934	11	15
120545	6	320819	4	10
120557	3	120556	5	8
120568	1	552985	3	4
120583	1	120582	8	9
120596	2	120595	4	6
120606	3	120605	2	5
120616	4	120615	3	7
120635	4	553097	5	9
120657	5	553130	3	8
120662	3	120661	7	10
120701	5	120700	1	6
120718	2	120717	4	6
120732	3	553258	8	11
120745	10	553276	6	16
120758	1	553305	6	7
120761	4	120760	3	7
120762	9	553306	5	14
120786	1	120785	3	4
120793	2	120792	3	5
120795	2	120794	6	8
120797	3	120796	2	5
120810	2	120809	3	5
120818	6	120817	6	12
120826	1	553393	8	9
120834	2	320879	8	10
120893	5	120892	6	11
120908	2	120907	1	3
120910	3	120909	2	5
120911	1	553466	2	3
120924	2	120923	9	11
120942	6	120941	3	9
120955	1	553514	1	2
120967	3	553538	7	10
120978	3	553560	12	15
120983	5	120982	9	14
120994	8	120993	9	17
121003	4	553598	5	9
121041	1	121040	5	6
121062	3	553688	4	7
121076	1	320937	8	9
121119	26	553758	40	66
121176	6	553832	5	11
121179	2	553834	1	3
121194	3	121193	1	4
121198	3	121197	6	9
121206	1	121205	10	11
121212	1	121211	5	6
121215	4	121214	2	6
121227	1	121226	6	7
121268	3	121267	1	4
121297	1	321019	1	2
121309	1	321026	2	3
121313	2	553995	1	3
121314	2	553996	2	4
121320	9	554007	1	10
121343	1	121342	3	4
121353	2	554053	7	9
121358	1	121357	4	5
121362	7	121361	4	11
121365	3	121364	2	5
121373	35	121372	5	40
121376	1	121375	1	2
121378	2	121377	9	11
121393	7	121392	1	8
121395	5	554100	7	12
121398	3	554104	11	14
121448	6	121447	1	7
121451	4	121450	3	7
121457	3	121456	3	6
121466	3	554194	23	26
121473	2	554210	7	9
121478	1	121477	2	3
121527	6	321089	4	10
121549	6	554294	11	17
121568	4	554325	7	11
121587	10	121585	17	27
121600	5	121599	2	7
121603	2	121602	3	5
121628	13	121627	2	15
121640	12	554419	18	30
121641	6	554420	8	14
121645	5	321124	7	12
121654	7	121653	9	16
121711	4	121710	9	13
121725	3	121724	5	8
121737	6	321151	10	16
121742	5	121741	1	6
121761	2	121760	15	17
121767	6	321159	46	52
121804	10	554651	15	25
121816	13	121815	6	19
121828	7	121827	11	18
121833	6	121832	6	12
121850	11	121849	10	21
121856	12	554740	12	24
121867	5	554781	27	32
121918	16	121917	3	19
121956	3	121955	5	8
121974	7	121973	10	17
121978	8	555005	6	14
121982	4	555012	5	9
122022	2	555081	18	20
122030	3	122029	1	4
122037	3	555110	6	9
122063	3	555144	8	11
122087	8	555180	3	11
122103	1	122102	1	2
122111	3	122110	2	5
122113	1	122112	1	2
122120	1	122119	2	3
122127	2	122126	3	5
122152	4	555251	6	10
122156	3	555262	2	5
122167	2	555282	12	14
122200	4	122199	5	9
122217	2	122216	5	7
122220	2	122219	5	7
122238	5	122237	3	8
122247	8	122246	4	12
122278	6	122277	21	27
122293	4	555440	2	6
122304	2	122303	1	3
122322	1	122321	2	3
122344	4	122343	3	7
122364	3	122363	2	5
122395	2	555530	2	4
122403	1	122402	1	2
122405	3	122404	1	4
122416	1	122415	3	4
122421	2	122420	2	4
122444	5	555560	7	12
122447	4	555561	5	9
122454	3	122453	2	5
122492	3	122491	2	5
122516	1	122515	2	3
122527	1	321355	4	5
122531	6	122530	3	9
122533	2	122532	1	3
122560	2	122559	2	4
122564	8	555716	5	13
122576	1	122575	4	5
122585	2	122584	3	5
122597	1	555742	1	2
122603	1	122602	1	2
122605	1	122604	1	2
122613	2	555762	3	5
122640	2	555788	13	15
122651	4	122650	5	9
122671	1	122670	2	3
122680	3	122679	3	6
122681	1	555837	1	2
122683	2	555838	3	5
122687	1	122686	1	2
122691	1	122690	3	4
122694	1	122693	4	5
122706	3	555874	1	4
122733	2	122732	3	5
122781	3	555969	3	6
122785	4	122784	4	8
122790	7	122789	2	9
122792	1	122791	3	4
122807	1	122806	1	2
122817	3	122816	5	8
122876	1	556071	4	5
122880	3	122879	2	5
122888	1	122887	1	2
122891	1	122890	1	2
122895	4	122894	2	6
122918	1	122917	1	2
122934	6	122933	2	8
122936	1	122935	1	2
122951	2	122950	3	5
122957	1	556176	3	4
122972	4	556190	2	6
122975	1	122974	1	2
122977	5	122976	1	6
122981	3	122980	3	6
122985	3	122984	2	5
122986	2	556195	14	16
122990	2	122989	1	3
123039	1	123038	1	2
123041	1	123040	2	3
123068	3	123067	4	7
123075	3	123074	4	7
123091	1	556288	4	5
123099	1	556295	1	2
123111	1	123110	2	3
123122	7	321496	3	10
123131	4	123130	2	6
123149	1	321505	3	4
123153	2	123151	5	7
123160	7	556355	4	11
123172	4	123171	2	6
123175	1	123174	1	2
123196	1	123195	3	4
123198	2	556420	5	7
123200	3	556423	5	8
123205	1	123204	4	5
123207	4	123206	2	6
123219	1	556427	3	4
123222	1	556432	1	2
123226	3	123225	2	5
123227	5	886943	5	10
123249	4	123248	10	14
123264	5	123263	6	11
123271	1	556464	7	8
123283	8	123282	2	10
123293	1	321538	2	3
123303	1	123302	1	2
123309	1	123308	2	3
123322	46	556515	8	54
123340	6	556528	11	17
123343	2	123342	3	5
123349	2	123348	1	3
123353	1	123352	1	2
123418	3	556602	1	4
123420	4	123419	3	7
123474	1	123473	5	6
123482	2	123481	1	3
123496	2	123495	1	3
123523	6	123522	2	8
123526	4	123525	4	8
123528	5	556682	1	6
123531	12	123530	1	13
123542	3	123541	3	6
123580	2	321610	2	4
123594	2	556742	4	6
123637	4	123636	3	7
123638	2	556797	1	3
123665	1	123664	2	3
123675	2	123674	2	4
123682	2	556824	7	9
123684	1	123683	3	4
123687	2	556827	1	3
123688	2	556829	2	4
123699	1	123698	3	4
123702	5	556854	5	10
123721	2	123720	1	3
123724	4	123723	3	7
123729	3	123728	3	6
123741	4	556896	6	10
123748	1	556915	3	4
123755	1	556922	7	8
123768	4	123767	2	6
123773	7	123772	6	13
123781	4	123780	7	11
123802	2	123801	1	3
123812	3	123811	4	7
123818	6	123817	3	9
123861	5	123860	1	6
123879	2	321672	2	4
123911	4	123910	7	11
123915	1	123914	1	2
123948	4	123947	1	5
123982	6	557140	6	12
123984	5	557141	17	22
123989	3	557149	2	5
124006	1	557183	2	3
124007	6	321701	2	8
124025	7	124024	5	12
124049	3	124048	2	5
124055	3	557264	3	6
124057	7	557265	5	12
124063	3	124062	2	5
124071	2	321720	4	6
124086	3	124085	6	9
124091	3	124090	1	4
124202	5	124201	4	9
124227	3	124226	13	16
124254	1	124253	4	5
124273	1	124272	2	3
124283	2	124282	2	4
124285	1	124284	2	3
124300	4	124299	3	7
124317	3	557566	4	7
124327	5	124326	2	7
124343	2	557609	2	4
124345	2	124344	3	5
124355	3	557625	1	4
124370	1	124369	1	2
124379	1	557641	6	7
124387	1	557656	1	2
124400	2	557678	1	3
124402	8	124401	3	11
124418	8	557702	3	11
124421	3	124420	3	6
124452	1	124451	2	3
124465	3	124464	3	6
124487	5	321801	1	6
124518	3	557822	1	4
124576	1	124575	1	2
124582	4	557887	2	6
124591	5	124590	6	11
124594	3	124593	4	7
124607	1	124606	2	3
124613	3	124612	2	5
124631	5	124630	3	8
124681	1	124680	2	3
124709	3	558007	4	7
124711	2	124710	1	3
124722	9	124721	6	15
124737	5	124736	4	9
124740	3	558040	2	5
124775	2	124774	2	4
124782	6	124781	1	7
124802	2	124801	2	4
124809	1	124808	3	4
124817	4	124816	1	5
124825	2	321888	1	3
124834	2	124833	3	5
124847	2	558131	3	5
124853	1	124852	2	3
124857	2	124856	3	5
124893	1	558195	1	2
124896	1	124895	1	2
124903	3	321904	2	5
124914	1	558234	1	2
124925	4	124924	3	7
124927	1	321908	3	4
124931	1	558265	2	3
124937	5	558272	9	14
124942	4	124941	4	8
124946	5	124945	2	7
124967	1	558299	6	7
124968	1	558301	5	6
124975	2	558315	2	4
124980	2	558320	6	8
124999	2	124998	5	7
125007	1	125006	4	5
125013	1	125012	2	3
125040	2	558403	6	8
125049	4	125048	3	7
125052	5	125051	5	10
125122	1	125121	4	5
125126	1	558541	1	2
125136	1	558552	4	5
125145	1	558556	1	2
125177	4	125176	1	5
125179	1	125178	3	4
125200	2	125199	4	6
125204	3	558631	4	7
125208	3	558640	5	8
125244	3	125243	3	6
125267	3	558702	4	7
125283	5	125282	1	6
125288	5	125287	1	6
125293	2	558771	6	8
125310	37	125309	2	39
125326	2	125325	2	4
125334	2	125333	3	5
125372	3	558877	8	11
125399	2	558943	3	5
125401	7	125400	3	10
125410	1	558971	1	2
125422	1	558998	3	4
125434	1	125433	1	2
125449	1	125448	1	2
125450	1	322045	1	2
125458	1	125457	3	4
125467	4	125466	2	6
125499	2	559123	5	7
125502	2	125501	2	4
125569	2	125568	4	6
125583	6	125582	4	10
125590	4	322067	4	8
125596	1	125595	1	2
125606	3	125605	1	4
125608	2	125607	4	6
125612	2	125611	9	11
125619	3	125618	3	6
125629	3	125628	2	5
125678	3	125677	4	7
125686	2	125685	1	3
125688	1	125687	9	10
125691	1	559404	5	6
125698	2	559412	4	6
125713	4	559437	4	8
125725	4	125724	1	5
125736	1	125735	3	4
125740	3	559460	3	6
125774	1	125773	1	2
125778	3	125777	2	5
125792	2	125791	22	24
125801	4	559566	7	11
125804	1	559577	1	2
125817	4	125816	3	7
125822	3	125821	4	7
125851	8	125850	1	9
125865	4	559713	4	8
125869	5	125868	5	10
125882	8	125881	1	9
125885	10	125884	1	11
125893	4	559800	4	8
125902	2	559808	4	6
125904	12	125903	2	14
125934	2	559867	1	3
125935	6	559878	2	8
125971	6	559972	10	16
125972	13	559977	13	26
126006	3	126005	2	5
126028	1	126027	5	6
126030	5	126029	5	10
126038	5	126037	1	6
126040	5	322194	25	30
126047	1	126046	4	5
126052	3	560051	17	20
126058	4	126057	2	6
126071	4	126070	4	8
126091	2	560132	3	5
126100	2	126099	3	5
126102	6	126101	10	16
126113	2	560176	2	4
126119	1	126118	3	4
126121	3	560184	1	4
126122	1	560187	3	4
126125	1	560189	8	9
126132	1	126131	1	2
126155	7	560224	10	17
126169	4	560253	5	9
126173	6	126172	2	8
126175	2	322231	1	3
126177	4	126176	2	6
126184	1	322235	1	2
126195	2	126194	8	10
126208	4	322246	7	11
126210	4	126209	2	6
126213	2	560300	3	5
126250	9	560350	8	17
126279	6	126278	4	10
126288	1	126287	10	11
126293	9	322273	5	14
126303	5	560430	7	12
126319	4	560461	4	8
126326	2	560495	6	8
126328	2	560508	1	3
126355	1	126354	3	4
126358	3	560551	2	5
126365	2	560557	3	5
126366	6	560558	1	7
126381	2	560596	1	3
126403	1	126402	15	16
126405	4	126404	12	16
126435	1	126434	2	3
126439	3	126438	2	5
126453	3	126452	6	9
126455	4	126454	8	12
126458	8	560737	3	11
126460	5	126459	10	15
126462	2	560748	3	5
126468	6	126467	1	7
126469	2	560752	13	15
126470	4	560758	6	10
126482	11	560763	11	22
126488	2	126487	2	4
126490	2	126489	1	3
126491	1	560781	2	3
126493	7	560783	3	10
126499	6	126498	4	10
126548	1	560918	5	6
126550	5	126549	5	10
126565	3	560975	3	6
126577	1	560995	3	4
126586	3	322359	9	12
126590	3	126589	3	6
126592	9	126591	7	16
126595	1	126594	14	15
126601	2	561016	2	4
126611	2	561032	1	3
126620	4	561042	4	8
126628	2	561050	3	5
126631	10	322363	5	15
126634	1	561072	1	2
126678	2	126677	6	8
126697	8	126696	4	12
126708	5	126707	7	12
126710	10	126709	3	13
126718	8	561257	6	14
126730	8	561295	16	24
126735	6	561305	8	14
126742	7	126741	3	10
126754	2	888905	17	19
126760	4	126759	2	6
126765	5	126764	6	11
126783	3	126782	3	6
126796	2	126795	2	4
126802	13	561459	5	18
126811	2	322421	24	26
126820	4	126819	3	7
126827	4	561515	6	10
126838	8	126837	5	13
126840	4	126839	4	8
126844	3	561590	3	6
126910	1	126909	6	7
126914	3	126913	5	8
126923	2	561729	7	9
126932	3	322458	6	9
126939	3	322462	2	5
126947	4	126946	2	6
126962	3	561786	5	8
126968	4	561823	5	9
126976	4	126975	4	8
126985	2	561910	6	8
126994	7	126993	3	10
126995	4	561948	3	7
127001	4	561965	9	13
127008	3	562005	5	8
127042	7	127041	5	12
127051	4	127050	6	10
127065	6	562144	9	15
127088	7	562196	7	14
127113	2	562312	4	6
127120	5	562335	4	9
127137	4	562410	7	11
127210	2	562674	2	4
127217	3	322535	12	15
127220	6	562707	3	9
127233	12	562731	5	17
127261	6	562783	6	12
127270	2	127269	2	4
127272	6	127271	1	7
127292	4	562836	3	7
127296	23	127295	4	27
127298	2	127297	11	13
127309	2	127308	3	5
127316	3	562867	35	38
127321	2	127320	5	7
127344	5	562947	11	16
127358	2	562962	16	18
127361	3	562964	3	6
127371	1	562976	7	8
127404	3	563058	9	12
127410	4	563078	9	13
127411	9	563080	12	21
127414	4	563083	4	8
127418	5	127417	2	7
127427	3	563123	3	6
127430	1	563128	4	5
127439	7	127438	1	8
127461	13	127460	12	25
127467	3	127466	6	9
127490	9	563247	3	12
127494	4	127493	3	7
127527	3	127526	5	8
127533	1	127532	2	3
127539	7	563344	2	9
127565	1	563475	6	7
127622	1	889720	4	5
127624	1	563618	11	12
127635	5	563685	7	12
127652	4	563728	10	14
127662	1	127661	4	5
127676	15	563806	4	19
127694	6	563878	1	7
127706	2	563967	1	3
127707	2	563968	5	7
127740	15	564094	11	26
127746	4	564110	16	20
127758	3	564168	1	4
127778	3	564240	5	8
127797	3	127796	1	4
127806	3	564327	16	19
127834	2	564360	8	10
127844	2	127843	1	3
127888	1	564506	4	5
127892	1	564511	1	2
127921	5	564564	6	11
127928	1	564582	1	2
127945	5	127944	2	7
127977	1	564653	1	2
127992	1	127991	2	3
127997	1	127996	2	3
128006	3	564702	6	9
128057	1	128056	1	2
128086	2	128085	1	3
128103	1	564820	4	5
128169	3	564938	3	6
128188	8	564975	4	12
128209	3	565035	2	5
128220	4	128219	1	5
128266	8	565134	1	9
128274	11	128273	10	21
128276	2	565140	3	5
128307	1	128306	1	2
128310	1	128309	1	2
128342	14	128341	1	15
128344	1	128343	1	2
128355	3	128354	4	7
128359	1	565323	1	2
128395	1	890489	3	4
128424	1	322912	2	3
128432	1	128431	1	2
128520	1	128519	1	2
128608	3	565891	2	5
128615	2	128614	3	5
128652	1	128651	12	13
128677	2	128676	2	4
128722	5	566140	5	10
128734	42	566153	5	47
128778	1	566213	1	2
128783	3	566221	4	7
128793	1	128792	2	3
128801	1	128800	1	2
128805	2	128804	1	3
128879	2	128878	2	4
128891	3	128890	1	4
128895	1	128894	1	2
128928	2	128927	2	4
128938	2	566407	3	5
128944	1	128943	1	2
128946	2	128945	3	5
128962	4	128961	3	7
128964	1	128963	2	3
128976	3	128975	7	10
128984	3	566460	5	8
128997	1	128996	3	4
129020	4	566503	4	8
129026	4	129025	4	8
129037	2	323089	2	4
129044	1	129043	1	2
129052	1	129051	2	3
129060	2	566567	2	4
129080	2	566596	3	5
129100	2	566612	9	11
129102	1	129101	3	4
129120	1	129119	4	5
129125	3	129124	1	4
129130	3	566658	3	6
129138	4	129137	6	10
129143	4	129142	1	5
129146	3	566687	9	12
129153	1	566697	1	2
129159	1	566699	4	5
129175	1	129174	6	7
129205	1	890974	3	4
129214	4	129213	2	6
129241	6	566862	2	8
129242	1	566864	6	7
129264	2	129263	2	4
129290	3	129289	2	5
129307	4	129306	1	5
129332	11	323156	1	12
129344	2	129343	16	18
129352	1	567039	5	6
129360	1	129359	3	4
129366	1	129365	1	2
129384	3	129383	4	7
129390	3	129389	1	4
129393	5	129392	1	6
129397	1	129396	2	3
129415	2	567076	4	6
129420	5	129419	6	11
129424	4	129423	3	7
129435	1	567090	5	6
129450	1	129449	3	4
129457	1	567116	2	3
129462	5	129461	1	6
129465	3	129464	2	5
129472	1	567129	11	12
129474	2	129473	2	4
129476	3	129475	5	8
129482	3	567137	8	11
129489	2	567143	6	8
129499	1	129498	4	5
129534	2	129533	1	3
129540	1	129539	1	2
129544	1	129543	1	2
129558	3	567193	2	5
129582	5	129581	5	10
129595	1	129594	4	5
129604	4	129603	7	11
129612	3	567239	2	5
129620	1	567243	24	25
129621	10	567248	4	14
129634	3	129633	1	4
129656	1	567293	3	4
129695	1	129694	4	5
129701	2	129700	3	5
129706	5	129705	1	6
129709	3	129708	6	9
129727	2	567346	6	8
129762	4	129761	1	5
129765	3	567386	4	7
129769	7	567391	3	10
129775	2	567393	8	10
129776	9	567394	10	19
129806	2	129805	3	5
129813	2	323293	5	7
129824	3	129823	1	4
129842	1	567485	4	5
129862	4	129861	4	8
129900	2	129899	1	3
129901	4	567600	6	10
129917	4	129916	3	7
129921	8	129920	2	10
129929	5	129928	3	8
129930	2	567643	8	10
129932	1	129931	5	6
129938	2	129937	2	4
129966	3	567683	7	10
130002	3	567756	3	6
130016	1	130015	4	5
130035	2	130034	7	9
130044	4	130043	3	7
130052	4	130051	2	6
130072	3	323362	7	10
130087	2	130086	3	5
130090	4	130089	5	9
130098	2	567846	2	4
130156	6	130155	4	10
130170	5	130169	1	6
130176	2	130175	7	9
130181	6	130180	3	9
130183	3	130182	1	4
130203	2	130202	4	6
130212	2	130211	6	8
130217	1	568030	4	5
130228	9	130227	3	12
130232	4	568055	1	5
130235	3	130234	3	6
130255	4	130254	2	6
130265	3	130264	5	8
130279	7	568116	3	10
130303	4	130302	3	7
130314	2	130313	2	4
130344	4	130343	4	8
130353	3	130352	6	9
130359	1	568195	5	6
130380	1	130379	6	7
130415	3	130414	3	6
130421	3	130420	2	5
130430	5	130429	5	10
130436	5	130435	1	6
130441	4	130440	6	10
130444	2	130443	1	3
130464	3	130463	5	8
130471	3	568388	1	4
130514	2	130513	3	5
130554	8	568512	5	13
130561	8	130560	4	12
130579	1	130578	6	7
130589	6	130588	11	17
130603	2	130602	1	3
130621	2	568596	3	5
130625	5	130624	2	7
130642	3	130641	3	6
130643	2	323485	2	4
130650	2	568626	4	6
130659	3	130658	1	4
130664	1	130663	4	5
130673	1	130672	1	2
130699	2	130698	1	3
130701	2	130700	1	3
130704	2	323501	1	3
130726	5	130725	3	8
130735	4	130734	1	5
130740	1	130739	1	2
130753	1	568744	2	3
130754	1	568746	6	7
130755	3	568751	2	5
130778	1	568781	9	10
130781	3	130780	5	8
130837	1	323525	1	2
130838	6	568840	5	11
130846	3	130845	2	5
130918	4	568971	5	9
130931	1	130930	1	2
130938	4	130937	1	5
130957	8	130956	1	9
130961	4	130960	1	5
130964	1	130963	2	3
130968	4	569042	2	6
130971	2	130970	1	3
130973	2	130972	1	3
130998	3	130997	1	4
131008	6	131007	1	7
131023	2	131022	2	4
131038	7	131037	4	11
131049	2	569112	3	5
131061	1	131060	2	3
131069	3	131068	6	9
131074	3	131073	4	7
131108	3	569194	7	10
131115	2	569210	1	3
131120	1	131119	2	3
131161	2	131160	2	4
131175	1	569311	1	2
131184	1	131183	1	2
131195	1	131194	3	4
131199	5	131198	1	6
131220	10	569378	1	11
131227	9	569395	1	10
131230	3	131229	1	4
131232	3	569399	6	9
131242	4	131241	5	9
131248	1	569423	5	6
131257	1	569441	4	5
131259	1	131258	2	3
131284	1	131283	1	2
131308	2	131307	9	11
131313	3	131312	1	4
131324	3	131323	6	9
131340	5	569534	1	6
131344	2	131343	6	8
131385	3	131384	6	9
131405	1	131404	4	5
131414	1	131413	3	4
131422	5	131421	6	11
131433	4	131432	4	8
131438	1	131437	1	2
131443	1	569640	7	8
131467	2	131466	1	3
131492	5	569684	2	7
131495	4	569686	5	9
131512	5	569717	10	15
131519	5	131518	2	7
131539	3	131538	3	6
131544	2	131543	6	8
131553	5	131552	3	8
131562	1	131561	1	2
131577	1	131576	2	3
131581	2	131580	3	5
131583	1	131582	1	2
131588	2	569778	5	7
131591	3	131590	3	6
131614	2	131613	4	6
131616	7	131615	8	15
131640	3	131639	2	5
131652	1	569832	2	3
131656	3	131655	3	6
131670	2	131669	4	6
131673	1	131672	2	3
131703	1	131702	4	5
131714	4	323736	1	5
131744	2	131743	1	3
131749	4	323740	7	11
131751	5	131750	3	8
131793	1	131792	3	4
131794	1	569978	50	51
131796	5	569981	8	13
131805	2	569985	4	6
131816	5	131815	5	10
131822	7	131821	6	13
131852	2	131851	6	8
131855	1	131854	2	3
131857	3	131856	4	7
131861	1	131860	2	3
131875	6	131874	3	9
131899	5	131898	4	9
131918	2	570092	3	5
131933	2	570103	3	5
131940	1	131939	1	2
131942	1	131941	3	4
131958	5	131957	1	6
131963	1	131962	3	4
132007	4	132006	13	17
132010	2	132009	1	3
132019	1	132018	2	3
132025	3	570201	3	6
132031	2	570215	3	5
132035	3	132034	1	4
132044	1	570223	1	2
132058	1	132057	2	3
132061	3	132060	4	7
132068	4	570264	10	14
132088	10	132087	4	14
132090	2	132089	6	8
132094	4	132093	10	14
132099	6	132098	2	8
132115	3	570303	4	7
132121	4	132120	2	6
132123	7	132122	4	11
132128	1	570319	4	5
132137	1	132136	4	5
132145	1	132144	3	4
132148	4	132147	2	6
132151	2	132150	1	3
132174	1	132173	7	8
132238	4	132237	3	7
132241	4	132240	9	13
132243	5	132242	1	6
132285	1	132284	1	2
132309	2	570474	1	3
132315	3	132314	2	5
132318	1	132317	2	3
132323	1	132322	1	2
132325	2	132324	1	3
132328	2	570484	1	3
132329	1	570486	1	2
132353	2	132352	2	4
132354	1	570495	1	2
132386	1	132385	1	2
132391	3	132390	4	7
132398	2	132397	1	3
132409	5	132408	1	6
132422	109	570534	1	110
132448	2	132447	4	6
132451	5	132450	1	6
132463	2	132462	1	3
132465	1	132464	5	6
132496	2	132495	3	5
132519	2	132518	1	3
132545	2	132544	1	3
132560	1	132559	1	2
132589	2	132588	3	5
132608	1	132607	2	3
132609	1	570698	1	2
132613	2	132612	4	6
132641	2	570738	3	5
132643	4	323937	1	5
132655	2	132654	4	6
132661	1	570758	3	4
132682	2	132681	1	3
132685	5	570780	5	10
132703	2	570790	1	3
132704	3	570793	1	4
132746	1	132745	4	5
132753	2	132752	2	4
132757	2	323972	3	5
132763	2	132762	2	4
132769	8	132768	20	28
132783	1	323977	1	2
132793	1	570859	3	4
132795	1	323983	1	2
132802	3	570868	2	5
132804	4	132803	8	12
132808	1	132807	4	5
132836	1	132835	1	2
132898	2	132897	6	8
132906	4	132905	2	6
132932	2	570978	3	5
132969	5	132968	6	11
132973	11	132972	8	19
132981	7	571022	2	9
132984	4	892726	1	5
132991	1	132990	4	5
132993	1	132992	4	5
132998	2	132997	3	5
133000	5	132999	4	9
133024	2	133023	1	3
133031	1	133030	1	2
133043	7	133042	1	8
133050	1	571069	3	4
133059	2	571073	2	4
133066	4	133065	1	5
133071	1	133070	1	2
133074	4	133073	1	5
133083	1	571107	1	2
133087	3	133086	7	10
133119	6	133118	9	15
133150	3	133149	3	6
133171	4	133170	2	6
133199	2	133198	12	14
133203	2	571188	8	10
133204	1	324073	1	2
133213	2	324074	3	5
133234	6	133233	1	7
133235	9	571236	2	11
133236	7	324081	4	11
133243	4	133242	7	11
133265	2	133264	3	5
133274	2	133273	2	4
133275	13	571287	3	16
133279	3	571289	1	4
133282	5	133281	1	6
133288	1	571296	6	7
133292	1	571308	1	2
133327	3	571383	2	5
133342	6	133341	3	9
133362	1	133361	1	2
133366	2	133365	4	6
133386	3	133385	2	5
133404	4	571469	4	8
133417	4	133416	1	5
133437	4	133436	6	10
133444	6	133443	6	12
133465	2	571545	2	4
133473	1	571553	7	8
133475	3	133474	3	6
133482	1	133481	2	3
133497	4	571590	7	11
133499	10	133498	2	12
133513	3	133512	4	7
133535	3	133534	3	6
133536	2	571622	5	7
133540	28	571628	7	35
133557	3	133556	4	7
133561	3	133560	3	6
133572	3	133571	2	5
133585	2	133584	4	6
133590	3	324140	2	5
133620	8	571688	3	11
133636	3	133635	2	5
133647	7	133646	1	8
133657	4	133656	4	8
133663	6	133662	6	12
133666	3	133665	1	4
133676	1	571745	1	2
133679	3	133678	3	6
133685	1	133684	3	4
133714	2	133713	1	3
133721	4	133720	1	5
133736	2	133735	2	4
133747	1	571806	1	2
133760	3	571817	1	4
133780	2	133779	2	4
133804	5	571866	7	12
133807	4	133806	4	8
133847	2	133846	1	3
133850	2	133849	1	3
133873	2	133872	2	4
133895	2	571968	2	4
133940	1	133939	2	3
133942	2	133941	2	4
133957	2	572042	1	3
133975	1	572061	3	4
133984	2	133983	1	3
133986	2	133985	3	5
134001	1	134000	1	2
134011	2	134010	9	11
134018	4	134017	2	6
134041	1	134040	5	6
134058	3	572155	2	5
134062	4	134061	1	5
134066	1	572168	2	3
134088	1	134087	4	5
134093	3	134092	2	5
134105	1	324257	4	5
134139	1	572273	2	3
134150	1	134149	1	2
134153	3	572282	7	10
134158	1	134157	4	5
134160	4	134159	3	7
134169	2	134168	4	6
134171	6	134170	7	13
134182	6	134181	2	8
134196	4	134195	3	7
134203	1	134202	1	2
134216	5	134215	1	6
134218	1	572317	1	2
134234	1	134233	1	2
134280	1	134279	1	2
134282	2	134281	2	4
134295	1	572402	4	5
134300	1	572413	11	12
134305	4	134304	1	5
134374	1	134373	1	2
134376	1	134375	5	6
134387	4	134386	1	5
134394	2	134393	4	6
134423	2	572525	1	3
134472	4	134471	1	5
134480	1	134479	2	3
134502	1	134501	1	2
134511	1	134510	1	2
134524	5	324346	4	9
134551	1	134550	1	2
134594	1	134593	1	2
134599	3	572712	5	8
134606	1	134605	1	2
134611	6	134610	15	21
134615	1	134614	1	2
134619	1	134618	2	3
134626	3	572735	56	59
134649	1	572784	3	4
134658	8	134657	2	10
134660	3	134659	3	6
134666	4	572795	4	8
134704	6	134703	4	10
134725	5	134724	4	9
134728	1	572886	1	2
134765	4	134764	2	6
134767	2	324398	1	3
134776	1	572933	3	4
134779	3	134778	1	4
134804	1	134803	1	2
134805	1	572951	1	2
134862	1	134861	2	3
134879	3	134878	1	4
134917	4	573042	14	18
134927	1	134926	3	4
134928	3	573067	5	8
134988	2	324447	2	4
135012	1	135011	1	2
135032	2	135031	1	3
135040	1	573168	2	3
135064	1	135063	1	2
135067	1	135066	5	6
135083	1	573203	1	2
135092	2	135091	1	3
135113	4	135112	6	10
135126	3	573253	4	7
135145	1	135144	1	2
135171	5	135170	2	7
135184	1	135183	3	4
135192	4	135191	1	5
135207	7	135206	5	12
135219	2	135218	1	3
135238	1	135237	1	2
135244	3	135243	3	6
135253	2	573373	2	4
135266	1	573397	6	7
135275	2	324518	2	4
135285	1	324524	1	2
135288	2	135287	3	5
135298	1	135297	1	2
135305	1	135304	2	3
135319	3	573445	2	5
135321	4	135320	2	6
135336	1	324534	2	3
135371	2	135370	4	6
135397	1	135396	2	3
135412	4	135411	1	5
135479	3	135478	2	5
135512	4	573570	5	9
135516	2	135515	4	6
135587	2	135586	2	4
135604	2	573688	10	12
135619	2	135618	3	5
135628	1	135627	1	2
135638	6	573717	9	15
135652	3	573735	3	6
135684	10	135683	1	11
135691	4	573763	3	7
135693	3	135692	10	13
135696	4	135695	2	6
135719	2	135718	17	19
135726	2	135725	7	9
135727	2	573802	4	6
135750	3	324627	4	7
135766	1	135765	9	10
135796	15	573865	3	18
135799	3	135798	2	5
135835	5	324645	4	9
135859	2	135858	3	5
135895	6	573984	17	23
135925	4	135924	2	6
135946	1	574060	1	2
135958	20	135957	2	22
135960	1	135959	9	10
135984	2	135983	1	3
136027	1	574155	4	5
136048	4	136047	2	6
136053	1	574174	1	2
136062	2	574176	5	7
136076	1	136075	2	3
136078	1	136077	1	2
136113	1	136112	1	2
136120	2	136119	1	3
136160	4	136159	1	5
136162	3	136161	3	6
136172	2	136171	1	3
136177	4	136176	1	5
136198	3	574297	8	11
136200	2	136199	3	5
136201	12	324744	1	13
136217	1	574324	2	3
136220	5	136219	2	7
136222	3	136221	4	7
136238	2	136237	2	4
136241	2	136240	1	3
136246	1	136245	1	2
136249	1	136248	3	4
136254	4	136253	2	6
136276	1	136275	2	3
136284	7	136283	3	10
136289	1	136288	1	2
136297	4	574421	4	8
136300	3	574434	5	8
136320	4	136319	2	6
136345	2	136344	2	4
136346	3	574493	10	13
136353	3	136352	4	7
136374	5	136373	2	7
136399	4	574555	4	8
136429	1	136428	1	2
136432	1	136431	1	2
136438	2	136437	8	10
136447	2	574622	2	4
136454	1	574630	6	7
136455	4	574631	7	11
136489	1	136488	3	4
136511	6	136510	3	9
136518	9	136517	2	11
136533	5	136532	5	10
136553	1	136552	5	6
136564	3	574827	6	9
136572	2	574840	6	8
136576	4	574846	8	12
136583	4	136582	10	14
136592	6	136591	5	11
136595	9	136594	2	11
136599	5	574869	4	9
136605	4	574876	2	6
136608	9	574878	5	14
136624	11	324859	3	14
136632	2	136631	9	11
136638	3	136637	6	9
136642	3	324865	1	4
136643	5	324867	10	15
136648	1	136647	6	7
136660	2	136659	2	4
136695	1	136694	1	2
136697	3	136696	8	11
136705	5	575017	7	12
136710	3	136709	4	7
136717	3	136716	8	11
136719	7	136718	3	10
136733	3	575050	8	11
136740	7	136739	3	10
136780	2	575122	1	3
136817	2	575290	2	4
136858	3	575375	2	5
136884	6	136883	5	11
136895	3	136894	7	10
136896	2	575447	14	16
136955	4	136954	4	8
136966	3	575571	1	4
136970	3	575575	1	4
137019	8	575681	4	12
137033	2	324973	7	9
137056	6	137055	4	10
137073	3	137072	5	8
137086	2	137085	1	3
137095	3	137094	6	9
137125	1	137124	16	17
137127	4	324999	5	9
137132	1	575853	8	9
137134	7	575860	5	12
137136	4	137135	3	7
137156	3	137155	5	8
137159	3	575886	7	10
137161	4	575887	4	8
137178	1	137177	7	8
137180	3	137179	1	4
137182	5	575909	8	13
137200	1	575962	3	4
137201	4	575967	5	9
137210	2	137209	3	5
137219	3	137218	1	4
137244	1	137243	2	3
137246	6	137245	2	8
137248	4	137247	3	7
137250	2	576005	1	3
137252	6	137251	3	9
137255	1	576018	6	7
137265	10	137264	3	13
137281	3	137280	3	6
137282	2	576048	14	16
137297	3	137296	2	5
137304	4	137303	8	12
137372	3	137371	1	4
137375	2	137374	2	4
137385	2	137384	6	8
137387	6	137386	1	7
137389	7	576206	10	17
137396	3	137395	2	5
137400	4	576238	4	8
137405	3	576248	11	14
137447	6	137446	1	7
137467	3	137466	1	4
137477	1	137476	4	5
137479	3	137478	3	6
137482	4	325114	5	9
137517	3	137516	1	4
137543	5	576484	7	12
137555	4	576508	3	7
137593	16	137592	14	30
137597	3	576588	10	13
137603	1	137602	1	2
137605	10	137604	6	16
137610	3	576620	7	10
137615	5	325162	5	10
137617	4	576631	12	16
137622	1	576639	5	6
137631	3	137630	1	4
137634	1	137633	2	3
137648	4	576662	7	11
137671	4	576701	6	10
137677	4	137676	4	8
137681	3	137680	2	5
137686	6	576725	7	13
137689	7	576735	6	13
137705	2	576747	1	3
137707	2	576759	3	5
137722	1	137721	3	4
137739	4	137738	5	9
137742	6	137741	3	9
137749	7	576861	4	11
137754	5	576863	7	12
137767	7	137766	5	12
137771	1	576893	1	2
137774	2	576905	3	5
137800	2	137799	1	3
137804	2	576940	2	4
137810	2	576952	8	10
137822	1	137821	1	2
137831	8	576982	7	15
137838	4	137837	5	9
137916	4	577189	3	7
137936	3	577236	3	6
137944	6	577276	8	14
137959	5	137958	7	12
137967	3	577302	4	7
137979	7	577320	3	10
137987	2	325262	8	10
138009	4	138008	6	10
138013	8	138012	6	14
138041	1	138040	4	5
138048	3	138047	2	5
138055	6	577503	11	17
138062	1	138061	4	5
138066	4	138065	7	11
138089	2	138088	3	5
138097	7	577566	1	8
138116	1	138115	2	3
138117	1	577602	5	6
138125	7	577610	4	11
138131	1	138130	1	2
138140	8	325305	2	10
138143	2	138142	7	9
138144	3	577635	8	11
138147	6	138146	1	7
138149	1	138148	4	5
138153	8	577652	5	13
138187	3	138186	2	5
138195	4	325323	9	13
138218	4	577724	5	9
138225	2	138224	6	8
138229	3	138228	2	5
138237	2	577771	11	13
138256	1	1052065	1	2
138275	5	138274	2	7
138278	2	138277	3	5
138280	2	138279	3	5
138282	4	138281	6	10
138298	7	138297	5	12
138310	10	577861	7	17
138317	6	325356	8	14
138352	5	138351	6	11
138380	1	138379	2	3
138396	2	577990	1	3
138409	3	138408	3	6
138415	2	138414	5	7
138423	4	578046	2	6
138428	1	138427	7	8
138432	4	138431	6	10
138448	2	578099	8	10
138468	1	138467	4	5
138501	4	578228	6	10
138530	10	138529	1	11
138583	7	138582	6	13
138630	7	138629	6	13
138631	5	578498	4	9
138635	6	138634	5	11
138637	6	578501	8	14
138649	6	138648	6	12
138666	3	578562	6	9
138708	3	138707	1	4
138717	3	138716	3	6
138720	4	138719	6	10
138722	3	138721	1	4
138727	2	578641	4	6
138773	4	578889	5	9
138776	2	578900	1	3
138781	6	578908	44	50
138783	8	578911	2	10
138792	11	138791	2	13
138808	2	578959	6	8
138829	2	138828	4	6
138841	4	138840	2	6
138843	3	138842	2	5
138865	5	138864	2	7
138874	1	579098	4	5
138899	2	579139	1	3
138911	8	138910	10	18
138925	7	138924	2	9
138928	1	138927	1	2
138932	2	138931	1	3
138938	4	138937	6	10
138942	3	579201	8	11
139008	4	896088	3	7
139028	3	896099	3	6
139052	1	579480	1	2
139094	1	579541	1	2
139101	3	139100	2	5
139116	1	579603	13	14
139166	5	579678	1	6
139169	2	579698	5	7
139179	1	579708	3	4
139190	5	139189	2	7
139192	2	579721	1	3
139228	1	139227	3	4
139271	1	139270	1	2
139277	3	579811	1	4
139299	1	579837	5	6
139342	27	139341	1	28
139344	1	139343	2	3
139385	6	139384	2	8
139417	3	580065	8	11
139420	6	580079	2	8
139452	2	580218	14	16
139471	3	580257	5	8
139474	2	139473	1	3
139521	2	580371	3	5
139556	2	580423	7	9
139558	3	580441	6	9
139564	3	139563	2	5
139567	4	139566	3	7
139570	9	580468	4	13
139585	1	325675	1	2
139590	1	139589	1	2
139600	1	139599	5	6
139628	6	580559	3	9
139637	2	139636	3	5
139649	2	139648	8	10
139665	3	139664	4	7
139666	16	325693	1	17
139675	3	139674	3	6
139697	9	139696	3	12
139707	7	139706	7	14
139746	7	580782	10	17
139761	2	139760	1	3
139782	7	139781	4	11
139783	3	580799	1	4
139787	2	139786	3	5
139790	4	139789	2	6
139803	1	580822	4	5
139818	1	139817	4	5
139822	3	139821	1	4
139824	5	896682	20	25
139836	1	139835	6	7
139859	6	580932	5	11
139868	7	139867	1	8
139880	7	580963	3	10
139928	4	325786	13	17
139932	3	139931	1	4
139941	3	581095	2	5
139955	5	325790	4	9
139980	1	139979	5	6
139992	2	139991	3	5
139997	13	581243	9	22
140002	8	325811	3	11
140016	1	140015	2	3
140023	2	140022	1	3
140026	1	140025	1	2
140078	6	581390	5	11
140087	5	581422	5	10
140093	3	140092	4	7
140133	1	581479	1	2
140138	2	140137	3	5
140147	4	140146	2	6
140153	2	581511	4	6
140156	3	581522	1	4
140158	1	140157	3	4
140173	3	140172	1	4
140206	3	581617	1	4
140208	1	896945	3	4
140253	2	581676	2	4
140256	16	140255	17	33
140266	1	581696	1	2
140277	2	140276	1	3
140301	4	140300	5	9
140307	4	581740	5	9
140354	1	140353	2	3
140456	6	582087	22	28
140463	1	140462	1	2
140473	2	582112	2	4
140542	3	140541	2	5
140647	2	582459	6	8
140672	1	140671	4	5
140680	1	582550	1	2
140693	2	140692	1	3
140704	2	582571	3	5
140717	2	140716	8	10
140720	3	582598	2	5
140726	2	582623	5	7
140732	2	582648	2	4
140744	4	582693	4	8
140745	5	582696	1	6
140753	4	582702	6	10
140829	4	582901	6	10
140847	2	582979	1	3
140855	1	140854	3	4
140871	2	326087	1	3
140880	8	140879	4	12
140887	4	140886	1	5
140955	3	583126	3	6
140997	10	583206	6	16
141010	1	583220	5	6
141041	4	141040	4	8
141049	4	141048	1	5
141067	85	141066	4	89
141080	1	141079	2	3
141087	3	141086	10	13
141089	2	141088	9	11
141092	2	583364	8	10
141107	3	583384	8	11
141124	1	583422	3	4
141149	4	141148	4	8
141187	2	583481	1	3
141192	2	583486	3	5
141201	5	583509	4	9
141203	2	141202	5	7
141204	4	583510	3	7
141215	2	583550	2	4
141248	2	583646	2	4
141254	3	141253	1	4
141261	8	141260	6	14
141265	2	141264	1	3
141292	3	141291	2	5
141296	4	583764	7	11
141308	7	141307	3	10
141329	3	583801	2	5
141353	2	141352	1	3
141364	3	583904	9	12
141390	1	141389	1	2
141443	2	584032	4	6
141482	2	584096	4	6
141494	1	141493	1	2
141508	2	584146	4	6
141566	7	141565	1	8
141594	4	141593	2	6
141612	1	141611	1	2
141615	3	584321	1	4
141729	1	141728	1	2
141739	1	584804	3	4
141754	1	584849	11	12
141757	3	141756	2	5
141764	1	141763	3	4
141769	1	141768	4	5
141773	2	584877	3	5
141774	2	584882	2	4
141783	2	326339	2	4
141785	3	584909	4	7
141789	2	584910	7	9
141792	4	584918	5	9
141802	3	141801	1	4
141805	2	584933	9	11
141829	1	584989	1	2
141848	2	141847	1	3
141877	1	585060	3	4
141925	1	141924	2	3
141986	5	585311	15	20
141998	2	585355	1	3
142003	6	585364	3	9
142014	6	142013	2	8
142018	3	142017	1	4
142073	4	585452	3	7
142080	3	585462	6	9
142100	4	142099	1	5
142142	7	326476	1	8
142146	2	142145	4	6
142246	1	142245	2	3
142252	5	585771	2	7
142254	3	142253	5	8
142285	2	585892	16	18
142307	5	142306	4	9
142326	1	326522	1	2
142359	1	586181	4	5
142388	2	586230	1	3
142404	2	142403	1	3
142412	1	142411	1	2
142421	1	142420	2	3
142424	2	142423	1	3
142437	7	142436	8	15
142439	6	142438	1	7
142442	6	326548	6	12
142454	5	586293	5	10
142457	5	142456	4	9
142464	1	586338	15	16
142487	10	142486	6	16
142506	7	898857	2	9
142572	5	586490	4	9
142575	1	586495	1	2
142616	3	142615	3	6
142630	6	586611	3	9
142639	1	142638	2	3
142681	1	142680	3	4
142699	2	142698	1	3
142701	2	326643	6	8
142703	1	586836	3	4
142705	1	586840	3	4
142728	2	142727	2	4
142749	1	586980	3	4
142752	6	586981	14	20
142775	3	587037	2	5
142782	3	142781	3	6
142810	2	587124	5	7
142834	1	587169	2	3
142841	3	142840	7	10
142860	3	142859	3	6
142866	4	142865	11	15
142872	8	587322	5	13
142877	5	587335	2	7
142900	1	587353	2	3
142912	4	587378	3	7
142918	2	587399	17	19
142924	2	587403	11	13
142927	4	587410	5	9
142932	2	587443	6	8
142949	1	142948	1	2
142954	1	587465	4	5
142960	2	587474	2	4
142980	5	587521	2	7
142988	2	142987	1	3
143006	3	587653	2	5
143016	3	899326	2	5
143026	1	143025	1	2
143031	1	326724	1	2
143051	11	587753	2	13
143066	4	143065	5	9
143088	4	143087	3	7
143089	3	587828	1	4
143091	5	587830	4	9
143094	2	143093	1	3
143100	3	143099	5	8
143101	3	587850	4	7
143125	2	143124	6	8
143142	2	587921	4	6
143145	3	143144	2	5
143148	3	587935	3	6
143151	2	143150	6	8
143166	2	143165	1	3
143235	5	588178	4	9
143240	3	588194	6	9
143271	3	899571	1	4
143279	2	143278	1	3
143305	2	588348	2	4
143309	2	143308	6	8
143321	5	588367	1	6
143339	1	143338	1	2
143341	1	588395	2	3
143356	1	588410	8	9
143362	1	143361	6	7
143364	3	143363	4	7
143384	2	143383	1	3
143410	2	588469	2	4
143419	5	588488	10	15
143431	6	143430	4	10
143450	5	143449	1	6
143466	1	588568	3	4
143502	1	143501	1	2
143513	1	588626	6	7
143552	3	143551	2	5
143556	4	143555	11	15
143562	3	588667	8	11
143564	2	143563	6	8
143567	4	143566	7	11
143587	2	143586	2	4
143598	1	143597	1	2
143604	8	143603	5	13
143617	2	899755	2	4
143631	3	143630	1	4
143641	2	143640	2	4
143661	1	143660	1	2
143665	2	143664	1	3
143675	2	143674	16	18
143689	3	143688	2	5
143700	3	588804	1	4
143704	2	588805	6	8
143726	2	143725	7	9
143727	3	588838	2	5
143744	8	143743	3	11
143746	6	143745	4	10
143770	1	588888	1	2
143786	4	143785	3	7
143829	2	326934	5	7
143845	2	143844	3	5
143847	1	143846	3	4
143863	8	143862	2	10
143875	1	589020	10	11
143883	2	589032	6	8
143921	1	143920	2	3
143925	2	899902	8	10
143951	6	143950	1	7
143959	1	143958	1	2
143963	3	326961	5	8
143965	2	589139	11	13
143973	6	143972	2	8
144016	7	144015	1	8
144018	4	589215	4	8
144030	3	589230	3	6
144034	1	589237	2	3
144039	1	144038	7	8
144057	5	144056	1	6
144061	5	899982	1	6
144094	3	144093	2	5
144095	1	589339	5	6
144106	1	144105	1	2
144115	3	326989	5	8
144139	4	144138	6	10
144160	1	144159	2	3
144167	1	144166	1	2
144170	2	144169	3	5
144174	3	144173	3	6
144179	3	589420	3	6
144183	10	589423	3	13
144198	5	589431	6	11
144202	4	589444	4	8
144209	2	144208	1	3
144223	1	144222	2	3
144224	2	589459	5	7
144235	1	144234	1	2
144241	1	144240	3	4
144248	3	144247	1	4
144261	3	589498	8	11
144272	3	144271	1	4
144286	2	144285	12	14
144333	2	144332	3	5
144346	2	327053	4	6
144354	3	144353	3	6
144473	1	144472	3	4
144474	4	589684	2	6
144478	4	144477	5	9
144479	2	589688	1	3
144494	1	144493	6	7
144499	1	144498	1	2
144504	3	144503	1	4
144508	2	144507	1	3
144524	2	144523	4	6
144581	2	144580	8	10
144585	5	144584	6	11
144601	4	144600	5	9
144614	7	144613	3	10
144617	1	589860	2	3
144623	1	144622	1	2
144627	1	144626	1	2
144659	2	144658	2	4
144667	3	144666	1	4
144677	2	144676	5	7
144682	1	589902	2	3
144686	3	144685	1	4
144689	2	144688	1	3
144697	3	144696	2	5
144713	1	144712	4	5
144716	5	589934	5	10
144781	3	144780	1	4
144790	3	144789	4	7
144815	2	144814	1	3
144817	2	144816	2	4
144834	4	144833	5	9
144841	5	144840	2	7
144858	4	144857	1	5
144866	1	144865	2	3
144897	1	327181	3	4
144900	3	144899	8	11
144914	10	590129	4	14
144923	5	144922	7	12
144936	7	144935	8	15
144941	11	144940	2	13
144954	2	144953	5	7
144973	5	144972	5	10
144980	1	590206	5	6
144989	1	144988	1	2
145002	3	590224	32	35
145029	1	145028	2	3
145043	9	145042	2	11
145059	1	145058	3	4
145062	4	145061	1	5
145097	1	145096	1	2
145111	1	327237	1	2
145122	1	145121	1	2
145124	3	145123	2	5
145131	1	145130	2	3
145133	4	145132	2	6
145151	2	145150	1	3
145154	1	145153	1	2
145160	1	145159	1	2
145169	1	145168	2	3
145172	4	145171	3	7
145174	1	145173	1	2
145182	4	590365	1	5
145202	6	590390	12	18
145222	1	145221	1	2
145233	4	590416	1	5
145235	2	145234	1	3
145251	1	145250	3	4
145259	3	145258	2	5
145262	3	145261	1	4
145280	1	145279	1	2
145312	3	590468	1	4
145345	5	145344	2	7
145371	3	145370	3	6
145374	2	145373	1	3
145401	1	145400	3	4
145420	1	327318	2	3
145436	1	145435	2	3
145440	3	590580	4	7
145454	1	145453	1	2
145456	1	145455	3	4
145469	1	145468	2	3
145481	1	145480	4	5
145490	1	327334	1	2
145494	2	145493	1	3
145529	3	145528	1	4
145560	2	590681	5	7
145572	3	145571	3	6
145587	1	590727	1	2
145608	2	145607	3	5
145610	2	145609	2	4
145612	1	590745	2	3
145629	8	590762	6	14
145634	2	145633	2	4
145636	2	327372	5	7
145639	4	145638	9	13
145665	5	145664	6	11
145674	3	145673	3	6
145676	4	590806	2	6
145680	3	145679	6	9
145687	4	145686	2	6
145698	1	145697	2	3
145702	3	145701	1	4
145706	2	145705	2	4
145715	1	590833	2	3
145717	1	145716	3	4
145728	1	590844	2	3
145731	3	145730	2	5
145742	3	145741	3	6
145751	1	145750	3	4
145762	3	145761	1	4
145788	1	145787	3	4
145790	1	145789	2	3
145792	3	145791	2	5
145826	1	145825	1	2
145832	1	145831	9	10
145837	7	145836	1	8
145844	5	145843	5	10
145904	3	590990	2	5
145912	5	145911	9	14
145914	1	145913	1	2
145916	3	145915	3	6
145934	2	145933	6	8
145945	2	145944	4	6
145960	6	591032	16	22
145989	5	145988	3	8
146003	8	327451	8	16
146005	8	327452	10	18
146044	10	146043	4	14
146067	2	591150	4	6
146073	5	146072	8	13
146077	7	591165	10	17
146078	1	591166	4	5
146095	1	146094	2	3
146108	2	146107	1	3
146114	9	327472	7	16
146146	2	146145	1	3
146151	1	591241	4	5
146164	3	591247	3	6
146173	2	146172	5	7
146195	1	146194	2	3
146198	3	146197	2	5
146226	6	146225	7	13
146234	7	146233	11	18
146255	1	146254	2	3
146263	8	146262	6	14
146287	5	591363	3	8
146290	1	146289	11	12
146299	10	591372	7	17
146311	7	146310	5	12
146324	5	146323	3	8
146335	2	146334	6	8
146346	1	146345	2	3
146348	1	591419	4	5
146367	9	146366	8	17
146371	4	146370	10	14
146397	2	146396	3	5
146402	2	146401	1	3
146421	1	146420	4	5
146436	4	146435	6	10
146473	1	591538	2	3
146484	3	146483	1	4
146486	1	146485	4	5
146518	2	591594	5	7
146520	11	146519	12	23
146529	3	591609	9	12
146549	4	146548	3	7
146569	1	146568	3	4
146572	7	591647	8	15
146576	4	146575	3	7
146600	3	146599	2	5
146611	3	146610	17	20
146634	5	146633	5	10
146649	1	591715	6	7
146657	5	146656	1	6
146660	3	146659	1	4
146697	1	146696	2	3
146706	2	146705	1	3
146722	2	146721	1	3
146746	1	146745	1	2
146772	1	146771	1	2
146803	1	591864	19	20
146806	3	146805	3	6
146827	3	146826	2	5
146847	1	146846	1	2
146863	1	591912	4	5
146877	2	146876	4	6
146904	1	327673	2	3
146916	3	591952	8	11
146927	3	146926	2	5
146958	1	146957	1	2
146986	2	146985	13	15
147026	2	147025	1	3
147028	1	327691	1	2
147035	3	147034	2	5
147041	1	147040	1	2
147044	2	147043	1	3
147054	9	147053	2	11
147063	6	147062	1	7
147072	1	592070	1	2
147144	4	147143	2	6
147195	2	147194	1	3
147198	3	147197	3	6
147207	3	147206	3	6
147210	2	147209	4	6
147222	3	147221	7	10
147260	5	147259	3	8
147263	1	147262	5	6
147266	1	147265	2	3
147269	2	147268	4	6
147278	2	147277	2	4
147282	5	147281	3	8
147313	4	147312	1	5
147319	6	147318	3	9
147323	1	147322	4	5
147333	4	147332	1	5
147367	3	147366	2	5
147419	1	147418	1	2
147421	1	147420	1	2
147433	1	327794	1	2
147438	3	1056443	1	4
147453	1	147452	8	9
147466	6	592331	3	9
147491	1	147490	7	8
147495	1	147494	2	3
147530	1	327823	3	4
147536	4	592422	5	9
147548	3	147547	5	8
147589	3	147588	1	4
147593	1	327842	1	2
147598	2	147597	2	4
147605	1	147604	1	2
147610	6	592464	4	10
147619	3	147618	1	4
147622	7	147621	6	13
147624	1	147623	1	2
147656	2	147655	1	3
147658	3	147657	4	7
147681	3	592524	7	10
147699	1	147698	3	4
147704	3	592552	4	7
147708	3	147707	6	9
147717	1	592571	5	6
147723	1	147722	2	3
147779	3	147778	1	4
147781	2	147780	1	3
147783	3	147782	3	6
147789	5	147788	1	6
147837	2	592661	1	3
147843	1	147842	1	2
147850	2	147849	4	6
147858	2	147857	2	4
147862	3	147861	2	5
147863	1	592688	10	11
147897	5	147896	1	6
147914	3	147913	2	5
147940	1	147939	1	2
147981	1	147980	2	3
147990	3	147989	2	5
148009	3	148008	3	6
148012	1	592804	1	2
148021	1	592812	3	4
148036	2	592823	1	3
148063	1	148062	4	5
148091	2	148090	2	4
148112	3	592922	7	10
148139	3	148138	1	4
148142	9	148141	2	11
148170	4	148169	4	8
148191	1	148190	6	7
148200	2	148199	6	8
148205	2	148204	4	6
148207	3	148206	4	7
148219	4	148218	3	7
148224	4	148223	3	7
148231	1	148230	1	2
148245	2	148244	2	4
148252	3	148251	10	13
148258	7	148257	2	9
148260	1	148259	5	6
148276	2	593053	5	7
148282	7	148281	3	10
148313	1	148312	1	2
148315	3	593091	6	9
148321	1	148320	1	2
148355	1	148354	1	2
148361	1	901518	1	2
148377	1	148376	1	2
148391	1	148390	3	4
148404	2	593195	5	7
148417	2	148416	1	3
148420	3	593220	3	6
148455	2	148454	3	5
148463	3	148462	1	4
148466	4	148465	3	7
148482	1	148481	1	2
148484	2	328056	1	3
148502	1	148501	3	4
148526	4	593282	2	6
148541	1	148540	2	3
148544	1	593310	4	5
148553	1	148552	1	2
148560	1	148559	1	2
148564	1	148563	1	2
148582	1	148581	2	3
148589	3	148588	2	5
148595	1	148594	1	2
148612	2	148611	1	3
148651	3	148650	1	4
148672	1	593437	3	4
148695	4	328110	3	7
148702	1	593473	2	3
148703	1	593474	1	2
148708	1	148707	2	3
148711	2	148710	2	4
148756	2	328127	1	3
148768	1	148767	2	3
148779	3	148778	2	5
148780	3	593548	2	5
148782	1	148781	1	2
148813	3	148812	4	7
148831	3	593582	1	4
148865	3	148864	4	7
148867	3	148866	1	4
148877	1	148876	1	2
148905	2	148904	1	3
148910	1	148909	2	3
148915	2	148914	1	3
148921	2	148920	4	6
148950	5	148949	4	9
148952	1	148951	1	2
148959	1	148958	4	5
148966	1	148965	4	5
148968	1	148967	4	5
148969	3	328189	1	4
148981	8	148980	4	12
148993	2	148992	2	4
149009	1	149008	5	6
149041	1	149040	2	3
149083	2	149082	1	3
149084	2	593840	2	4
149105	4	149104	3	7
149107	1	149106	1	2
149167	4	149166	4	8
149175	2	149174	4	6
149205	2	593956	2	4
149221	4	149220	5	9
149225	2	149224	1	3
149229	1	149228	1	2
149257	6	149256	2	8
149283	1	149282	2	3
149293	5	149292	1	6
149296	4	149295	3	7
149344	2	149343	3	5
149392	1	594120	3	4
149406	1	149405	9	10
149420	1	594141	1	2
149434	5	328293	2	7
149449	3	149448	2	5
149450	1	594191	4	5
149453	1	594206	3	4
149462	1	328297	2	3
149515	2	594281	1	3
149517	3	149516	2	5
149540	1	149539	4	5
149545	4	594347	7	11
149550	5	149549	1	6
149568	1	149567	1	2
149575	1	594373	1	2
149585	1	149584	5	6
149592	1	594387	5	6
149602	1	149601	1	2
149603	1	594395	2	3
149606	2	149605	1	3
149640	1	149639	2	3
149660	1	149659	1	2
149677	1	149676	3	4
149692	3	594458	1	4
149695	1	149694	1	2
149711	4	149710	6	10
149713	1	149712	1	2
149716	1	149715	3	4
149721	3	594494	3	6
149737	3	594512	1	4
149744	1	149743	4	5
149754	1	149753	2	3
149772	1	149771	3	4
149777	1	149776	4	5
149793	1	594577	4	5
149795	5	594579	4	9
149815	2	149814	4	6
149818	1	149817	4	5
149826	3	149825	1	4
149830	2	594614	8	10
149835	2	149834	2	4
149847	1	594640	1	2
149856	1	594647	1	2
149858	8	594658	1	9
149864	2	594675	2	4
149871	13	149870	1	14
149878	1	149877	2	3
149884	1	328400	2	3
149886	1	149885	1	2
149905	7	594738	3	10
149910	3	594748	10	13
149933	3	149932	4	7
149945	1	149944	3	4
149947	4	149946	5	9
149962	5	149961	1	6
149966	3	149965	3	6
149978	2	594895	1	3
149981	3	594909	8	11
149994	1	328435	5	6
150006	1	150005	5	6
150007	1	594960	7	8
150022	1	150021	3	4
150054	2	328446	1	3
150055	1	595035	5	6
150063	1	150062	2	3
150066	7	150065	4	11
150071	12	328449	6	18
150080	1	150079	1	2
150091	2	150090	1	3
150113	2	150112	6	8
150115	2	595123	6	8
150129	1	150128	3	4
150135	3	150134	2	5
150144	1	595163	4	5
150147	2	150146	1	3
150169	1	595209	1	2
150196	2	150195	7	9
150217	3	595277	2	5
150225	3	150224	4	7
150247	1	595311	3	4
150249	3	150248	1	4
150283	3	595362	2	5
150293	5	595376	12	17
150299	1	150298	17	18
150305	8	150304	1	9
150308	3	595401	7	10
150314	6	150313	2	8
150318	3	150317	9	12
150333	2	150332	1	3
150334	1	595445	10	11
150342	1	150341	1	2
150353	2	595462	10	12
150355	1	150354	1	2
150368	4	595489	2	6
150371	2	150370	1	3
150379	1	595530	1	2
150380	6	595532	3	9
150398	3	150397	2	5
150418	2	150417	3	5
150425	2	595588	1	3
150431	2	595592	4	6
150439	1	150438	3	4
150458	1	150457	14	15
150465	6	150464	4	10
150477	2	595640	1	3
150478	2	1057464	2	4
150496	1	595671	2	3
150516	1	150515	5	6
150522	3	150521	1	4
150543	1	150542	1	2
150546	1	150545	2	3
150556	4	150555	1	5
150561	2	150560	4	6
150564	2	595744	4	6
150575	2	150574	2	4
150576	1	595755	6	7
150591	10	595774	5	15
150627	1	150626	4	5
150640	1	150639	4	5
150649	3	150648	1	4
150681	2	595874	3	5
150687	5	595881	4	9
150688	3	595882	6	9
150693	4	595884	2	6
150747	2	595940	2	4
150753	1	150752	3	4
150754	3	595945	4	7
150761	5	150760	1	6
150771	3	150770	3	6
150787	6	150786	1	7
150795	2	595993	4	6
150805	1	596029	3	4
150806	4	596035	2	6
150817	2	150816	6	8
150844	3	150843	4	7
150906	3	150905	2	5
150907	1	596152	2	3
150929	3	596181	7	10
150934	2	596192	4	6
150950	5	150949	5	10
150953	4	150952	1	5
150958	3	596234	2	5
150983	2	150982	4	6
150988	4	150987	1	5
150995	5	150994	4	9
151030	1	596444	9	10
151031	6	596450	6	12
151037	2	151036	1	3
151043	1	151042	6	7
151055	1	151054	1	2
151067	2	151066	7	9
151075	5	596591	6	11
151081	2	596619	8	10
151086	10	151085	2	12
151092	1	151091	5	6
151097	6	151096	2	8
151099	2	151098	2	4
151123	7	151122	1	8
151127	2	151126	1	3
151154	3	596760	3	6
151159	3	596770	2	5
151164	3	151163	1	4
151176	7	151175	3	10
151185	3	151184	2	5
151187	2	328735	5	7
151204	6	151203	8	14
151215	2	596859	6	8
151259	4	151258	6	10
151264	10	328754	4	14
151279	5	328758	4	9
151280	6	596968	14	20
151285	4	151284	2	6
151301	8	597011	6	14
151303	3	597012	3	6
151306	3	151305	4	7
151307	5	597017	16	21
151318	3	597031	8	11
151346	1	151345	3	4
151361	3	597093	4	7
151366	6	151365	5	11
151378	5	328784	3	8
151389	2	597142	25	27
151404	7	151403	5	12
151417	1	597268	6	7
151436	2	597352	2	4
151450	6	328810	1	7
151459	3	151458	1	4
151467	1	597442	2	3
151477	3	597461	7	10
151508	5	597539	4	9
151509	3	597547	4	7
151512	5	328830	6	11
151514	7	328833	2	9
151522	1	151521	4	5
151525	1	151524	7	8
151533	1	597589	4	5
151603	1	597843	4	5
151624	2	151623	5	7
151640	2	597977	3	5
151642	3	151641	5	8
151671	4	151670	3	7
151672	3	598004	7	10
151676	3	151675	2	5
151683	4	151682	4	8
151747	4	151746	9	13
151754	4	151753	49	53
151773	4	151772	1	5
151829	8	598361	10	18
151877	2	598455	6	8
151938	5	151937	4	9
151948	2	151947	4	6
151980	4	598630	8	12
151987	16	151986	8	24
152023	1	152022	5	6
152028	7	152027	1	8
152045	4	152044	2	6
152049	4	152048	5	9
152058	2	152057	5	7
152066	4	329030	4	8
152089	3	152088	1	4
152105	3	598923	4	7
152107	4	598934	7	11
152111	6	598948	5	11
152125	6	598970	2	8
152127	1	598971	5	6
152160	4	599029	5	9
152247	1	329080	9	10
152278	1	599235	11	12
152288	7	599264	4	11
152298	16	599311	14	30
152368	4	152367	8	12
152378	2	152377	5	7
152385	3	152384	2	5
152392	11	599463	1	12
152396	3	599482	4	7
152398	2	152397	2	4
152410	3	599492	7	10
152575	5	152574	4	9
152576	1	904200	11	12
152578	6	599875	11	17
152594	1	904213	7	8
152610	2	152609	7	9
152628	1	329246	5	6
152630	4	152629	4	8
152636	2	152635	3	5
152645	2	599998	3	5
152651	1	152650	3	4
152663	2	600003	1	3
152726	4	904297	5	9
152747	8	152746	3	11
152795	4	152794	3	7
152798	7	152797	7	14
152887	1	600374	1	2
152942	5	600460	6	11
152956	2	600515	13	15
152978	7	152977	3	10
152996	4	152995	7	11
152999	1	600588	1	2
153022	3	600664	2	5
153047	1	600745	2	3
153091	13	600817	4	17
153154	6	153153	3	9
153167	2	153166	4	6
153180	6	153179	1	7
153194	3	153193	1	4
153198	2	600993	4	6
153203	3	600999	9	12
153210	1	153209	2	3
153220	1	153219	3	4
153231	3	153230	2	5
153256	5	153255	3	8
153257	1	601107	69	70
153268	7	601133	11	18
153287	4	153286	4	8
153302	2	153301	3	5
153345	2	153344	1	3
153357	4	153356	1	5
153359	9	153358	2	11
153366	3	601245	13	16
153368	6	601247	2	8
153379	3	153378	5	8
153383	5	153382	3	8
153451	5	601428	5	10
153458	3	153457	2	5
153473	6	153472	6	12
153490	1	601492	5	6
153509	2	601539	4	6
153548	3	153547	1	4
153568	3	153567	7	10
153569	2	601639	6	8
153613	4	601730	8	12
153628	3	153627	4	7
153630	4	601768	1	5
153637	9	601785	8	17
153655	2	153654	2	4
153668	3	601828	1	4
153671	3	601835	4	7
153701	2	601899	2	4
153721	4	153720	7	11
153737	7	601959	2	9
153751	4	153750	4	8
153754	6	602006	2	8
153756	5	329524	6	11
153757	2	602018	4	6
153776	1	602067	5	6
153780	6	602083	2	8
153788	3	602095	1	4
153809	3	153808	2	5
153833	4	329546	1	5
153861	2	153860	7	9
153870	1	602374	4	5
153879	3	153878	3	6
153880	3	602379	3	6
153895	8	153894	2	10
153931	2	602481	2	4
153945	2	602530	5	7
153949	3	602558	1	4
153970	1	153969	7	8
153978	3	602651	4	7
153979	1	602653	5	6
153982	9	153981	1	10
153998	2	153997	1	3
154002	1	154001	2	3
154006	3	154005	3	6
154008	2	154007	7	9
154035	5	602762	11	16
154047	3	602798	4	7
154051	3	905282	5	8
154071	1	602872	2	3
154096	3	154095	4	7
154099	5	329612	6	11
154104	3	154103	6	9
154105	5	602951	6	11
154109	2	154108	8	10
154122	8	154121	4	12
154126	1	154125	1	2
154141	1	154140	2	3
154154	6	154153	2	8
154161	2	603042	3	5
154206	4	905420	8	12
154213	5	154212	2	7
154219	6	603170	6	12
154239	4	603186	7	11
154262	3	603239	3	6
154284	1	329659	1	2
154300	3	154299	1	4
154357	3	603445	2	5
154372	2	603466	4	6
154388	15	603512	12	27
154390	12	154389	3	15
154417	8	154416	7	15
154432	2	154431	1	3
154437	5	603577	1	6
154442	1	154441	1	2
154461	4	603602	2	6
154471	2	154470	2	4
154476	3	329716	2	5
154480	1	905622	3	4
154496	2	154495	4	6
154514	8	329724	3	11
154520	3	154519	5	8
154531	1	154530	1	2
154554	1	154553	1	2
154565	62	905676	14	76
154577	5	154576	4	9
154583	1	603831	6	7
154619	1	154618	1	2
154623	2	154622	2	4
154628	1	603906	4	5
154642	3	154641	1	4
154644	3	603950	19	22
154645	17	603951	4	21
154666	3	154665	1	4
154675	3	154674	1	4
154682	36	154681	1	37
154695	1	604014	3	4
154698	3	154697	1	4
154700	1	154699	1	2
154703	2	154702	3	5
154706	4	329782	6	10
154708	3	604029	4	7
154719	3	154718	3	6
154721	2	604033	2	4
154765	1	604116	1	2
154813	2	154812	1	3
154818	3	154817	3	6
154821	2	154820	3	5
154824	4	154823	5	9
154838	1	154837	3	4
154862	7	154861	2	9
154868	4	154867	4	8
154874	2	604258	15	17
154875	3	604259	5	8
154877	3	154876	10	13
154888	3	154887	5	8
154911	1	154910	2	3
154924	1	154923	1	2
154942	2	154941	3	5
154961	1	154960	4	5
154965	3	604358	2	5
154967	9	154966	3	12
154979	1	154978	2	3
154985	1	604376	11	12
155002	3	604398	3	6
155035	2	155034	5	7
155042	1	604489	3	4
155075	1	155074	1	2
155086	1	604553	4	5
155100	1	604573	5	6
155104	3	155103	11	14
155107	7	604589	2	9
155110	2	604615	4	6
155120	1	155119	4	5
155142	2	155141	4	6
155148	3	155147	1	4
155161	2	155160	1	3
155179	1	155178	4	5
155188	7	155187	1	8
155193	6	604763	3	9
155216	4	604811	1	5
155220	1	155219	2	3
155245	3	604840	2	5
155261	5	155260	2	7
155264	2	604865	5	7
155291	8	155290	2	10
155296	2	155295	2	4
155307	2	604953	2	4
155310	3	604956	5	8
155316	1	906105	1	2
155322	1	155321	2	3
155336	1	155335	1	2
155340	5	155339	7	12
155357	2	155356	2	4
155361	1	155360	3	4
155363	1	155362	8	9
155378	7	155377	6	13
155381	2	155380	3	5
155390	7	605073	7	14
155408	3	605111	3	6
155416	16	605123	3	19
155434	7	155433	1	8
155439	2	605149	4	6
155446	2	155445	4	6
155456	3	605173	4	7
155471	5	605189	5	10
155472	13	605191	11	24
155475	3	155474	2	5
155477	4	605194	6	10
155479	4	155478	8	12
155486	4	155485	2	6
155496	3	605210	5	8
155510	5	155509	7	12
155514	2	155513	4	6
155520	2	155519	3	5
155545	1	329959	2	3
155547	2	155546	3	5
155551	1	155550	1	2
155589	1	155588	6	7
155593	4	155592	3	7
155626	2	605393	2	4
155642	1	155641	1	2
155660	7	329989	2	9
155662	2	605456	2	4
155663	3	605459	3	6
155716	1	605539	1	2
155719	5	605553	6	11
155730	1	155729	2	3
155740	2	155739	3	5
155751	5	155750	3	8
155767	2	605671	2	4
155784	1	155783	2	3
155791	3	605711	3	6
155799	2	155798	5	7
155802	9	155801	3	12
155804	8	155803	1	9
155820	11	155819	4	15
155827	1	605747	3	4
155832	3	605750	5	8
155870	2	155869	1	3
155906	2	155905	4	6
155908	4	155907	5	9
155938	2	906498	1	3
155991	4	330083	2	6
155995	2	606027	1	3
156006	1	156005	5	6
156011	1	606047	2	3
156017	2	606059	7	9
156025	2	606075	3	5
156028	1	606084	2	3
156030	1	606090	4	5
156037	2	606104	7	9
156051	2	606125	3	5
156054	1	606132	3	4
156059	2	156058	4	6
156069	3	156068	1	4
156077	1	606183	3	4
156088	1	156087	1	2
156093	1	156092	2	3
156098	2	330107	1	3
156114	4	156113	4	8
156117	3	156116	3	6
156151	1	606320	6	7
156165	3	156164	8	11
156184	1	906659	2	3
156208	3	156207	3	6
156218	3	156217	7	10
156222	11	606430	5	16
156233	5	606454	1	6
156237	2	156236	2	4
156255	2	330142	3	5
156262	2	330145	3	5
156271	3	606505	3	6
156288	1	330153	35	36
156289	3	606522	1	4
156309	3	156308	2	5
156318	3	156317	1	4
156321	3	156320	5	8
156339	4	606588	4	8
156340	7	606592	2	9
156362	4	156361	3	7
156368	6	156367	4	10
156370	4	156369	4	8
156387	1	156386	1	2
156406	1	156405	3	4
156438	3	906808	1	4
156439	1	606721	2	3
156454	4	156453	2	6
156461	1	606743	4	5
156463	2	156462	2	4
156471	1	156470	1	2
156487	3	606796	3	6
156498	1	156497	3	4
156518	2	156517	9	11
156532	3	156531	1	4
156535	4	156534	3	7
156542	4	156541	1	5
156553	3	156552	1	4
156563	7	156562	3	10
156570	2	156569	7	9
156580	2	156579	4	6
156581	1	606892	1	2
156585	2	606895	4	6
156591	3	156590	2	5
156597	1	606917	3	4
156603	3	156602	2	5
156615	4	606928	4	8
156618	5	606932	1	6
156624	6	606952	7	13
156642	1	330224	1	2
156644	3	606975	2	5
156651	1	606981	2	3
156661	2	156660	3	5
156665	1	607005	2	3
156667	1	607012	6	7
156670	1	156669	3	4
156673	2	607020	3	5
156675	2	607021	4	6
156679	2	156678	4	6
156683	1	156682	1	2
156762	5	607150	4	9
156803	4	156802	1	5
156805	3	156804	2	5
156816	1	607243	4	5
156843	2	607285	1	3
156855	1	607303	3	4
156890	4	156889	1	5
156905	3	156904	2	5
156918	1	156917	2	3
156941	3	156940	1	4
156943	2	156942	1	3
156976	5	607462	4	9
156994	2	156993	1	3
157028	1	157027	1	2
157029	2	607550	5	7
157033	1	157031	1	2
157034	4	607556	2	6
157054	1	157053	3	4
157068	1	157067	5	6
157076	5	157075	3	8
157111	1	157110	1	2
157116	1	157115	2	3
157117	2	607631	1	3
157134	6	157133	1	7
157157	2	607669	3	5
157163	1	157162	2	3
157184	2	157183	1	3
157187	1	157186	1	2
157197	2	607740	1	3
157236	6	607765	1	7
157246	1	157245	2	3
157278	2	157277	3	5
157346	4	157345	1	5
157374	2	157373	1	3
157389	2	607937	3	5
157407	2	157406	1	3
157410	1	157409	2	3
157430	1	607978	1	2
157432	3	157431	2	5
157438	3	607993	3	6
157493	3	608048	1	4
157503	1	157502	5	6
157504	5	608062	4	9
157506	7	157505	1	8
157509	1	157508	1	2
157512	1	608072	1	2
157545	3	608125	2	5
157550	1	608129	2	3
157560	1	157559	3	4
157595	1	157594	3	4
157598	3	157597	2	5
157604	3	157603	4	7
157608	5	157607	5	10
157614	1	157613	2	3
157622	4	157621	19	23
157624	2	157623	5	7
157634	2	157633	5	7
157648	3	157647	1	4
157653	2	608195	2	4
157669	3	608209	1	4
157679	1	157678	1	2
157692	2	157691	1	3
157713	1	157712	1	2
157717	3	330461	4	7
157752	4	157751	8	12
157756	4	157755	3	7
157761	2	608316	7	9
157770	1	157769	1	2
157784	3	157783	2	5
157818	7	157817	3	10
157858	3	157857	3	6
157862	1	157861	3	4
157865	1	157864	2	3
157872	7	157871	18	25
157930	1	157929	1	2
157963	1	157962	1	2
157965	5	608491	2	7
157973	10	608498	1	11
157979	4	157978	1	5
157989	1	157988	13	14
158005	1	158004	1	2
158015	2	158014	1	3
158024	1	158023	1	2
158038	1	158037	4	5
158043	3	158042	3	6
158084	3	158083	1	4
158109	1	330553	2	3
158113	3	158112	2	5
158117	5	158116	3	8
158121	1	158120	2	3
158158	4	158157	2	6
158178	3	158177	3	6
158183	6	158182	3	9
158190	2	608639	6	8
158208	4	158207	2	6
158231	3	158230	1	4
158251	3	608682	6	9
158320	2	158319	5	7
158329	4	608757	2	6
158394	2	158393	2	4
158402	2	158401	3	5
158413	4	158412	1	5
158415	3	158414	5	8
158417	2	608823	2	4
158440	2	158439	5	7
158472	1	608861	5	6
158480	3	608868	5	8
158485	2	158484	2	4
158491	1	608878	1	2
158507	2	158506	2	4
158514	2	158513	1	3
158520	3	158519	2	5
158523	3	158522	3	6
158530	2	158529	2	4
158532	2	608910	1	3
158540	5	158539	5	10
158558	3	158557	2	5
158584	1	158583	3	4
158603	1	158602	1	2
158611	1	158610	1	2
158630	2	158629	1	3
158632	1	158631	1	2
158634	8	330674	7	15
158694	3	158693	1	4
158711	3	158710	1	4
158713	3	158712	2	5
158720	1	158719	12	13
158726	4	158725	1	5
158734	2	158733	3	5
158771	1	158770	2	3
158775	2	609097	6	8
158785	2	158784	1	3
158800	3	609115	3	6
158813	10	609132	21	31
158820	1	158819	3	4
158821	4	609140	6	10
158824	3	158823	2	5
158827	3	158826	1	4
158830	6	158829	1	7
158842	4	158841	1	5
158850	2	158849	2	4
158883	1	158882	3	4
158890	2	158889	1	3
158907	5	158906	4	9
158909	1	158908	6	7
158911	2	330728	1	3
158920	3	158919	1	4
158971	3	330743	4	7
158975	5	330744	5	10
158980	6	158979	2	8
158996	2	158995	2	4
159016	1	609359	1	2
159040	6	609413	11	17
159054	2	159053	2	4
159079	2	159078	1	3
159110	2	159109	6	8
159112	4	159111	2	6
159130	1	159129	1	2
159164	13	159163	8	21
159184	14	159183	7	21
159187	5	159186	8	13
159195	3	159194	5	8
159209	8	609587	9	17
159232	3	609613	6	9
159235	5	159234	2	7
159246	2	159245	1	3
159248	2	609615	3	5
159257	3	159256	4	7
159266	2	159265	2	4
159269	7	159268	5	12
159278	2	159277	3	5
159282	10	159281	9	19
159306	3	159305	4	7
159310	11	159309	2	13
159323	8	159322	4	12
159327	2	609697	5	7
159329	2	159328	1	3
159346	4	609713	11	15
159353	5	159352	3	8
159359	3	159358	5	8
159368	1	159367	6	7
159380	2	159379	7	9
159388	1	159387	2	3
159395	5	159394	10	15
159404	5	159403	4	9
159421	5	159420	4	9
159428	1	159427	1	2
159430	5	159429	2	7
159466	1	159465	3	4
159471	2	159470	1	3
159488	4	159487	3	7
159500	5	609836	3	8
159502	2	159501	2	4
159503	5	609838	1	6
159512	9	330913	16	25
159551	3	159550	3	6
159554	5	159553	8	13
159581	2	159580	1	3
159601	4	609909	8	12
159602	2	609911	4	6
159625	3	159624	2	5
159630	2	159629	7	9
159661	3	159660	4	7
159681	1	609976	2	3
159702	1	159701	1	2
159730	2	610013	6	8
159731	2	610015	2	4
159735	1	159734	1	2
159742	1	159741	2	3
159750	1	159749	1	2
159773	3	159772	4	7
159811	3	159810	2	5
159825	3	331013	1	4
159847	4	159846	3	7
159869	1	159868	1	2
159876	4	159875	7	11
159886	2	331031	5	7
159895	2	159894	1	3
159911	1	159910	3	4
159922	9	159921	3	12
159927	1	159926	1	2
159932	1	610249	7	8
159940	3	159939	4	7
159945	5	159944	1	6
159946	5	610254	6	11
159949	3	159948	5	8
159954	3	159953	2	5
159961	2	610270	5	7
159964	7	159963	1	8
159966	3	159965	2	5
159994	7	159993	6	13
159998	2	331062	1	3
160006	6	160005	4	10
160008	2	160007	3	5
160044	2	160043	4	6
160065	1	160064	2	3
160082	3	160081	2	5
160095	1	160094	4	5
160150	6	160149	5	11
160164	5	331122	2	7
160210	1	160209	4	5
160220	5	610504	1	6
160397	8	160396	3	11
160408	4	160407	2	6
160417	5	160416	8	13
160420	9	160419	7	16
160444	1	160443	3	4
160459	2	610701	6	8
160466	2	160465	5	7
160498	2	160497	1	3
160506	3	160505	7	10
160579	5	160578	2	7
160601	5	160600	1	6
160616	4	160615	5	9
160630	1	160629	1	2
160669	3	160668	3	6
160672	2	160671	2	4
160674	1	160673	3	4
160693	3	331303	2	5
160710	3	160709	1	4
160714	3	160713	3	6
160716	2	160715	3	5
160719	1	160718	1	2
160730	8	160729	2	10
160733	2	610907	2	4
160735	1	160734	1	2
160746	3	160745	4	7
160753	1	610924	1	2
160764	2	160763	2	4
160767	2	610937	5	7
160807	2	160806	3	5
160812	3	160811	5	8
160828	1	610986	12	13
160880	2	160879	8	10
160888	2	611039	2	4
160912	3	160911	5	8
160916	3	160915	2	5
160938	3	611092	5	8
160953	5	611101	5	10
160967	11	611116	5	16
160969	1	160968	2	3
160993	5	160992	4	9
160997	1	160996	5	6
161010	2	161009	3	5
161013	3	161012	3	6
161040	6	161039	3	9
161043	2	161042	7	9
161049	11	611176	28	39
161068	2	161067	2	4
161143	2	161142	1	3
161152	5	161151	23	28
161164	2	611287	9	11
161166	3	331466	2	5
161170	3	161169	5	8
161194	13	161193	3	16
161199	2	331476	3	5
161204	4	161203	3	7
161213	3	161212	5	8
161217	2	161216	1	3
161228	6	161227	6	12
161232	6	161231	4	10
161235	3	161234	6	9
161236	5	908774	4	9
161246	2	161245	4	6
161252	2	161251	2	4
161257	6	161256	3	9
161275	1	611365	5	6
161279	3	161278	6	9
161325	3	611394	9	12
161327	1	161326	1	2
161346	2	161345	3	5
161348	3	161347	1	4
161349	4	611416	1	5
161353	1	161352	2	3
161368	73	161367	4	77
161369	5	611429	3	8
161376	9	161375	3	12
161392	6	161391	1	7
161417	3	161416	3	6
161428	1	161427	3	4
161453	1	161452	1	2
161460	8	611477	3	11
161461	6	331550	34	40
161487	1	161486	2	3
161493	4	611510	5	9
161502	4	331570	1	5
161506	2	611522	6	8
161509	5	161508	6	11
161511	7	611525	4	11
161530	2	161529	2	4
161535	5	611579	1	6
161536	1	611581	4	5
161568	2	611622	3	5
161589	3	161588	1	4
161599	1	161598	2	3
161617	1	161616	2	3
161620	1	161619	1	2
161641	2	161640	2	4
161661	1	611720	2	3
161668	1	161667	1	2
161676	1	331639	3	4
161703	1	611776	2	3
161726	2	161725	1	3
161733	2	161732	1	3
161739	1	161738	1	2
161744	1	161743	2	3
161758	2	161757	1	3
161763	3	161762	1	4
161769	2	161768	1	3
161784	1	331686	3	4
161819	3	331696	1	4
161821	3	161820	1	4
161822	1	331697	2	3
161847	1	161846	1	2
161852	1	611902	1	2
161871	1	161870	1	2
161880	7	611923	1	8
161883	3	161882	3	6
161886	2	161885	1	3
161904	2	161903	4	6
161907	2	161906	1	3
161941	4	611990	5	9
161943	1	161942	2	3
161946	1	161945	2	3
161976	3	612089	4	7
162009	2	331766	3	5
162027	3	162026	5	8
162029	4	612149	1	5
162031	3	331778	5	8
162046	7	162045	6	13
162054	6	162053	3	9
162077	5	162076	5	10
162079	5	612202	5	10
162080	2	331805	9	11
162095	3	162094	1	4
162130	5	162129	2	7
162141	5	162140	7	12
162146	4	162145	5	9
162151	6	162150	7	13
162157	3	162156	2	5
162170	4	162169	2	6
162181	1	612294	7	8
162236	2	162235	1	3
162243	1	612342	2	3
162267	3	612356	8	11
162271	2	612372	2	4
162273	1	612379	1	2
162295	1	162294	1	2
162299	2	162298	6	8
162304	2	162303	1	3
162312	4	612429	1	5
162315	1	162314	2	3
162333	3	162332	1	4
162340	3	612448	4	7
162353	2	162352	1	3
162363	4	331905	2	6
162397	8	162396	6	14
162440	2	162439	3	5
162449	8	162448	14	22
162458	3	162457	3	6
162483	2	162482	1	3
162498	4	162497	6	10
162500	1	162499	2	3
162502	3	331967	3	6
162513	5	162512	5	10
162537	2	162536	3	5
162542	6	331975	3	9
162559	3	162558	1	4
162566	4	909351	2	6
162590	16	162589	15	31
162604	7	162603	8	15
162612	4	612769	1	5
162616	1	612775	34	35
162623	4	612787	4	8
162625	8	612796	6	14
162631	5	612832	5	10
162635	1	162634	3	4
162648	7	612848	1	8
162654	1	162653	7	8
162661	19	162660	8	27
162680	1	162679	3	4
162699	2	162698	5	7
162705	3	162704	1	4
162715	3	612955	4	7
162721	10	612961	9	19
162738	5	162737	4	9
162774	3	613030	5	8
162799	1	613052	6	7
162820	1	162819	3	4
162826	3	613093	3	6
162838	2	613104	1	3
162846	2	162845	6	8
162851	5	613141	5	10
162857	9	613147	3	12
162865	8	162864	1	9
162877	3	162876	6	9
162897	2	613187	3	5
162898	3	613191	11	14
162926	2	613222	6	8
162938	4	613242	4	8
162945	3	162944	1	4
162955	4	613257	8	12
162958	7	162957	3	10
163012	8	613320	6	14
163021	5	163020	2	7
163087	1	163086	1	2
163104	5	163103	2	7
163110	3	613396	8	11
163115	3	163114	2	5
163120	2	163119	5	7
163123	7	163122	2	9
163136	4	163135	3	7
163175	4	163174	7	11
163191	3	163190	2	5
163207	2	163206	4	6
163222	2	613538	1	3
163233	2	613557	7	9
163255	5	613600	5	10
163264	8	613620	1	9
163292	4	613694	8	12
163312	7	613734	4	11
163317	4	163316	7	11
163319	9	163318	11	20
163325	1	613757	8	9
163330	1	613770	6	7
163372	12	163371	1	13
163383	1	163382	3	4
163395	1	163394	2	3
163400	1	163399	1	2
163403	7	163402	1	8
163410	2	332308	2	4
163436	3	163435	4	7
163444	3	332317	13	16
163467	2	909846	8	10
163472	3	613960	3	6
163482	1	613971	3	4
163488	2	163487	1	3
163494	7	614027	1	8
163514	1	163513	2	3
163533	1	163532	3	4
163541	2	909903	2	4
163547	2	163546	5	7
163561	4	163560	1	5
163565	8	163564	3	11
163580	3	163579	8	11
163586	1	163585	4	5
163592	3	163591	4	7
163594	1	163593	5	6
163608	1	163607	3	4
163630	2	163629	4	6
163637	2	163636	2	4
163640	2	614196	3	5
163651	3	163650	1	4
163658	6	163657	3	9
163708	2	163707	2	4
163712	1	614277	7	8
163721	4	614290	1	5
163745	2	163744	5	7
163763	3	163762	3	6
163768	1	163767	1	2
163770	2	163769	1	3
163787	5	332437	2	7
163790	4	614331	4	8
163813	2	614350	4	6
163827	1	163826	2	3
163829	9	163828	4	13
163833	4	163832	2	6
163843	3	614370	11	14
163855	3	332470	3	6
163857	14	163856	4	18
163866	3	163865	4	7
163873	3	163872	4	7
163875	2	614392	4	6
163880	7	163879	3	10
163884	3	163883	7	10
163904	6	614436	1	7
163909	2	163908	5	7
163919	7	332487	3	10
163923	7	163922	2	9
163940	1	163939	6	7
163941	4	614465	5	9
163958	7	163957	4	11
163963	2	163962	2	4
163972	3	614506	10	13
163974	2	163973	5	7
163980	5	614510	5	10
163992	7	163991	2	9
163995	4	163994	3	7
164000	1	163999	2	3
164003	1	614535	8	9
164012	13	332526	3	16
164014	7	164013	1	8
164016	2	164015	6	8
164035	3	164034	2	5
164048	6	164047	2	8
164053	8	164052	2	10
164073	4	164072	1	5
164075	6	164074	1	7
164079	1	332541	1	2
164092	1	164091	19	20
164095	8	332546	5	13
164126	3	164125	2	5
164140	1	164139	1	2
164141	1	614719	4	5
164150	1	614727	9	10
164177	3	614741	11	14
164179	3	164178	3	6
164193	1	164192	3	4
164197	6	164196	4	10
164198	4	614768	9	13
164215	4	614791	2	6
164218	6	614794	6	12
164229	2	614803	4	6
164243	3	614825	4	7
164248	1	164247	1	2
164256	1	614848	3	4
164296	14	614889	5	19
164300	11	164299	4	15
164301	2	614908	7	9
164302	4	332625	6	10
164315	9	614938	5	14
164324	4	164323	2	6
164351	3	614973	7	10
164388	3	164387	3	6
164442	3	164441	9	12
164444	1	615098	3	4
164450	9	164449	5	14
164457	2	332687	4	6
164460	2	164459	4	6
164464	8	164463	2	10
164484	2	164483	2	4
164494	4	164493	1	5
164533	4	164532	9	13
164536	5	164535	5	10
164550	3	164549	1	4
164560	1	332721	2	3
164561	2	615255	3	5
164568	1	332726	3	4
164576	2	615290	19	21
164588	8	164587	1	9
164594	4	615313	7	11
164596	4	164595	1	5
164605	2	615350	4	6
164608	3	615353	2	5
164613	3	164612	4	7
164620	4	332746	3	7
164625	4	164624	3	7
164629	3	164628	1	4
164633	3	164632	2	5
164659	3	164658	34	37
164674	2	164673	2	4
164677	1	164676	2	3
164706	5	164705	4	9
164723	2	164722	2	4
164735	3	164734	3	6
164752	4	164751	4	8
164757	1	164756	4	5
164760	2	615495	2	4
164783	1	615534	2	3
164787	5	164786	2	7
164800	3	164799	1	4
164804	1	164803	4	5
164806	1	164805	2	3
164811	2	164810	1	3
164818	2	164817	1	3
164837	3	615625	5	8
164846	3	615630	5	8
164888	2	615714	1	3
164894	3	164893	2	5
164906	1	615743	3	4
164938	3	164937	3	6
164943	3	164942	1	4
164955	3	615799	2	5
164983	3	615838	1	4
164986	2	164985	5	7
164990	1	164989	4	5
164995	4	164994	5	9
165010	3	615867	12	15
165027	5	615894	6	11
165034	3	165033	2	5
165053	4	165052	3	7
165058	3	615946	10	13
165061	6	332911	3	9
165077	6	165076	8	14
165083	2	615979	8	10
165095	4	616010	3	7
165117	1	616038	6	7
165132	4	616044	7	11
165140	8	165139	8	16
165145	1	910735	2	3
165147	4	165146	2	6
165162	16	616097	3	19
165176	8	165175	4	12
165183	7	165182	2	9
165186	3	165185	4	7
165191	3	165190	1	4
165193	3	165192	4	7
165203	5	165202	6	11
165218	1	165217	1	2
165223	1	165222	4	5
165224	3	616148	3	6
165227	3	165226	20	23
165230	2	165229	10	12
165234	2	165233	2	4
165250	9	616182	4	13
165251	10	616185	12	22
165257	3	165256	2	5
165267	1	616192	3	4
165269	2	165268	1	3
165280	4	165279	1	5
165288	6	616236	5	11
165341	3	165340	4	7
165351	3	616322	1	4
165358	3	165357	7	10
165362	3	165361	7	10
165371	1	616354	10	11
165389	4	616398	2	6
165473	3	165472	2	5
165477	26	165476	10	36
165490	12	616524	5	17
165491	7	333070	3	10
165497	4	165496	4	8
165511	4	616548	2	6
165519	2	165518	6	8
165543	3	165542	3	6
165545	4	616607	7	11
165546	2	333087	1	3
165551	5	165550	6	11
165581	5	165580	2	7
165590	3	616651	12	15
165610	5	165609	3	8
165612	4	165611	2	6
165615	1	616675	1	2
165622	2	165621	4	6
165640	4	165639	5	9
165650	1	165649	5	6
165652	7	165651	1	8
165666	6	165665	3	9
165673	5	616750	1	6
165681	3	165680	5	8
165690	1	165689	1	2
165691	2	616769	6	8
165716	1	165715	3	4
165724	11	165723	3	14
165735	10	165734	11	21
165744	2	616830	1	3
165753	1	165752	1	2
165768	12	616891	11	23
165793	2	616944	5	7
165796	2	165795	5	7
165826	1	165825	5	6
165828	2	165827	5	7
165834	3	617024	3	6
165851	1	617069	3	4
165852	5	617071	9	14
165872	4	617091	9	13
165878	2	165877	9	11
165885	11	165884	2	13
165888	6	165887	3	9
165893	3	165892	10	13
165897	3	617134	3	6
165911	9	617172	25	34
165914	1	165913	4	5
165954	4	333229	10	14
165956	7	165955	2	9
165984	2	165983	4	6
165993	2	165992	3	5
166000	5	165999	3	8
166009	4	166008	2	6
166026	1	166025	4	5
166040	2	617372	2	4
166042	2	166041	6	8
166058	9	166057	5	14
166112	2	617474	1	3
166148	5	166147	1	6
166167	2	166166	6	8
166190	7	617641	9	16
166193	2	166192	9	11
166243	52	166242	1	53
166361	10	618024	1	11
166388	3	166387	2	5
166432	1	166431	3	4
166476	2	166475	2	4
166479	5	166478	3	8
166485	5	166484	9	14
166500	2	166499	1	3
166539	2	166538	3	5
166540	3	618326	2	5
166545	4	618332	2	6
166550	4	166549	5	9
166552	1	333466	11	12
166582	4	166581	6	10
166605	2	618413	11	13
166618	5	618425	5	10
166631	3	618434	3	6
166637	1	166636	2	3
166647	2	166646	5	7
166661	8	166660	3	11
166696	2	166695	3	5
166713	8	618545	2	10
166717	6	618554	3	9
166743	3	618581	1	4
166757	1	166756	2	3
166770	7	618643	2	9
166771	5	618648	2	7
166808	2	618746	8	10
166844	2	618846	2	4
166865	1	618888	3	4
166876	5	618906	2	7
166890	2	166889	1	3
166895	2	618937	2	4
166919	7	618996	17	24
166928	3	911952	5	8
166959	4	166958	1	5
167012	5	167011	4	9
167035	1	167034	1	2
167070	2	619463	9	11
167099	4	619586	14	18
167119	8	167118	2	10
167120	2	619668	6	8
167124	1	333693	6	7
167142	1	167141	2	3
167144	6	619758	8	14
167184	3	167183	1	4
167187	3	167186	2	5
167200	3	619973	9	12
167215	4	167214	4	8
167225	1	620059	7	8
167241	5	167240	5	10
167244	2	620120	7	9
167263	7	167262	6	13
167274	2	620162	4	6
167336	21	167335	33	54
167347	9	167346	2	11
167397	4	167396	4	8
167399	2	167398	5	7
167418	4	620411	14	18
167452	6	620495	6	12
167468	3	167467	2	5
167501	3	620593	4	7
167512	6	620613	9	15
167543	6	620695	2	8
167551	9	167550	2	11
167570	2	167569	2	4
167585	4	912690	4	8
167604	9	333831	8	17
167609	3	167608	5	8
167646	1	620803	2	3
167683	4	620883	3	7
167696	13	167695	2	15
167711	6	620938	1	7
167727	4	167726	2	6
167740	2	167739	2	4
167759	4	621067	12	16
167780	1	167779	6	7
167859	10	333927	15	25
167868	4	167867	8	12
167897	6	167896	9	15
167978	7	167977	2	9
167980	1	167979	3	4
167985	12	621458	1	13
168018	1	168017	1	2
168020	3	168019	3	6
168035	4	621523	2	6
168045	3	621571	2	5
168055	3	334014	2	5
168068	1	168067	2	3
168071	2	168070	2	4
168099	15	621634	9	24
168141	7	168140	1	8
168145	11	168144	5	16
168153	4	168152	1	5
168155	1	621701	3	4
168159	1	168158	4	5
168161	3	168160	1	4
168166	13	168165	5	18
168202	1	621779	1	2
168264	1	168263	5	6
168306	1	168305	3	4
168323	3	168322	2	5
168343	1	168342	2	3
168351	3	621990	3	6
168414	13	622066	5	18
168423	1	168422	2	3
168434	2	334171	5	7
168435	2	622097	4	6
168485	1	168484	10	11
168533	2	168532	4	6
168539	6	622259	1	7
168541	8	622266	5	13
168559	2	622307	2	4
168568	3	334238	2	5
168586	4	622340	2	6
168588	1	168587	1	2
168589	2	622342	2	4
168616	5	622374	2	7
168649	2	168648	2	4
168658	3	168657	1	4
168668	5	168667	4	9
168678	3	168677	1	4
168708	1	168707	2	3
168709	3	334303	3	6
168725	2	168724	4	6
168732	2	622520	5	7
168746	2	168745	3	5
168756	5	168755	8	13
168762	4	168761	4	8
168767	3	334322	2	5
168782	5	622556	4	9
168848	1	622634	2	3
168863	4	334353	1	5
168878	4	168877	21	25
168899	3	168898	3	6
168927	5	168926	4	9
168937	1	334376	2	3
168962	21	622800	24	45
168963	10	622801	11	21
168965	4	168964	3	7
168968	5	168967	8	13
168981	3	622811	3	6
169013	1	169012	2	3
169019	1	169018	4	5
169027	5	169026	14	19
169041	4	169040	2	6
169078	8	169077	2	10
169086	5	622932	1	6
169090	3	622939	2	5
169101	2	622956	1	3
169113	5	334441	3	8
169136	3	169135	1	4
169181	2	623032	3	5
169183	3	169182	6	9
169201	7	169200	2	9
169202	2	913693	22	24
169231	3	169230	1	4
169274	1	623194	12	13
169293	1	169292	6	7
169294	1	623234	17	18
169299	7	169298	1	8
169318	2	169317	11	13
169322	4	623251	14	18
169334	6	623284	2	8
169340	4	169339	1	5
169381	7	169380	5	12
169385	3	169384	15	18
169402	11	334554	7	18
169418	1	169417	3	4
169428	4	169427	2	6
169435	4	169434	3	7
169447	6	334581	4	10
169449	1	169448	4	5
169450	2	623405	3	5
169455	1	623411	3	4
169464	2	169463	8	10
169468	1	169467	1	2
169515	3	169514	4	7
169526	3	169525	4	7
169530	2	169529	3	5
169557	8	334640	1	9
169561	1	169560	2	3
169571	4	334646	8	12
169575	4	169574	1	5
169578	1	169577	1	2
169609	4	169608	4	8
169611	2	169610	2	4
169615	3	169614	4	7
169621	4	169620	4	8
169624	2	169623	2	4
169632	2	334674	2	4
169654	1	169653	2	3
169668	10	623629	2	12
169682	3	169681	1	4
169713	1	623679	11	12
169757	5	623741	4	9
169811	1	623812	9	10
169814	7	169813	5	12
169818	3	169817	6	9
169831	2	169830	5	7
169837	4	169836	3	7
169839	2	169838	1	3
169867	4	169866	2	6
169883	5	623888	9	14
169896	2	169895	1	3
169910	3	169909	1	4
169918	3	169917	3	6
169939	6	169938	4	10
169945	3	623948	9	12
169948	6	169947	10	16
169979	6	169978	2	8
169993	1	169992	3	4
170011	2	170010	8	10
170039	4	170038	5	9
170044	3	170043	2	5
170060	4	624144	4	8
170076	8	170075	2	10
170078	4	624210	1	5
170087	2	170086	2	4
170089	1	170088	1	2
170098	1	624220	3	4
170101	2	624226	11	13
170102	2	334894	4	6
170106	2	170105	1	3
170109	2	624234	3	5
170116	1	170115	1	2
170134	4	170133	3	7
170159	2	170158	4	6
170160	3	624329	5	8
170173	1	334921	8	9
170182	1	170181	1	2
170210	3	170209	2	5
170221	1	334948	1	2
170223	5	624415	2	7
170246	16	170245	11	27
170250	2	624465	11	13
170312	2	624628	2	4
170316	3	170315	4	7
170321	5	170320	7	12
170338	7	624675	6	13
170342	2	170341	1	3
170344	4	170343	8	12
170351	5	170350	2	7
170354	2	335020	2	4
170360	3	170359	3	6
170381	1	914368	1	2
170395	4	170394	6	10
170408	1	170407	3	4
170425	2	170424	3	5
170441	11	335077	5	16
170461	3	624833	6	9
170468	3	170467	2	5
170475	3	170474	4	7
170481	4	624844	5	9
170489	3	170488	4	7
170513	31	170512	4	35
170517	6	624881	5	11
170566	5	170565	3	8
170569	1	170568	7	8
170570	4	335145	4	8
170585	7	170584	1	8
170632	6	170631	5	11
170645	8	625109	3	11
170650	1	335196	5	6
170654	15	335197	12	27
170667	3	170666	4	7
170673	5	170672	7	12
170705	2	335221	4	6
170710	10	170709	4	14
170737	2	170736	1	3
170743	13	625211	6	19
170746	5	625224	7	12
170753	5	170752	2	7
170757	3	170756	5	8
170786	2	625264	2	4
170789	1	335256	2	3
170791	1	625267	1	2
170796	5	170795	4	9
170805	1	170804	3	4
170845	3	170844	3	6
170851	2	170850	3	5
170860	2	335291	4	6
170862	1	625358	3	4
170880	3	170879	7	10
170884	1	170883	3	4
170908	2	170907	1	3
170913	1	625423	1	2
170924	3	170923	1	4
170931	4	170930	5	9
170941	6	170940	3	9
170942	5	625460	9	14
170963	1	625488	5	6
170995	3	170994	2	5
170996	7	625509	7	14
171002	4	171001	3	7
171005	4	335357	1	5
171006	1	625527	5	6
171028	2	335369	10	12
171030	3	171029	7	10
171033	6	335371	5	11
171050	1	171049	2	3
171055	6	625577	11	17
171061	7	171060	4	11
171063	5	171062	1	6
171065	5	171064	4	9
171068	1	335380	6	7
171070	3	625589	1	4
171073	3	171072	3	6
171077	3	335386	8	11
171082	5	171081	2	7
171084	4	914751	7	11
171087	1	171086	4	5
171097	3	171096	2	5
171136	2	625655	1	3
171142	2	625663	1	3
171144	1	625668	2	3
171157	3	171156	1	4
171172	3	335424	1	4
171185	1	625704	1	2
171195	3	171194	2	5
171201	2	171200	1	3
171204	5	171203	3	8
171213	3	171212	2	5
171220	8	171219	3	11
171223	2	625748	1	3
171230	16	625760	3	19
171233	6	171232	3	9
171240	2	171239	1	3
171246	1	171245	3	4
171248	3	171247	2	5
171250	2	171249	1	3
171275	9	625788	17	26
171278	5	335459	4	9
171340	63	171339	6	69
171352	2	625881	2	4
171360	1	335500	1	2
171371	8	625903	5	13
171372	5	625905	4	9
171410	1	625974	1	2
171454	1	914967	3	4
171477	3	626151	5	8
171497	2	626200	5	7
171585	24	626298	9	33
171600	4	626313	5	9
171650	8	171649	7	15
171660	16	626390	8	24
171665	1	171664	3	4
171666	2	626420	2	4
171671	5	171670	5	10
171675	1	626433	3	4
171684	6	171683	6	12
171686	3	626442	8	11
171745	6	171744	7	13
171765	10	171764	7	17
171772	12	171771	12	24
171781	7	171780	4	11
171801	11	171800	5	16
171803	3	171802	4	7
171820	5	171819	8	13
171821	8	335737	9	17
171827	7	171826	9	16
171856	5	171855	7	12
171874	9	171873	4	13
171885	9	171884	5	14
171893	8	171892	4	12
171895	9	626613	8	17
171899	7	171898	7	14
171905	4	171904	1	5
171913	14	171912	6	20
171917	6	171916	3	9
171930	2	626650	6	8
171956	9	626686	29	38
171973	5	171972	1	6
171983	1	171982	3	4
172005	7	172004	7	14
172007	8	172006	9	17
172018	1	172017	1	2
172019	5	626756	2	7
172034	2	626770	7	9
172036	3	626772	2	5
172049	1	335814	1	2
172060	3	172059	5	8
172079	7	172078	2	9
172123	8	172122	10	18
172166	9	172165	5	14
172167	5	626908	15	20
172182	6	172181	7	13
172193	2	172192	6	8
172200	2	172199	1	3
172204	3	626944	10	13
172231	1	172230	8	9
172250	9	172249	3	12
172265	2	627004	3	5
172271	2	172270	3	5
172273	4	627024	10	14
172300	2	172299	2	4
172308	3	172307	5	8
172317	2	915361	5	7
172348	10	172347	13	23
172351	16	172350	11	27
172391	2	172390	1	3
172404	2	627205	9	11
172405	3	335938	3	6
172465	11	627276	4	15
172468	3	172467	6	9
172474	7	172473	3	10
172496	7	627304	47	54
172503	3	627312	3	6
172509	4	627314	4	8
172511	3	172510	2	5
172520	3	172519	2	5
172581	20	172580	33	53
172585	4	172584	5	9
172607	1	627437	1	2
172608	3	336004	2	5
172616	5	172615	2	7
172618	3	172617	1	4
172639	3	336021	1	4
172682	1	172681	1	2
172688	2	172687	2	4
172693	2	172692	2	4
172702	2	172701	1	3
172710	1	336051	1	2
172724	10	172723	5	15
172729	5	627581	3	8
172734	1	172733	2	3
172761	2	172760	2	4
172770	1	172769	2	3
172802	1	172801	2	3
172807	7	627656	6	13
172813	1	172812	7	8
172820	5	627672	6	11
172821	7	336092	3	10
172825	5	627683	7	12
172834	1	336103	1	2
172850	1	172849	2	3
172855	7	172854	3	10
172867	11	172866	7	18
172869	4	172868	8	12
172875	5	172874	1	6
172908	4	336126	5	9
172914	1	172913	4	5
172955	3	172954	1	4
172962	2	172961	2	4
172974	3	627802	1	4
172978	1	172977	3	4
172985	3	172984	7	10
172986	3	627807	8	11
173010	5	173009	1	6
173014	3	173013	1	4
173018	1	173017	2	3
173031	2	627862	1	3
173060	2	173059	1	3
173071	4	336188	9	13
173083	2	173082	5	7
173093	1	173092	1	2
173101	3	627922	6	9
173103	1	173102	3	4
173114	3	173113	2	5
173150	6	627981	4	10
173174	1	336221	1	2
173179	2	628009	6	8
173182	3	173181	3	6
173185	1	173184	6	7
173213	5	173212	4	9
173226	3	628044	5	8
173229	2	173228	9	11
173245	2	173244	3	5
173251	15	173250	4	19
173256	1	336256	3	4
173268	1	173267	1	2
173272	9	173271	7	16
173273	2	628094	8	10
173283	4	173282	5	9
173287	2	173286	8	10
173309	2	173308	7	9
173326	2	173325	5	7
173348	5	628162	1	6
173370	5	628196	4	9
173384	1	173383	1	2
173397	7	173396	1	8
173410	3	173409	3	6
173432	3	173431	2	5
173439	1	628287	3	4
173459	5	173458	1	6
173462	2	173461	3	5
173471	1	628367	2	3
173498	3	173497	2	5
173502	1	173501	1	2
173512	3	628450	2	5
173530	2	173529	1	3
173538	1	173537	4	5
173548	6	173547	5	11
173549	4	628516	1	5
173558	4	173557	7	11
173612	3	628595	7	10
173613	2	628596	3	5
173661	4	628653	4	8
173668	4	173667	1	5
173693	1	173692	3	4
173696	6	628692	8	14
173722	4	173721	6	10
173725	6	628771	5	11
173781	2	336407	2	4
173808	5	173807	5	10
173811	3	628944	3	6
173820	1	173819	1	2
173827	3	173826	5	8
173838	2	173837	2	4
173844	4	629014	4	8
173859	4	173858	3	7
173861	1	173860	3	4
173863	3	173862	1	4
173866	3	173865	1	4
173868	2	173867	1	3
173876	4	629044	1	5
173890	1	629096	1	2
173921	2	916203	8	10
173924	3	629176	3	6
173955	4	629233	5	9
173965	3	173964	4	7
173975	1	173974	1	2
173992	2	173991	5	7
173993	1	629316	3	4
174003	1	174002	4	5
174016	6	174015	5	11
174021	1	174020	2	3
174059	2	629407	3	5
174062	1	174061	1	2
174065	4	336482	18	22
174080	8	174079	3	11
174081	2	629431	2	4
174089	1	174088	1	2
174094	9	336492	9	18
174105	1	174104	3	4
174109	6	629489	2	8
174124	3	629517	4	7
174130	2	174129	6	8
174133	9	629531	3	12
174146	1	174145	2	3
174149	2	174148	1	3
174154	3	629543	11	14
174157	2	174156	1	3
174160	4	336504	11	15
174172	1	174171	1	2
174175	3	174174	5	8
174177	1	916344	7	8
174225	12	174224	2	14
174232	1	174231	7	8
174252	1	174251	3	4
174281	4	174280	2	6
174287	3	174286	3	6
174293	1	174292	7	8
174298	5	174297	2	7
174302	4	174301	1	5
174305	2	174304	2	4
174311	2	174310	5	7
174317	4	174316	4	8
174347	2	629747	1	3
174379	1	174378	5	6
174390	5	174389	3	8
174391	2	629816	1	3
174392	1	629819	5	6
174407	5	629849	9	14
174418	3	629874	3	6
174421	1	174420	7	8
174430	3	629918	4	7
174444	1	174443	2	3
174457	1	629962	1	2
174459	1	336586	4	5
174461	2	629965	1	3
174462	1	629966	7	8
174467	9	174466	2	11
174481	8	174480	3	11
174484	4	629984	5	9
174489	2	629995	3	5
174491	3	174490	3	6
174508	3	174507	3	6
174517	13	630015	1	14
174526	5	174525	2	7
174531	4	630046	15	19
174547	7	174546	10	17
174550	7	174549	8	15
174566	6	630098	10	16
174571	10	174570	3	13
174628	19	630171	9	28
174635	1	630179	6	7
174652	2	174651	4	6
174656	7	174655	3	10
174663	6	174662	2	8
174668	2	174667	5	7
174687	2	174686	18	20
174688	1	630233	2	3
174726	1	174725	1	2
174731	2	630264	7	9
174754	1	174753	4	5
174763	2	174762	4	6
174785	1	630296	5	6
174788	2	174787	1	3
174791	3	174790	4	7
174803	6	630311	3	9
174809	3	174808	1	4
174810	2	630313	7	9
174813	3	630314	4	7
174841	1	336683	3	4
174843	8	630381	2	10
174844	1	336684	7	8
174849	1	174848	2	3
174859	5	630403	5	10
174861	4	174860	1	5
174871	1	630435	3	4
174875	8	630439	11	19
174877	9	336692	14	23
174885	1	174884	2	3
174899	1	174898	3	4
174908	1	630463	3	4
174924	7	174923	2	9
174946	2	174945	3	5
174959	3	630546	1	4
174967	1	174966	1	2
174973	2	174972	1	3
174979	11	630560	6	17
174990	1	630601	2	3
175015	2	630633	5	7
175016	1	630637	3	4
175023	4	175022	1	5
175028	4	175027	2	6
175063	2	175062	6	8
175074	3	175073	6	9
175094	4	175093	7	11
175095	3	630745	5	8
175097	3	175096	4	7
175104	1	336729	9	10
175115	3	175114	4	7
175118	1	175117	3	4
175121	5	630806	3	8
175142	2	175141	3	5
175146	4	175145	2	6
175150	4	175149	1	5
175159	5	630860	3	8
175162	1	630863	2	3
175212	3	175211	1	4
175214	4	175213	1	5
175242	3	175241	2	5
175256	1	175255	1	2
175259	3	336771	1	4
175263	3	630982	2	5
175324	2	631130	2	4
175341	3	631156	1	4
175348	5	175347	1	6
175356	1	631169	1	2
175403	2	175402	1	3
175410	2	175409	2	4
175443	2	631339	2	4
175454	3	631352	1	4
175548	2	175547	3	5
175584	2	336878	5	7
175599	2	175598	1	3
175630	2	175629	1	3
175654	2	631653	3	5
175682	1	175681	2	3
175700	2	175699	1	3
175739	1	631756	2	3
175795	1	175794	1	2
175806	1	336923	1	2
175829	3	175828	1	4
175831	1	631894	3	4
175838	4	631901	1	5
175845	2	175844	3	5
175850	2	631929	1	3
176035	2	632351	1	3
176069	2	176068	1	3
176096	1	632458	3	4
176113	1	632519	3	4
176118	2	632527	3	5
176130	2	176129	3	5
176148	10	176147	5	15
176152	3	176151	1	4
176154	2	632587	6	8
176160	4	632605	2	6
176171	8	632622	2	10
176180	6	176179	7	13
176188	6	176187	2	8
176193	2	176192	5	7
176201	3	176200	9	12
176204	2	632722	3	5
176207	3	632732	3	6
176211	2	176210	2	4
176219	10	632758	5	15
176221	2	632764	3	5
176245	6	176244	2	8
176250	4	176249	7	11
176284	2	632939	7	9
176288	6	176287	5	11
176322	1	176321	3	4
176341	3	633047	5	8
176347	4	176346	1	5
176366	13	633148	12	25
176367	8	633158	6	14
176377	12	176376	3	15
176385	4	633196	8	12
176398	4	176397	3	7
176416	4	176415	6	10
176427	8	176426	10	18
176450	4	633262	9	13
176452	3	176451	1	4
176454	2	176453	3	5
176457	4	633278	10	14
176474	1	176473	1	2
176480	7	633346	2	9
176512	23	633418	5	28
176537	4	633470	5	9
176538	2	633482	7	9
176543	2	176542	5	7
176568	7	633561	3	10
176580	3	633606	4	7
176581	2	633612	59	61
176619	2	633739	4	6
176621	3	176620	3	6
176628	2	633768	8	10
176629	2	633771	4	6
176631	3	176630	6	9
176640	9	633788	8	17
176650	4	633800	12	16
176655	5	176654	9	14
176658	5	633841	7	12
176687	1	633949	2	3
176710	6	176709	3	9
176715	12	634055	19	31
176724	5	337176	2	7
176736	3	634099	5	8
176759	1	176758	1	2
176767	8	176766	5	13
176770	3	176769	4	7
176788	2	634267	3	5
176790	5	634271	9	14
176812	5	176811	1	6
176840	5	634353	6	11
176847	3	176846	9	12
176850	5	176849	2	7
176859	3	918124	68	71
176872	5	634455	11	16
176879	1	634476	2	3
176900	1	634546	1	2
176904	3	634567	5	8
176908	4	634582	6	10
176930	5	634605	7	12
176964	5	176963	6	11
176981	1	634735	5	6
176989	6	634750	5	11
177012	1	634824	3	4
177033	1	177032	2	3
177072	1	177071	3	4
177095	5	635072	4	9
177103	14	177102	1	15
177124	1	635121	1	2
177134	2	177133	3	5
177146	1	635164	3	4
177151	5	635171	7	12
177159	1	635202	2	3
177168	3	635218	1	4
177175	1	635231	3	4
177177	5	177176	2	7
177185	8	635239	13	21
177222	15	635310	2	17
177229	2	635322	6	8
177247	2	635358	10	12
177249	1	635365	7	8
177266	8	337354	5	13
177282	1	177281	1	2
177297	3	635495	15	18
177298	1	635497	2	3
177354	4	177353	10	14
177377	10	177376	4	14
177392	7	635831	14	21
177393	9	635832	2	11
177403	2	177402	1	3
177408	5	177407	3	8
177420	6	177419	3	9
177459	2	635924	7	9
177463	4	177462	4	8
177487	1	177486	2	3
177490	1	177489	2	3
177516	3	636160	21	24
177540	2	177539	3	5
177542	3	177541	6	9
177548	4	177547	24	28
177555	2	177554	1	3
177568	13	177567	2	15
177573	1	636306	7	8
177590	5	177589	3	8
177594	1	177593	1	2
177604	2	177603	4	6
177620	3	177619	2	5
177631	2	636446	1	3
177668	2	636540	10	12
177669	1	636542	7	8
177695	1	636630	7	8
177708	1	636676	6	7
177714	2	177713	1	3
177715	4	636716	2	6
177717	1	636718	7	8
177721	5	636724	4	9
177733	4	177732	2	6
177759	4	177758	1	5
177771	2	177770	1	3
177774	2	177773	1	3
177780	3	177779	1	4
177795	3	177794	1	4
177825	3	177823	13	16
177840	2	177839	3	5
177871	7	637042	7	14
177876	7	177875	13	20
177913	1	177912	3	4
177929	5	177928	7	12
177973	1	177972	2	3
177978	3	177977	5	8
177987	3	177986	3	6
177990	5	177989	4	9
178018	7	637335	5	12
178040	8	178039	1	9
178048	5	178047	5	10
178056	3	178055	2	5
178062	7	178061	4	11
178072	4	637411	7	11
178076	3	637412	4	7
178097	1	178096	2	3
178105	1	178104	3	4
178119	2	178118	2	4
178134	4	178133	8	12
178135	1	637455	2	3
178151	1	637483	27	28
178188	9	178187	1	10
178197	3	637555	4	7
178208	4	637563	9	13
178214	2	178213	2	4
178218	4	178217	1	5
178222	4	178221	3	7
178236	7	178235	3	10
178247	2	178246	7	9
178252	8	178251	2	10
178265	2	637613	4	6
178298	3	178297	5	8
178301	6	178300	3	9
178304	3	178303	1	4
178306	4	637664	4	8
178334	1	178333	3	4
178341	2	178340	4	6
178353	3	178352	4	7
178354	2	637722	4	6
178356	6	178355	1	7
178361	1	637743	1	2
178373	2	178372	10	12
178376	4	178375	4	8
178390	3	178389	3	6
178454	3	178453	5	8
178460	2	637870	3	5
178466	5	178465	2	7
178469	5	178468	5	10
178481	2	637893	3	5
178490	2	637921	5	7
178503	2	178502	2	4
178509	5	178508	6	11
178512	2	637959	8	10
178526	4	637984	3	7
178594	2	178593	3	5
178610	3	178609	1	4
178614	4	178613	8	12
178624	3	638126	3	6
178648	2	638158	1	3
178676	8	178675	3	11
178694	2	178693	2	4
178706	3	178705	5	8
178711	1	178710	9	10
178721	3	638252	5	8
178750	1	638327	7	8
178764	2	337755	6	8
178792	1	178791	1	2
178809	2	178808	2	4
178824	3	178823	6	9
178844	2	178843	3	5
178852	7	638420	9	16
178855	1	178854	1	2
178862	5	638427	3	8
178864	5	638433	6	11
178866	1	337786	2	3
178902	5	638491	9	14
178909	3	178908	4	7
178920	3	638503	2	5
178937	1	178936	1	2
178940	3	638540	3	6
178979	3	178978	1	4
178988	4	178987	1	5
178996	1	178995	5	6
179035	1	638688	4	5
179051	2	179050	1	3
179059	3	179058	1	4
179062	3	638742	2	5
179065	1	179064	2	3
179075	1	638768	2	3
179108	3	638827	6	9
179135	5	179134	2	7
179137	2	179136	4	6
179163	3	337862	1	4
179177	2	337865	4	6
179193	2	337869	1	3
179199	1	179198	1	2
179214	6	179213	4	10
179225	1	639048	1	2
179244	1	639087	5	6
179274	1	639106	2	3
179278	5	179277	1	6
179297	4	639149	1	5
179328	2	179327	7	9
179333	2	639203	3	5
179335	2	639214	2	4
179342	4	639222	8	12
179388	2	179387	2	4
179409	2	179408	7	9
179411	2	179410	7	9
179419	3	179418	2	5
179424	4	639380	3	7
179434	3	179433	2	5
179436	3	179435	1	4
179438	2	179437	1	3
179453	2	179452	2	4
179462	1	639420	2	3
179464	1	639425	2	3
179469	6	179468	4	10
179475	1	639437	2	3
179479	1	179478	1	2
179482	1	179481	2	3
179514	2	179513	3	5
179524	2	179523	6	8
179539	1	639517	1	2
179554	4	639575	5	9
179602	1	179601	1	2
179609	1	639654	1	2
179684	2	639725	2	4
179687	1	179686	3	4
179694	4	179693	6	10
179702	1	179701	2	3
179724	1	179723	3	4
179732	2	179731	2	4
179738	4	639790	1	5
179741	3	639797	3	6
179743	2	639799	4	6
179750	3	179749	3	6
179763	4	179762	2	6
179768	4	639835	3	7
179771	3	179770	1	4
179776	3	179775	8	11
179778	3	179777	8	11
179792	1	338025	2	3
179808	15	179807	6	21
179819	1	179818	7	8
179829	1	179828	1	2
179838	3	179837	2	5
179855	3	639925	5	8
179867	4	639941	3	7
179872	1	179871	1	2
179892	4	179891	6	10
179910	3	179909	1	4
179915	4	639999	2	6
179940	5	179939	1	6
179954	1	179953	2	3
179971	2	640080	3	5
180000	1	179999	2	3
180004	2	180003	3	5
180008	3	640137	3	6
180017	6	180016	3	9
180024	2	640152	5	7
180042	8	180041	2	10
180081	1	180080	6	7
180092	1	640218	1	2
180110	2	640231	7	9
180115	2	180114	2	4
180121	2	640243	1	3
180174	2	640292	2	4
180225	6	640342	1	7
180230	1	180229	1	2
180232	2	180231	2	4
180261	4	640385	6	10
180264	4	180263	1	5
180267	1	180266	1	2
180271	1	180270	5	6
180282	2	180281	3	5
180294	1	180293	12	13
180298	2	180297	1	3
180308	1	180307	1	2
180331	3	180330	1	4
180340	3	180339	1	4
180351	1	180350	3	4
180367	4	180366	1	5
180384	1	180383	2	3
180404	5	180403	1	6
180438	3	180437	2	5
180466	2	180465	4	6
180470	3	180469	1	4
180479	2	180478	3	5
180492	2	640589	6	8
180503	2	640604	7	9
180515	1	180514	2	3
180534	5	180533	1	6
180538	1	180537	2	3
180551	2	180550	1	3
180559	6	180558	5	11
180603	2	338250	7	9
180607	1	180606	1	2
180609	4	640723	2	6
180612	4	180611	2	6
180631	4	338256	6	10
180654	8	640784	2	10
180666	2	640800	5	7
180669	3	180668	1	4
180671	3	180670	4	7
180674	7	180673	3	10
180689	1	180688	2	3
180702	3	640840	6	9
180725	6	180724	1	7
180741	1	338278	1	2
180744	1	180743	1	2
180746	1	180745	1	2
180766	3	180765	1	4
180768	1	180767	3	4
180776	2	180775	1	3
180790	1	180789	4	5
180797	1	180796	3	4
180799	1	180798	3	4
180805	2	180804	1	3
180832	5	180831	3	8
180838	4	640960	4	8
180842	1	180841	1	2
180857	12	640985	7	19
180881	3	180880	7	10
180893	2	180892	1	3
180895	1	180894	3	4
180902	3	180901	1	4
180924	1	180923	1	2
180931	4	180930	3	7
180937	5	180936	4	9
180983	4	180982	6	10
181031	7	181030	1	8
181038	5	181037	2	7
181046	2	181045	1	3
181084	2	181083	2	4
181090	3	181089	2	5
181092	1	641218	3	4
181094	1	181093	1	2
181095	1	641220	2	3
181109	3	181108	2	5
181116	3	181115	2	5
181133	4	181132	3	7
181138	4	641269	6	10
181145	5	181144	4	9
181146	4	641285	14	18
181178	6	181177	6	12
181182	1	181181	1	2
181200	2	181199	7	9
181206	5	181205	3	8
181214	1	338358	4	5
181218	2	181217	3	5
181226	5	181225	8	13
181231	2	338367	1	3
181257	1	181256	3	4
181259	4	641382	1	5
181280	5	181279	3	8
181282	3	641415	3	6
181291	1	181290	2	3
181293	1	181292	1	2
181298	2	181297	2	4
181301	1	181300	1	2
181307	2	181306	1	3
181325	2	338397	2	4
181333	2	181332	1	3
181336	3	181335	3	6
181376	2	181375	3	5
181396	3	641535	1	4
181399	2	181398	4	6
181419	1	641572	2	3
181467	1	181466	5	6
181493	1	181492	1	2
181506	1	181505	1	2
181507	3	641693	2	5
181523	4	181522	3	7
181524	4	641722	1	5
181526	3	181525	4	7
181549	5	641747	2	7
181555	2	641761	2	4
181570	5	181569	7	12
181592	4	338470	4	8
181599	5	641815	4	9
181604	2	641822	11	13
181611	7	181610	6	13
181634	2	641852	4	6
181637	2	181636	2	4
181655	3	641869	4	7
181668	10	181667	2	12
181675	2	181674	3	5
181699	2	641933	3	5
181723	1	181722	2	3
181725	7	181724	10	17
181738	5	181737	3	8
181749	3	181748	6	9
181754	1	181753	2	3
181783	3	181782	2	5
181790	1	181789	1	2
181793	2	642068	4	6
181827	1	181826	1	2
181832	2	338533	6	8
181844	8	181843	2	10
181883	2	642197	1	3
181887	4	642201	3	7
181921	1	181920	4	5
181945	3	642286	4	7
181948	12	181947	2	14
181956	2	181955	2	4
181961	3	181960	5	8
181975	5	181974	2	7
182015	2	182014	1	3
182019	6	642362	3	9
182026	1	182025	3	4
182038	2	182037	2	4
182049	6	182048	6	12
182065	4	642401	3	7
182087	1	182086	1	2
182089	4	182088	5	9
182103	3	642491	5	8
182134	4	642563	1	5
182157	1	182156	2	3
182162	4	182161	1	5
182176	1	642652	9	10
182182	3	182181	3	6
182187	1	182186	4	5
182190	3	642671	1	4
182211	3	642712	3	6
182230	1	182229	1	2
182233	5	182232	7	12
182245	2	182244	1	3
182247	8	182246	4	12
182279	3	182278	1	4
182295	2	182294	2	4
182317	2	182316	5	7
182318	8	338661	3	11
182320	3	182319	1	4
182326	1	182325	1	2
182359	2	182358	1	3
182361	3	642926	8	11
182362	6	642927	2	8
182364	1	182363	6	7
182371	4	182370	1	5
182379	4	182378	1	5
182383	1	182382	1	2
182388	1	182387	4	5
182401	1	182400	2	3
182423	3	642992	4	7
182427	1	182426	16	17
182443	1	643007	1	2
182450	1	182449	1	2
182461	5	643024	5	10
182463	4	182462	1	5
182483	5	182482	1	6
182492	4	182491	5	9
182496	2	182495	5	7
182518	1	182517	20	21
182524	2	182523	3	5
182534	2	182533	5	7
182561	5	643165	2	7
182566	3	643172	6	9
182582	1	643190	3	4
182585	3	182584	1	4
182588	4	182587	2	6
182603	1	643218	5	6
182607	1	182606	1	2
182612	3	182611	3	6
182645	2	643282	2	4
182651	1	182648	2	3
182656	5	182655	5	10
182660	3	182659	8	11
182679	5	643327	2	7
182685	2	643340	3	5
182695	1	182694	1	2
182696	7	643359	3	10
182701	5	643365	4	9
182712	1	182711	1	2
182719	9	338726	3	12
182723	1	643409	3	4
182730	3	182729	2	5
182754	1	182753	1	2
182833	1	643564	4	5
182849	3	182848	1	4
182854	2	182853	4	6
182912	5	921845	16	21
182915	3	182914	4	7
182927	8	643691	2	10
182944	1	643702	6	7
182951	2	182950	4	6
182974	6	643721	9	15
182999	2	643783	3	5
183033	3	643852	4	7
183035	4	643853	3	7
183056	5	183055	4	9
183070	8	643907	5	13
183102	2	643956	4	6
183108	5	643966	4	9
183117	1	183116	1	2
183130	3	183129	1	4
183133	7	183132	3	10
183140	3	643992	1	4
183148	3	644011	1	4
183150	2	183149	2	4
183181	2	644049	7	9
183185	5	183184	3	8
183204	2	183203	2	4
183239	1	922054	58	59
183245	9	644201	2	11
183255	3	644217	1	4
183260	2	183259	2	4
183267	1	183266	2	3
183279	5	183278	1	6
183287	1	644294	3	4
183298	2	183297	3	5
183311	6	644327	12	18
183325	3	183324	10	13
183331	13	183330	10	23
183354	12	183353	14	26
183358	13	183357	12	25
183366	12	644440	16	28
183377	6	183376	9	15
183409	2	644512	2	4
183419	7	183418	6	13
183421	9	183420	9	18
183450	11	183449	5	16
183453	9	183452	8	17
183480	6	644662	3	9
183489	14	644694	12	26
183491	4	183490	7	11
183495	10	183494	3	13
183505	1	183504	7	8
183519	2	644729	15	17
183523	6	644732	11	17
183582	2	183581	2	4
183587	2	644838	2	4
183589	14	183588	6	20
183614	2	183613	12	14
183616	1	183615	1	2
183625	10	183624	10	20
183639	3	644942	3	6
183647	8	183646	7	15
183681	7	183680	10	17
183717	6	645063	2	8
183720	2	183719	1	3
183728	14	183727	10	24
183763	1	183762	8	9
183784	5	183783	7	12
183790	3	645214	11	14
183795	6	183794	1	7
183811	8	338974	1	9
183813	1	645285	15	16
183814	4	645288	14	18
183844	11	645397	8	19
183861	7	183860	4	11
183865	4	183864	10	14
183890	8	183889	3	11
183909	5	339002	6	11
183947	1	645567	5	6
183952	6	645581	1	7
183994	7	183993	4	11
184006	6	339019	4	10
184008	2	339020	9	11
184027	1	184026	15	16
184046	3	184045	4	7
184057	12	184056	10	22
184089	1	645838	4	5
184098	20	645873	5	25
184107	8	184106	4	12
184113	2	645891	6	8
184114	1	645893	4	5
184118	3	184117	1	4
184120	8	184119	4	12
184123	10	184122	4	14
184148	7	645926	4	11
184168	7	184167	16	23
184170	2	184169	12	14
184173	5	645962	3	8
184174	9	645963	4	13
184207	9	184206	12	21
184212	18	184211	19	37
184215	2	645995	1	3
184218	10	645999	15	25
184223	3	184222	2	5
184232	13	184231	11	24
184252	13	184251	24	37
184254	12	184253	6	18
184256	8	184255	5	13
184275	2	184274	4	6
184291	2	184290	11	13
184296	8	184295	7	15
184305	1	184304	2	3
184325	9	184324	11	20
184338	9	184337	14	23
184343	8	184342	3	11
184353	13	646113	14	27
184357	4	184356	3	7
184379	10	646148	1	11
184405	9	184404	5	14
184415	14	184414	6	20
184461	3	184460	6	9
184491	2	184490	3	5
184524	13	184523	2	15
184537	15	646368	4	19
184541	23	184540	19	42
184545	11	184544	10	21
184576	7	184575	10	17
184622	14	184621	6	20
184628	3	646487	1	4
184631	1	184630	1	2
184633	10	184632	13	23
184637	9	184636	8	17
184653	6	184652	1	7
184659	2	184658	1	3
184668	5	184667	4	9
184672	1	184671	5	6
184691	22	184690	3	25
184704	2	184703	3	5
184707	1	184706	2	3
184711	4	339189	6	10
184730	19	184729	4	23
184749	3	184748	6	9
184767	8	184766	2	10
184774	8	646640	8	16
184781	7	184780	1	8
184793	2	184792	17	19
184810	2	646664	2	4
184814	13	646671	2	15
184823	21	184822	5	26
184826	3	184825	11	14
184836	17	184835	4	21
184843	2	646723	15	17
184863	2	646757	28	30
184892	1	184891	3	4
184894	9	184893	13	22
184900	5	184899	4	9
184904	9	184903	13	22
184928	17	184927	3	20
184957	2	339264	3	5
184963	3	184962	13	16
184973	11	339267	11	22
184986	27	646880	15	42
184996	3	184995	4	7
185005	12	185004	1	13
185018	5	646911	8	13
185030	14	185029	11	25
185037	1	185036	9	10
185039	6	185038	8	14
185053	9	185052	12	21
185054	4	646945	2	6
185064	1	185063	12	13
185071	8	646966	7	15
185082	4	185081	12	16
185088	9	185087	16	25
185105	10	185104	9	19
185110	3	185109	3	6
185117	4	185116	2	6
185146	17	647051	28	45
185161	1	185160	3	4
185210	19	185209	27	46
185221	2	185220	1	3
185222	4	923146	8	12
185228	2	185227	3	5
185231	1	647159	1	2
185255	10	185254	2	12
185275	1	185274	3	4
185283	1	185282	1	2
185293	2	185292	1	3
185347	1	185346	1	2
185358	42	647254	14	56
185378	14	185377	3	17
185380	1	185379	1	2
185401	2	185400	1	3
185410	1	647284	1	2
185415	1	185414	3	4
185422	1	185421	1	2
185426	2	647301	2	4
185442	2	185441	2	4
185466	9	185465	13	22
185483	1	647368	1	2
185507	2	185506	4	6
185528	1	185527	3	4
185550	1	185549	2	3
185556	3	185555	2	5
185607	2	647534	3	5
185614	8	185613	3	11
185616	1	185615	3	4
185637	1	185636	3	4
185644	3	185643	1	4
185647	1	647548	2	3
185651	2	647553	3	5
185658	3	339401	1	4
185674	2	647576	2	4
185703	15	185702	4	19
185705	4	647639	2	6
185728	2	647677	2	4
185737	3	647689	2	5
185744	1	185743	1	2
185751	1	647707	1	2
185762	1	185761	2	3
185788	1	185787	1	2
185795	1	647757	2	3
185915	1	185914	2	3
185946	1	647950	5	6
185997	1	648014	1	2
186065	4	186064	2	6
186069	1	648181	1	2
186087	2	186086	3	5
186122	2	648326	1	3
186124	1	648341	2	3
186157	4	648469	5	9
186189	1	648559	4	5
186199	6	186198	2	8
186200	1	648569	6	7
186201	9	648570	11	20
186206	4	648580	5	9
186214	3	186213	2	5
186221	3	648625	5	8
186225	3	648643	5	8
186226	4	648647	18	22
186235	4	186234	5	9
186256	3	648720	7	10
186263	3	648731	8	11
186331	1	186330	5	6
186351	4	649003	26	30
186367	2	339588	3	5
186381	2	186380	1	3
186420	3	649162	1	4
186435	2	649188	1	3
186442	1	186441	4	5
186449	1	339620	1	2
186491	8	186490	4	12
186500	1	186499	1	2
186506	2	186505	1	3
186525	4	923929	1	5
186541	14	649342	21	35
186560	16	186559	10	26
186579	1	186578	2	3
186581	10	649409	9	19
186631	1	186630	5	6
186640	10	649598	6	16
186665	1	649646	1	2
186688	1	649679	4	5
186733	1	649791	4	5
186761	3	186760	1	4
186776	4	649862	17	21
186794	4	186793	7	11
186810	15	649919	8	23
186842	11	649961	3	14
186853	2	186852	8	10
186856	3	186855	1	4
186859	7	186858	4	11
186860	2	649977	1	3
186888	26	186887	31	57
186890	3	339751	3	6
186921	8	186920	7	15
186923	14	186922	16	30
186927	2	339766	3	5
187015	1	650233	4	5
187017	4	650234	9	13
187027	2	187026	1	3
187112	9	650353	11	20
187147	64	187146	31	95
187152	33	650404	67	100
187160	2	650425	2	4
187167	1	650437	1	2
187252	16	650561	1	17
187271	48	187270	24	72
187276	3	187275	4	7
187332	2	650670	3	5
187336	4	650676	2	6
187363	19	187362	17	36
187370	10	187369	16	26
187424	2	187423	1	3
187432	3	187431	1	4
187434	2	187433	1	3
187463	1	650858	1	2
187469	3	187468	5	8
187472	2	187471	2	4
187485	2	187484	2	4
187493	2	187492	1	3
187507	4	650953	2	6
187509	4	187508	1	5
187528	2	187527	2	4
187537	3	651053	1	4
187539	4	187538	1	5
187543	12	339944	45	57
187547	3	187546	9	12
187550	13	651089	5	18
187566	1	187565	1	2
187578	12	187577	3	15
187616	15	187615	17	32
187629	1	187628	1	2
187696	1	187695	2	3
187723	4	187722	1	5
187725	1	187724	2	3
187734	2	651488	4	6
187759	2	187758	1	3
187761	1	187760	1	2
187775	2	651580	3	5
187817	2	651622	3	5
187833	10	651650	2	12
187850	1	187849	2	3
187867	19	651709	16	35
187869	46	187868	10	56
187875	2	187874	2	4
187879	3	187878	1	4
187894	1	187893	4	5
187919	4	187918	22	26
187937	5	187936	8	13
187950	3	651861	1	4
187952	1	187951	37	38
187977	2	651895	3	5
187982	3	187981	15	18
187993	12	187992	17	29
188055	1	652051	5	6
188063	2	188062	1	3
188066	2	652117	4	6
188072	3	652131	1	4
188077	12	652154	5	17
188084	1	652167	2	3
188086	5	188085	3	8
188095	2	188094	1	3
188162	2	188161	4	6
188172	13	188171	86	99
188195	2	188194	1	3
188211	27	188210	10	37
188214	1	652352	2	3
188234	2	188233	5	7
188244	6	188243	1	7
188247	4	188246	2	6
188269	2	652395	4	6
188288	14	652411	32	46
188293	15	188292	23	38
188300	23	188299	10	33
188304	13	188303	1	14
188313	6	188312	3	9
188329	3	188328	7	10
188335	3	188334	3	6
188374	11	188373	4	15
188402	1	188401	2	3
188420	6	652545	3	9
188431	1	188430	3	4
188444	1	188443	1	2
188458	2	188457	2	4
188461	1	188460	1	2
188477	5	188476	6	11
188483	1	652572	5	6
188492	5	188491	5	10
188496	3	188495	1	4
188509	1	188508	6	7
188512	3	188511	2	5
188516	24	652587	42	66
188520	2	652591	6	8
188524	12	188523	9	21
188533	6	652606	8	14
188540	2	652608	4	6
188552	3	188551	3	6
188568	1	188567	2	3
188612	2	188611	3	5
188623	2	188622	4	6
188634	2	652725	4	6
188637	6	188636	2	8
188644	1	188643	11	12
188650	3	652729	3	6
188657	3	188656	2	5
188662	2	188661	10	12
188672	4	652770	2	6
188704	2	188703	1	3
188706	1	652802	10	11
188718	4	188717	3	7
188725	4	188724	5	9
188745	1	652836	3	4
188749	2	188748	3	5
188770	5	652865	2	7
188774	1	188773	5	6
188777	2	188776	5	7
188785	1	188784	3	4
188800	6	188799	1	7
188807	3	188806	3	6
188810	5	188809	5	10
188827	3	188826	3	6
188834	2	652919	17	19
188835	2	340292	11	13
188893	6	188892	2	8
188926	2	653009	2	4
188927	5	653012	4	9
188934	4	340327	1	5
188942	1	653032	6	7
188950	5	653049	1	6
188962	4	188961	4	8
188973	1	188972	3	4
188983	1	653079	4	5
188992	4	188991	10	14
189002	1	189001	25	26
189025	3	340360	3	6
189032	2	189031	6	8
189034	1	189033	1	2
189048	1	189047	4	5
189061	1	189060	1	2
189125	1	189124	1	2
189150	3	340396	5	8
189155	3	189154	3	6
189173	3	189172	1	4
189185	2	189184	5	7
189198	1	653258	4	5
189230	2	189229	2	4
189233	1	189232	3	4
189237	5	189236	2	7
189242	3	189241	3	6
189251	5	189250	1	6
189260	1	189259	7	8
189262	2	653293	10	12
189263	4	653306	2	6
189271	5	189270	3	8
189278	2	340433	2	4
189298	5	653347	2	7
189304	1	189303	3	4
189308	5	653357	3	8
189336	2	189335	5	7
189341	2	653386	1	3
189344	2	189343	2	4
189349	1	189348	12	13
189380	3	189379	3	6
189387	9	653434	1	10
189397	1	189396	1	2
189426	1	189425	3	4
189431	5	189430	3	8
189474	4	189473	4	8
189486	5	189485	2	7
189494	3	189493	3	6
189498	6	189497	6	12
189514	3	189513	1	4
189528	1	189527	2	3
189532	2	189531	2	4
189536	1	189535	5	6
189539	9	653562	5	14
189548	1	189547	1	2
189552	6	189551	3	9
189562	2	189561	1	3
189574	1	189573	3	4
189602	1	653633	5	6
189607	2	653648	1	3
189609	1	189608	1	2
189623	9	189622	4	13
189663	3	189662	2	5
189673	8	189672	1	9
189683	4	653731	4	8
189687	1	653738	1	2
189754	1	189753	4	5
189759	16	189758	12	28
189762	13	189761	12	25
189786	4	653840	4	8
189787	4	653843	4	8
189796	17	340565	13	30
189803	8	189802	4	12
189813	2	653868	15	17
189815	7	189814	1	8
189834	2	653896	1	3
189839	2	189838	5	7
189847	1	189846	1	2
189856	3	189855	2	5
189860	5	189859	1	6
189869	3	189868	1	4
189888	2	189887	3	5
189893	3	653929	6	9
189901	2	189900	1	3
189907	2	653948	2	4
189980	6	189979	4	10
190014	1	654089	7	8
190031	1	190030	3	4
190035	3	654143	3	6
190044	1	190043	1	2
190052	2	190051	3	5
190107	1	190106	7	8
190135	7	190134	1	8
190142	5	190141	7	12
190145	3	190144	4	7
190154	4	654421	3	7
190174	1	654482	10	11
190176	3	190175	2	5
190248	3	190247	5	8
190254	1	190253	1	2
190266	2	190265	4	6
190271	2	654678	5	7
190287	2	654716	3	5
190291	4	654718	2	6
190304	1	654739	2	3
190315	4	654754	3	7
190334	2	190333	5	7
190339	1	654784	5	6
190342	1	654790	1	2
190347	1	190346	2	3
190355	8	654800	3	11
190368	7	190367	3	10
190371	1	190370	2	3
190385	6	654836	3	9
190388	1	340721	1	2
190389	1	654842	2	3
190437	1	190436	10	11
190441	24	654942	9	33
190446	3	190445	2	5
190473	5	655010	3	8
190521	2	190520	3	5
190539	4	655171	4	8
190559	4	655276	1	5
190567	4	190566	2	6
190568	1	655308	6	7
190577	6	190576	3	9
190625	1	190624	2	3
190626	3	655516	1	4
190663	2	190662	2	4
190665	3	190664	4	7
190669	2	190668	3	5
190677	1	655605	8	9
190679	4	655625	3	7
190685	2	190684	4	6
190738	9	340827	3	12
190821	2	655935	1	3
190827	7	655943	1	8
190837	2	655984	2	4
190841	1	190840	1	2
190860	1	656044	1	2
190872	6	656055	1	7
190891	2	656144	2	4
190932	1	190931	1	2
191082	1	191081	1	2
191092	4	656667	3	7
191100	10	656690	4	14
191103	5	656705	9	14
191113	1	656744	4	5
191116	1	656748	7	8
191119	2	656770	9	11
191121	2	656786	1	3
191127	6	656809	7	13
191137	11	656899	2	13
191150	2	191149	3	5
191154	1	656950	5	6
191183	8	657023	7	15
191229	1	657177	5	6
191234	3	191233	2	5
191274	4	657270	13	17
191280	18	657273	19	37
191296	7	191295	2	9
191327	3	191326	1	4
191342	8	657356	16	24
191367	4	191366	3	7
191386	11	657461	17	28
191396	15	657487	3	18
191409	15	657536	3	18
191413	2	657559	1	3
191423	12	657564	15	27
191425	10	191424	14	24
191431	2	191430	6	8
191455	4	657602	1	5
191473	10	191472	13	23
191484	18	191483	1	19
191487	4	191486	1	5
191508	5	191507	31	36
191520	10	657701	17	27
191523	9	191522	5	14
191566	11	657776	3	14
191568	13	657777	5	18
191576	11	191575	11	22
191593	9	191592	2	11
191607	8	657844	9	17
191608	8	657858	6	14
191630	15	191629	2	17
191636	2	191635	3	5
191638	2	191637	5	7
191645	8	657951	16	24
191664	14	191663	14	28
191691	3	191690	5	8
191695	5	191694	8	13
191703	1	191702	11	12
191706	11	191705	17	28
191719	8	658067	12	20
191724	17	658071	14	31
191726	11	191725	12	23
191728	8	191727	1	9
191738	2	191737	1	3
191765	12	658107	6	18
191767	30	191766	9	39
191779	7	191778	7	14
191785	4	658141	2	6
191799	12	191798	1	13
191803	3	658162	2	5
191812	13	191811	5	18
191816	8	191815	18	26
191870	15	658303	8	23
191885	86	191884	7	93
191889	55	658343	21	76
191963	6	658549	23	29
191969	3	191968	18	21
191977	10	658584	4	14
191982	1	658591	22	23
192108	9	192107	8	17
192116	19	192115	6	25
192131	6	192130	7	13
192138	6	341233	6	12
192172	13	659038	3	16
192179	9	659045	1	10
192182	21	659050	7	28
192215	5	192214	8	13
192221	20	192220	7	27
192237	16	192236	7	23
192238	10	659159	15	25
192261	7	192260	2	9
192266	14	659221	13	27
192270	8	192269	10	18
192273	4	192272	8	12
192282	7	192281	16	23
192300	4	341277	5	9
192340	1	192339	1	2
192401	10	341295	2	12
192416	2	192415	12	14
192425	6	659514	12	18
192441	5	659540	8	13
192460	18	192459	11	29
192466	12	192465	11	23
192475	4	192474	9	13
192491	6	192490	9	15
192514	8	659601	12	20
192517	3	341322	8	11
192535	12	659624	12	24
192565	15	192564	12	27
192594	7	192593	8	15
192619	9	659772	10	19
192642	14	192641	15	29
192659	8	192658	3	11
192662	9	192661	4	13
192683	5	192682	11	16
192684	10	659916	2	12
192686	13	192685	9	22
192710	9	659972	11	20
192751	15	660040	14	29
192757	3	660051	10	13
192765	1	660079	5	6
192787	10	660110	11	21
192827	12	192826	8	20
192831	1	660151	1	2
192842	3	192841	13	16
192843	20	660186	15	35
192868	1	660251	3	4
192869	5	660253	2	7
192880	2	341421	1	3
192897	6	660266	9	15
192922	11	660303	7	18
192932	7	192931	7	14
192938	12	192937	4	16
192949	7	341435	6	13
192997	15	928068	15	30
193024	18	193023	12	30
193044	2	660453	1	3
193064	11	660508	10	21
193113	4	660645	1	5
193133	2	193132	1	3
193157	5	660774	5	10
193162	9	660789	18	27
193167	2	660802	1	3
193194	8	660855	3	11
193231	2	660933	2	4
193263	4	193262	4	8
193277	4	193276	10	14
193293	1	193292	10	11
193294	2	661070	10	12
193307	5	193306	9	14
193327	3	193326	8	11
193331	2	193330	3	5
193335	10	193334	18	28
193356	1	193355	14	15
193360	2	193359	29	31
193366	7	193365	2	9
193375	3	193374	13	16
193388	1	661158	2	3
193397	8	661176	1	9
193416	9	193415	4	13
193443	3	661244	8	11
193446	7	661247	7	14
193447	13	661250	4	17
193482	2	193481	4	6
193506	7	193505	6	13
193547	6	193546	2	8
193559	2	193558	6	8
193587	9	193586	10	19
193591	13	193590	3	16
193596	10	193595	4	14
193607	2	193606	4	6
193610	4	661557	3	7
193626	10	193625	6	16
193635	4	661589	11	15
193659	1	193658	9	10
193699	8	193698	15	23
193711	2	193710	7	9
193717	8	193716	1	9
193724	1	193723	1	2
193734	9	661685	10	19
193750	9	193749	6	15
193757	9	661738	7	16
193761	2	341661	1	3
193774	13	193773	10	23
193803	4	193802	2	6
193813	8	193812	1	9
193828	2	193827	4	6
193831	6	193830	6	12
193834	1	193833	9	10
193849	10	193848	13	23
193850	10	341683	10	20
193859	2	661865	1	3
193863	2	193862	1	3
193875	2	341689	2	4
193880	1	661896	4	5
193882	4	193881	2	6
193884	1	193883	5	6
193898	11	193897	8	19
193900	6	661909	4	10
193910	2	193909	4	6
193913	2	193912	2	4
193935	11	193934	12	23
193947	1	193946	1	2
193954	5	193953	3	8
193957	4	193956	4	8
193962	12	661987	9	21
193965	4	193964	7	11
193967	8	193966	9	17
193978	2	193977	7	9
193980	2	662003	5	7
193985	1	193984	8	9
193991	3	662021	3	6
194006	3	341727	2	5
194011	7	194010	15	22
194024	8	194023	7	15
194030	2	194029	1	3
194032	7	194031	2	9
194055	14	194054	6	20
194060	10	341737	4	14
194094	9	194093	12	21
194100	2	194099	1	3
194103	12	662115	10	22
194105	3	194104	2	5
194151	4	194150	13	17
194161	9	194160	10	19
194162	5	662164	11	16
194165	2	194164	7	9
194186	2	194185	13	15
194192	7	194191	13	20
194197	3	194196	9	12
194199	12	194198	6	18
194231	12	194230	8	20
194243	11	341789	2	13
194248	1	662239	7	8
194256	4	194255	4	8
194263	14	194262	10	24
194269	14	194268	6	20
194271	11	194270	9	20
194276	13	194275	9	22
194282	2	194281	15	17
194284	1	662275	14	15
194289	12	194288	3	15
194301	20	194300	5	25
194312	1	194311	2	3
194318	7	194317	9	16
194342	12	194341	13	25
194345	6	662338	13	19
194350	9	662345	3	12
194369	17	194368	7	24
194379	7	194378	12	19
194382	6	194381	2	8
194404	2	194403	13	15
194408	3	194407	4	7
194411	1	341835	4	5
194420	2	194419	4	6
194462	10	194461	1	11
194466	13	194465	12	25
194470	17	341850	8	25
194506	9	662525	3	12
194513	12	194512	13	25
194524	3	662539	30	33
194527	11	194526	13	24
194530	20	194529	1	21
194541	6	194540	10	16
194543	7	194542	2	9
194549	11	194548	8	19
194553	9	194552	9	18
194560	12	194559	1	13
194562	14	194561	13	27
194566	12	194565	11	23
194604	26	194603	6	32
194612	4	194611	8	12
194614	9	662625	5	14
194644	2	194643	1	3
194646	3	194645	3	6
194648	4	194647	14	18
194659	2	194658	7	9
194689	13	662700	7	20
194697	7	194696	2	9
194713	9	194712	1	10
194715	8	194714	6	14
194721	6	194720	9	15
194723	7	194722	6	13
194743	4	194742	1	5
194748	12	194747	2	14
194769	3	194768	1	4
194789	3	194788	11	14
194795	1	194794	3	4
194804	2	662775	5	7
194812	9	194811	10	19
194814	2	662790	2	4
194818	2	194817	2	4
194821	14	194820	7	21
194824	3	194823	2	5
194829	1	662815	1	2
194848	1	662834	3	4
194863	6	194862	14	20
194867	1	194866	12	13
194877	5	194876	7	12
194878	11	662865	2	13
194891	7	194890	1	8
194898	14	194897	5	19
194906	2	194905	2	4
194909	1	194908	1	2
194923	1	194922	15	16
194933	15	194932	6	21
194938	14	194937	7	21
194953	14	194952	10	24
194956	1	194955	3	4
194963	8	194962	9	17
194969	10	194968	1	11
194988	1	194987	8	9
195019	13	195018	8	21
195021	2	195020	9	11
195037	10	195036	15	25
195040	6	195039	6	12
195056	1	195055	2	3
195061	8	341957	23	31
195065	8	195064	3	11
195078	3	195077	1	4
195103	3	195102	11	14
195114	12	663100	5	17
195126	1	195125	1	2
195129	23	195128	9	32
195132	10	195131	14	24
195184	5	195183	7	12
195197	2	663177	12	14
195214	16	663193	1	17
195237	8	195236	5	13
195253	10	195252	7	17
195254	5	663224	12	17
195267	9	663235	2	11
195273	5	195272	8	13
195287	14	195286	9	23
195335	6	195334	1	7
195337	2	195336	7	9
195341	9	195340	2	11
195357	4	195356	7	11
195380	12	195379	14	26
195398	11	195397	10	21
195420	13	195419	5	18
195431	7	663415	5	12
195438	6	663444	11	17
195449	11	195448	9	20
195470	1	195469	8	9
195473	2	663464	25	27
195474	3	663467	4	7
195479	2	195478	3	5
195488	1	195487	1	2
195502	1	195501	3	4
195506	5	342057	2	7
195512	1	195511	1	2
195514	2	195513	1	3
195516	1	195515	6	7
195518	2	663522	12	14
195530	2	195529	3	5
195545	23	195544	17	40
195550	3	195549	17	20
195558	3	195557	7	10
195565	1	195564	1	2
195588	2	195587	21	23
195599	9	195598	2	11
195602	2	195601	12	14
195606	3	195605	3	6
195634	51	663648	8	59
195645	9	195644	7	16
195679	7	663715	1	8
195696	6	195695	10	16
195702	5	195701	4	9
195706	3	342098	4	7
195717	7	195716	2	9
195731	4	663751	6	10
195734	7	195733	12	19
195738	4	663759	10	14
195785	9	195784	15	24
195796	7	195795	2	9
195801	7	195800	4	11
195830	6	195829	8	14
195842	1	663853	3	4
195848	7	195847	5	12
195850	8	195849	6	14
195861	2	663873	2	4
195864	1	195863	2	3
195883	11	663898	2	13
195888	19	195887	9	28
195896	5	195895	3	8
195905	1	195904	7	8
195908	8	195907	11	19
195912	6	195911	7	13
195915	11	195914	4	15
195923	6	195922	10	16
195937	3	195936	1	4
195940	3	663926	8	11
195944	3	663937	5	8
195989	6	195988	12	18
195990	8	664008	2	10
196002	4	664034	5	9
196004	1	664035	1	2
196011	11	196010	11	22
196018	11	196017	4	15
196058	7	196057	1	8
196067	6	664171	16	22
196077	4	196076	9	13
196095	5	664195	6	11
196101	9	196100	17	26
196111	2	664219	9	11
196116	2	196115	2	4
196170	1	664278	2	3
196192	6	664314	7	13
196252	5	196251	3	8
196283	4	196282	2	6
196338	2	664569	9	11
196342	2	664578	12	14
196346	11	664580	2	13
196368	4	342270	1	5
196372	7	196371	13	20
196392	5	196391	10	15
196404	2	196403	2	4
196426	7	664667	3	10
196436	13	196435	11	24
196438	1	196437	1	2
196439	15	664681	11	26
196448	1	196447	1	2
196451	3	196450	13	16
196465	7	196464	10	17
196474	1	196473	1	2
196481	10	196480	8	18
196484	1	664765	2	3
196504	7	664801	5	12
196506	7	196505	9	16
196514	9	664806	17	26
196521	5	196520	6	11
196522	6	664814	13	19
196546	1	196545	7	8
196549	5	196548	4	9
196555	7	664845	8	15
196602	14	196601	11	25
196604	5	196603	8	13
196622	2	196621	2	4
196624	5	196623	6	11
196636	2	196635	1	3
196641	3	196640	1	4
196658	1	664916	1	2
196669	2	196668	1	3
196672	1	196671	7	8
196684	4	196683	1	5
196690	1	196689	1	2
196716	8	196715	2	10
196720	3	196719	2	5
196731	1	665002	3	4
196740	1	196739	2	3
196743	5	196742	2	7
196750	3	196749	2	5
196754	6	196753	2	8
196756	1	196755	6	7
196770	2	196769	3	5
196771	3	342378	5	8
196773	7	196772	4	11
196795	2	196794	1	3
196799	2	196798	3	5
196838	1	196837	1	2
196839	1	665103	4	5
196862	2	665121	2	4
196875	1	196874	3	4
196883	8	196882	9	17
196897	5	665154	12	17
196923	21	665199	7	28
196927	1	196926	1	2
196961	1	342437	1	2
196963	7	665281	10	17
196973	21	665306	22	43
196976	13	665322	7	20
196989	4	665381	1	5
197016	4	665418	6	10
197025	4	197024	1	5
197027	9	197026	5	14
197031	8	197030	7	15
197035	2	665436	12	14
197052	2	665464	4	6
197072	2	665492	4	6
197073	3	665495	10	13
197102	3	665536	2	5
197114	2	665545	15	17
197117	1	665563	8	9
197176	5	665669	3	8
197178	2	197177	1	3
197190	5	197189	6	11
197194	1	665689	4	5
197210	1	197209	3	4
197265	3	197264	6	9
197274	1	342521	5	6
197284	4	197283	1	5
197296	2	197295	1	3
197308	2	342533	1	3
197314	2	197313	2	4
197337	1	197336	2	3
197349	12	342541	14	26
197366	5	665941	20	25
197371	13	665942	20	33
197374	36	665943	37	73
197415	2	197414	7	9
197433	3	665996	2	5
197439	6	666002	5	11
197445	1	197444	4	5
197447	4	197446	1	5
197456	3	197455	2	5
197462	5	666034	8	13
197479	7	666044	2	9
197509	2	1079166	2	4
197514	5	197513	5	10
197540	2	666116	3	5
197556	2	197555	7	9
197562	9	197561	8	17
197569	3	666140	1	4
197571	2	197570	2	4
197609	3	197608	2	5
197629	11	197628	1	12
197634	4	197633	4	8
197635	4	666224	1	5
197667	2	342632	4	6
197677	5	666312	2	7
197723	6	666402	2	8
197754	2	197753	6	8
197769	7	666447	23	30
197778	4	197777	2	6
197803	4	666479	2	6
197839	1	197838	2	3
197853	1	197852	5	6
197861	5	666553	4	9
197863	4	197862	4	8
197875	1	666564	4	5
197879	2	197878	2	4
197882	1	197881	1	2
197893	2	342678	1	3
197896	3	197895	4	7
197907	2	342686	8	10
197911	3	197910	2	5
197947	4	197946	2	6
197950	2	197949	2	4
197959	1	197958	2	3
197974	2	197973	1	3
197981	3	197980	4	7
197988	1	666661	2	3
197990	1	197989	1	2
198005	6	198004	4	10
198013	4	666685	4	8
198039	4	342718	11	15
198043	1	198042	7	8
198070	1	198069	2	3
198072	4	198071	3	7
198081	6	198080	10	16
198117	1	198116	1	2
198132	1	666848	5	6
198138	4	666860	3	7
198155	7	198154	2	9
198156	1	666884	2	3
198161	3	666904	3	6
198170	4	666914	5	9
198185	1	198184	2	3
198196	4	666951	4	8
198209	5	198208	2	7
198214	4	198213	7	11
198255	7	198254	8	15
198256	5	342768	3	8
198265	3	667046	4	7
198273	1	198272	3	4
198278	2	198277	1	3
198285	2	198284	1	3
198298	1	667093	1	2
198310	3	667109	5	8
198314	1	198313	2	3
198323	1	667123	10	11
198328	6	198327	5	11
198331	4	667132	1	5
198344	4	198343	2	6
198358	1	198357	3	4
198362	1	198361	3	4
198384	3	667187	6	9
198416	6	930798	2	8
198422	3	198421	4	7
198433	1	198432	2	3
198444	2	667283	9	11
198461	5	198460	3	8
198505	6	198504	4	10
198542	2	342840	3	5
198547	3	198546	9	12
198557	5	198556	1	6
198558	1	667483	3	4
198572	5	198571	2	7
198574	5	198573	3	8
198575	2	667515	4	6
198585	3	198584	3	6
198590	7	667535	2	9
198613	2	198612	6	8
198632	7	667636	2	9
198663	7	667677	3	10
198681	6	667715	4	10
198695	9	667733	5	14
198701	1	198700	1	2
198760	10	198759	3	13
198765	6	667854	12	18
198792	10	198791	16	26
198819	2	198818	8	10
198847	3	668003	7	10
198848	2	668007	2	4
198861	1	198860	1	2
198901	2	198900	1	3
198911	2	198910	3	5
198934	1	198933	2	3
198947	3	342957	2	5
198975	22	198974	2	24
198979	3	198978	1	4
199008	15	199007	14	29
199030	1	199029	7	8
199032	11	199031	2	13
199038	2	668341	1	3
199041	6	199040	6	12
199044	3	199043	1	4
199071	9	199070	1	10
199074	5	199073	3	8
199078	3	199077	3	6
199090	5	199089	1	6
199092	5	668400	19	24
199097	3	199096	9	12
199104	13	199103	2	15
199110	1	199109	2	3
199112	1	199111	1	2
199127	2	199126	1	3
199184	1	199183	1	2
199217	2	343047	1	3
199228	8	668580	4	12
199241	2	668593	3	5
199258	5	668620	8	13
199301	6	668729	2	8
199320	1	668747	5	6
199332	4	199331	1	5
199345	5	668833	5	10
199359	1	668915	9	10
199389	4	668967	7	11
199413	4	199412	3	7
199429	9	199428	3	12
199435	13	931559	4	17
199462	1	199461	8	9
199484	2	199483	4	6
199496	1	199495	6	7
199521	2	669283	4	6
199558	2	669342	2	4
199563	3	343148	7	10
199580	1	199579	1	2
199591	6	199590	3	9
199643	5	199642	4	9
199655	1	199654	3	4
199662	3	669456	6	9
199664	6	343183	2	8
199682	1	199681	2	3
199684	3	199683	1	4
199685	3	669487	5	8
199739	1	669615	7	8
199777	3	199776	1	4
199780	1	199779	1	2
199792	1	199791	4	5
199793	1	669680	1	2
199817	5	199816	1	6
199826	1	199825	3	4
199836	5	199835	6	11
199866	1	669780	1	2
199907	4	199906	6	10
199928	3	669875	5	8
199940	4	199939	5	9
199964	7	199963	1	8
199974	1	199973	3	4
199978	4	669952	6	10
199986	2	669977	6	8
199987	11	669978	4	15
199993	5	669995	1	6
200002	3	670011	6	9
200020	2	670065	2	4
200041	1	670144	1	2
200042	1	343282	1	2
200048	1	200047	2	3
200062	3	200061	5	8
200085	4	670351	3	7
200095	1	200094	1	2
200117	9	200116	2	11
200158	3	200157	3	6
200173	2	200172	5	7
200181	5	343316	2	7
200185	6	200184	1	7
200191	1	200190	4	5
200197	3	200196	5	8
200211	2	670671	4	6
200215	1	670675	3	4
200217	3	200216	1	4
200222	5	200221	3	8
200240	1	200239	2	3
200273	5	343348	2	7
200289	2	670872	10	12
200334	1	932228	1	2
200335	1	670942	5	6
200348	5	670972	9	14
200372	9	343376	1	10
200434	6	200433	7	13
200450	7	200449	4	11
200461	2	671164	1	3
200497	8	200496	2	10
200498	1	343413	4	5
200505	2	200504	8	10
200508	2	200507	1	3
200535	2	200534	2	4
200549	4	200548	3	7
200558	4	671305	3	7
200582	1	671362	1	2
200590	6	671368	2	8
200617	1	200616	5	6
200633	7	671548	7	14
200639	9	200638	6	15
200649	2	200648	1	3
200651	1	200650	6	7
200659	1	671642	6	7
200691	8	671741	5	13
200726	3	200725	4	7
200753	4	200752	6	10
200766	3	671891	1	4
200800	4	200799	6	10
200805	1	200804	8	9
200836	20	672042	8	28
200873	2	672067	11	13
200883	4	200882	3	7
200904	2	200903	2	4
200906	1	200905	4	5
200954	3	200953	3	6
200967	1	200966	2	3
200996	5	200995	13	18
201002	5	201001	3	8
201031	9	201030	7	16
201091	4	201090	5	9
201095	4	672581	8	12
201143	5	201142	4	9
201169	3	201168	2	5
201173	25	201172	1	26
201216	1	672814	7	8
201225	4	672836	2	6
201237	2	672879	2	4
201268	2	201267	1	3
201278	1	201277	1	2
201327	2	673063	2	4
201351	2	673110	7	9
201362	1	673131	3	4
201399	1	673183	2	3
201418	9	201417	2	11
201422	5	201421	2	7
201424	3	201423	15	18
201425	6	673243	2	8
201472	11	201471	4	15
201485	3	673346	5	8
201488	3	673357	3	6
201510	6	343779	1	7
201563	3	201562	1	4
201583	5	343810	2	7
201586	2	201585	6	8
201622	1	673561	9	10
201646	7	673591	4	11
201657	9	201656	3	12
201659	4	673618	3	7
201682	6	201681	1	7
201683	3	673676	3	6
201685	6	201684	5	11
201687	8	201686	1	9
201699	1	201698	2	3
201739	32	343854	2	34
201749	1	201748	8	9
201750	2	673829	2	4
201755	1	673837	1	2
201764	3	201763	1	4
201778	3	673865	5	8
201780	2	673866	2	4
201794	2	673894	12	14
201799	2	673906	6	8
201803	4	201802	2	6
201816	1	673971	15	16
201822	1	673987	1	2
201823	1	673994	1	2
201839	12	201838	1	13
201851	2	674078	10	12
201861	1	201860	3	4
201892	8	201891	3	11
201901	5	201900	5	10
201911	2	201910	2	4
201912	3	343919	2	5
201919	24	674218	6	30
201960	7	201959	22	29
201969	3	343939	1	4
201978	2	674305	4	6
202001	3	674352	1	4
202039	12	933579	3	15
202053	1	202052	3	4
202073	2	674454	6	8
202080	2	202079	4	6
202091	6	202090	4	10
202115	2	674545	4	6
202117	1	202116	1	2
202120	2	202119	1	3
202139	1	674566	7	8
202153	3	674603	2	5
202176	6	674630	5	11
202197	2	202196	4	6
202200	1	202199	2	3
202203	3	344014	59	62
202254	4	674776	3	7
202255	5	674789	2	7
202262	9	202261	21	30
202266	4	674804	4	8
202300	9	202299	5	14
202303	5	202302	4	9
202310	5	202309	2	7
202328	5	202327	1	6
202347	1	202346	1	2
202349	2	202348	1	3
202352	1	202351	1	2
202368	2	202367	2	4
202375	2	344073	4	6
202411	2	675126	11	13
202423	4	675175	4	8
202432	2	344086	2	4
202449	2	675274	3	5
202451	2	202450	3	5
202459	1	675284	5	6
202462	4	202461	2	6
202477	12	202476	9	21
202489	3	202488	4	7
202491	3	344101	3	6
202493	6	675310	1	7
202500	5	344104	2	7
202538	2	202537	1	3
202542	2	202541	2	4
202557	1	675400	6	7
202559	1	202558	2	3
202569	2	202568	3	5
202611	3	202610	9	12
202621	4	202620	3	7
202626	3	202625	2	5
202631	3	202630	2	5
202638	4	202637	5	9
202642	4	202641	3	7
202655	1	675584	1	2
202656	2	675586	4	6
202663	3	344161	1	4
202665	4	202664	6	10
202705	1	202704	2	3
202723	7	934174	5	12
202745	3	202744	3	6
202757	8	202756	1	9
202758	5	675816	7	12
202769	3	202768	2	5
202774	3	675855	19	22
202779	3	675868	4	7
202791	4	675899	6	10
202793	4	202792	2	6
202798	2	675912	2	4
202808	5	675925	9	14
202812	7	202811	3	10
202819	6	202818	3	9
202849	2	202848	9	11
202890	6	676126	19	25
202906	5	202905	6	11
202948	6	202947	6	12
202967	5	202966	6	11
202972	1	202971	1	2
202978	1	344245	2	3
202986	3	344246	5	8
202994	2	202993	2	4
203002	3	203001	1	4
203005	5	203004	3	8
203008	5	676348	3	8
203056	2	676436	13	15
203059	2	203058	5	7
203069	2	676448	2	4
203072	4	203071	11	15
203076	6	203075	1	7
203091	3	676481	6	9
203100	1	676483	96	97
203108	3	676511	4	7
203119	4	203118	2	6
203125	3	676540	3	6
203139	3	203138	7	10
203146	4	676573	1	5
203152	4	203151	12	16
203209	2	203208	5	7
203211	6	676667	2	8
203226	2	676698	3	5
203230	2	203229	17	19
203231	1	676703	8	9
203233	1	203232	2	3
203249	2	203248	3	5
203251	3	203250	3	6
203260	1	203259	3	4
203290	3	676792	9	12
203295	3	676794	3	6
203306	5	203305	2	7
203313	1	203312	4	5
203315	2	203314	5	7
203318	4	203317	1	5
203325	4	676817	3	7
203326	6	676819	6	12
203346	1	203345	3	4
203348	2	203347	1	3
203355	2	203354	2	4
203363	1	203362	1	2
203372	4	344364	1	5
203378	14	203377	4	18
203397	4	203396	4	8
203420	4	203419	4	8
203424	5	203423	5	10
203435	6	203434	3	9
203436	7	676965	8	15
203459	4	203458	1	5
203469	4	203468	1	5
203479	6	677017	2	8
203499	25	203498	3	28
203510	1	203509	1	2
203550	1	203549	2	3
203566	4	203565	1	5
203592	5	203591	6	11
203604	4	203603	4	8
203612	3	677201	5	8
203626	2	677214	1	3
203668	2	203667	6	8
203673	3	677277	2	5
203678	9	677289	5	14
203695	4	203694	5	9
203702	2	677335	7	9
203710	3	677347	2	5
203715	4	203714	7	11
203727	6	203726	3	9
203732	7	203731	2	9
203735	2	203734	2	4
203738	1	677365	3	4
203761	3	203760	3	6
203763	5	677389	8	13
203788	1	203787	3	4
203906	2	203905	1	3
203909	3	203908	8	11
203915	8	677557	17	25
203935	11	203934	1	12
203939	10	203938	2	12
203962	1	203961	3	4
203963	6	677640	3	9
203969	4	677654	3	7
203971	2	677664	1	3
203974	1	203973	1	2
203977	1	677683	3	4
203979	1	203978	2	3
203988	1	203987	1	2
203990	16	677692	4	20
203995	6	203994	3	9
203999	5	677716	6	11
204004	2	677726	1	3
204011	2	344516	2	4
204013	2	677741	5	7
204032	3	677782	2	5
204059	4	204058	2	6
204061	2	677820	2	4
204077	6	204076	7	13
204130	3	677896	3	6
204141	3	677915	5	8
204145	2	204144	1	3
204209	2	678005	1	3
204212	1	204211	1	2
204240	1	204239	1	2
204246	2	204245	1	3
204252	11	678044	17	28
204261	1	204260	1	2
204282	3	678074	5	8
204292	10	204291	51	61
204305	2	204304	3	5
204321	5	678129	2	7
204349	2	678160	2	4
204362	2	204361	2	4
204365	3	204364	6	9
204381	5	678199	9	14
204419	1	204418	2	3
204431	6	204430	2	8
204470	3	678383	4	7
204509	3	204508	2	5
204513	1	204512	5	6
204516	6	678437	4	10
204520	6	204519	2	8
204538	9	204537	6	15
204541	3	204540	1	4
204564	6	204563	1	7
204570	3	204569	5	8
204585	2	204584	3	5
204596	4	204595	8	12
204642	4	204641	10	14
204644	9	204643	6	15
204663	6	204662	2	8
204719	9	204718	4	13
204729	3	204728	7	10
204785	4	678747	10	14
204808	3	678783	3	6
204812	6	204811	5	11
204855	7	678837	4	11
204878	5	678866	15	20
204891	1	204890	6	7
204945	3	204944	6	9
204968	2	204967	5	7
205001	2	205000	4	6
205015	9	205014	1	10
205022	2	679052	4	6
205028	8	679063	10	18
205032	6	205031	6	12
205037	1	205036	1	2
205066	112	679123	7	119
205072	6	205071	5	11
205080	3	205079	2	5
205091	4	205090	3	7
205100	3	205099	1	4
205117	1	205116	5	6
205160	2	205159	2	4
205181	7	205180	3	10
205184	2	205183	2	4
205204	2	205203	1	3
205243	2	679323	2	4
205247	2	679355	6	8
205249	1	679366	13	14
205250	4	679367	6	10
205275	1	205274	2	3
205290	6	679441	7	13
205335	4	679527	7	11
205350	4	679534	2	6
205353	6	205352	6	12
205354	6	344809	2	8
205362	6	205361	2	8
205369	17	205368	4	21
205397	7	205396	4	11
205416	8	205415	1	9
205460	2	205459	6	8
205469	7	205468	2	9
205487	2	679811	3	5
205495	2	679832	3	5
205514	5	205513	7	12
205532	1	205531	1	2
205563	1	205562	2	3
205609	2	680015	1	3
205657	1	205656	1	2
205661	6	205660	6	12
205714	2	205713	2	4
205715	4	680165	16	20
205728	9	680182	7	16
205737	1	205736	2	3
205796	1	205795	1	2
205834	1	205833	2	3
205852	2	680442	3	5
205853	5	680447	2	7
205854	9	680450	4	13
205863	2	680487	6	8
205904	1	680575	3	4
205936	2	205935	3	5
205967	3	680672	5	8
205979	2	680689	1	3
205980	9	936003	9	18
205986	4	680697	3	7
206002	1	206001	7	8
206064	3	206063	4	7
206071	4	206070	3	7
206076	2	206075	1	3
206078	1	206077	3	4
206096	8	680789	5	13
206099	2	206098	1	3
206101	2	680795	5	7
206105	2	206104	1	3
206109	1	206108	2	3
206124	1	206123	3	4
206154	16	680853	6	22
206207	7	345038	1	8
206214	8	206213	4	12
206233	4	206232	1	5
206253	5	681006	7	12
206259	1	206258	3	4
206261	5	345049	5	10
206281	4	206280	1	5
206306	2	681066	3	5
206314	2	206313	5	7
206333	1	681111	2	3
206349	2	206348	4	6
206368	1	206367	3	4
206370	1	206369	5	6
206382	3	206381	4	7
206399	4	206398	2	6
206401	1	206400	4	5
206422	4	681201	8	12
206425	3	206424	7	10
206489	1	206488	2	3
206550	1	206549	3	4
206555	1	206554	2	3
206559	1	206558	1	2
206583	2	345137	4	6
206616	2	345149	3	5
206622	1	206621	3	4
206627	3	206626	6	9
206629	6	206628	2	8
206632	4	681366	9	13
206637	4	681378	1	5
206639	1	206638	3	4
206640	3	345155	1	4
206648	2	681386	2	4
206656	3	206655	3	6
206674	1	206673	4	5
206688	3	345171	2	5
206705	1	206704	1	2
206729	2	206728	1	3
206752	2	681508	5	7
206773	6	681522	4	10
206774	3	681523	1	4
206776	3	681527	3	6
206813	2	206812	1	3
206823	2	206822	1	3
206826	3	206825	2	5
206846	1	206845	2	3
206864	4	206863	5	9
206867	3	206866	3	6
206888	4	681648	5	9
206889	1	681649	2	3
206910	4	206909	4	8
206934	4	681690	3	7
206951	1	206950	8	9
206955	8	345236	6	14
206960	1	206959	5	6
206964	5	681716	4	9
206993	2	206992	20	22
206999	3	681749	7	10
207006	1	207005	2	3
207011	4	681754	7	11
207013	8	207012	4	12
207030	7	207029	1	8
207033	3	207032	1	4
207055	1	681816	4	5
207100	1	207099	6	7
207104	4	207103	7	11
207138	2	207137	2	4
207140	2	207139	2	4
207155	6	207154	12	18
207162	10	681918	3	13
207163	1	681926	1	2
207209	9	207208	4	13
207224	5	207223	5	10
207232	1	681984	1	2
207234	1	207233	1	2
207271	2	682038	3	5
207281	4	207280	1	5
207284	1	207283	2	3
207302	3	207301	9	12
207306	2	682096	8	10
207327	2	207326	1	3
207428	1	207427	6	7
207448	1	682287	1	2
207471	14	682315	5	19
207480	9	682328	16	25
207483	6	207482	4	10
207500	2	207499	4	6
207512	2	682360	4	6
207517	1	682369	2	3
207524	2	207523	1	3
207526	2	207525	4	6
207541	1	207540	8	9
207553	3	345391	4	7
207555	1	207554	6	7
207562	1	207561	1	2
207566	3	207565	2	5
207569	7	682425	7	14
207578	5	207577	4	9
207587	5	682445	5	10
207592	4	207591	4	8
207614	2	682485	7	9
207624	2	682515	3	5
207629	2	207628	2	4
207640	3	682526	1	4
207644	2	207643	1	3
207647	4	682530	6	10
207668	5	207667	4	9
207679	11	207678	3	14
207701	1	345416	3	4
207714	8	207713	4	12
207717	3	207716	5	8
207750	1	682661	16	17
207775	5	207774	4	9
207807	1	682751	5	6
207810	3	682761	1	4
207842	1	682805	11	12
207867	3	682832	8	11
207870	1	207869	1	2
207880	3	682840	4	7
207901	3	207900	1	4
207921	17	345462	6	23
207938	1	207937	7	8
207949	1	207948	2	3
207951	8	207950	1	9
207955	9	207954	5	14
207959	3	207958	1	4
207972	6	207971	2	8
207998	6	207997	2	8
208013	2	208012	1	3
208036	7	345488	2	9
208043	3	683024	5	8
208044	2	683035	4	6
208071	4	345498	5	9
208094	2	683102	4	6
208101	2	208100	6	8
208130	1	683176	7	8
208142	2	208141	2	4
208144	1	208143	1	2
208147	1	683197	5	6
208156	1	208155	5	6
208163	4	683215	8	12
208167	3	208166	6	9
208184	1	208183	4	5
208194	1	208193	6	7
208200	5	683261	8	13
208202	2	683263	1	3
208211	3	208210	7	10
208278	3	683417	3	6
208281	1	208280	1	2
208291	4	208290	6	10
208313	4	208312	2	6
208357	1	683540	6	7
208365	4	683552	4	8
208377	1	208376	4	5
208391	2	208390	8	10
208421	2	208420	3	5
208424	2	208423	1	3
208458	2	208457	6	8
208465	9	345591	4	13
208475	2	683714	1	3
208492	4	345596	1	5
208513	2	683766	3	5
208518	3	208517	2	5
208538	2	683826	3	5
208600	1	208599	2	3
208614	6	208613	1	7
208637	2	208636	7	9
208643	6	208642	1	7
208656	1	208655	5	6
208658	7	683980	8	15
208660	5	208659	2	7
208716	4	684103	3	7
208736	6	345662	2	8
208757	2	208756	4	6
208759	8	208758	1	9
208771	5	684147	1	6
208773	2	208772	1	3
208775	1	684150	4	5
208778	1	684151	3	4
208784	5	208783	1	6
208796	4	345673	5	9
208797	5	684163	2	7
208801	3	208800	3	6
208811	2	208810	2	4
208832	2	208831	2	4
208850	4	208849	5	9
208872	7	208871	3	10
208883	1	208882	3	4
208913	5	684275	4	9
208951	3	208950	4	7
208959	5	208958	7	12
208961	1	208960	1	2
209001	3	209000	3	6
209010	2	209009	1	3
209029	1	209028	2	3
209031	5	209030	2	7
209041	3	209040	2	5
209045	3	209044	3	6
209051	4	684466	2	6
209057	4	209056	2	6
209086	6	209085	6	12
209104	6	937584	2	8
209108	2	345738	2	4
209154	3	684643	3	6
209162	7	684663	7	14
209172	8	684684	5	13
209180	8	209179	5	13
209188	2	684741	3	5
209224	1	209223	3	4
209235	7	209234	2	9
209236	4	684869	31	35
209247	3	209246	3	6
209254	2	209253	3	5
209267	2	209266	3	5
209268	5	684914	7	12
209305	1	684989	8	9
209312	5	684996	8	13
209335	1	209333	5	6
209339	8	937779	9	17
209344	2	685031	8	10
209351	3	209350	6	9
209352	5	685046	4	9
209354	2	209353	3	5
209360	1	209359	4	5
209364	1	209363	9	10
209366	8	209365	5	13
209379	4	685076	5	9
209384	2	209383	2	4
209427	1	685191	5	6
209428	2	685197	2	4
209442	1	685226	1	2
209472	4	209471	1	5
209519	6	209518	4	10
209530	1	209529	2	3
209560	3	685372	7	10
209572	3	685408	7	10
209603	4	685446	4	8
209610	1	685481	1	2
209632	3	685540	5	8
209653	3	209652	3	6
209659	8	209658	12	20
209756	1	209755	1	2
209777	2	209776	2	4
209793	4	209792	2	6
209805	3	209804	2	5
209855	3	209854	11	14
209867	1	685903	1	2
209880	14	685917	12	26
209917	6	209916	2	8
209980	6	686140	6	12
210086	2	686359	4	6
210114	6	346084	3	9
210122	8	210121	3	11
210124	10	210123	3	13
210128	1	210127	2	3
210143	6	346090	5	11
210159	4	210158	2	6
210187	5	686474	11	16
210192	3	210191	5	8
210253	5	210252	1	6
210260	3	210259	2	5
210263	1	938523	2	3
210265	2	210264	5	7
210313	4	938633	17	21
210357	6	210356	4	10
210359	2	210358	1	3
210362	4	210361	5	9
210365	1	686994	1	2
210366	4	687002	19	23
210369	4	687015	9	13
210399	1	687056	3	4
210412	8	687076	2	10
210449	10	210448	4	14
210455	1	687310	2	3
210473	1	210472	3	4
210478	4	687343	8	12
210491	5	210490	2	7
210503	5	346184	4	9
210526	2	210525	12	14
210543	4	210542	4	8
210579	4	210578	3	7
210586	5	210585	6	11
210595	6	687634	1	7
210621	3	210620	3	6
210632	3	210631	3	6
210639	9	687702	5	14
210642	14	210641	3	17
210666	4	210665	2	6
210690	3	346241	2	5
210715	4	210714	3	7
210737	1	687905	4	5
210740	7	210739	7	14
210742	4	687910	7	11
210805	14	210804	4	18
210825	3	210824	10	13
210828	8	210827	1	9
210830	6	210829	3	9
210844	1	688358	4	5
210855	2	210854	3	5
210859	2	210858	2	4
210867	12	210866	4	16
210880	12	688430	8	20
210883	3	688432	4	7
210898	1	210897	5	6
210909	4	688581	24	28
210911	1	210910	2	3
210921	7	688608	2	9
210932	1	210931	2	3
210936	4	688643	13	17
210941	1	210940	1	2
210943	1	688656	1	2
210956	6	346323	9	15
210958	15	688670	19	34
210965	1	210964	3	4
210974	2	688702	4	6
210976	3	210975	4	7
210981	5	688722	5	10
211003	5	688760	6	11
211015	7	346331	6	13
211029	22	688854	7	29
211086	1	689124	3	4
211105	4	689170	8	12
211111	5	211110	1	6
211136	5	689215	6	11
211140	2	689243	4	6
211145	4	689258	3	7
211155	5	211154	3	8
211182	5	211181	3	8
211193	7	689341	2	9
211198	7	211197	6	13
211206	7	689419	5	12
211212	2	346390	1	3
211218	1	211217	1	2
211225	1	211224	2	3
211230	6	211229	2	8
211241	2	689541	3	5
211242	3	689544	7	10
211245	2	689565	3	5
211251	3	211250	2	5
211255	4	211254	5	9
211266	7	689589	7	14
211275	1	211274	1	2
211278	2	211277	2	4
211294	2	211293	5	7
211298	3	689659	5	8
211302	7	689668	2	9
211303	3	689670	4	7
211311	2	689695	5	7
211312	2	689701	21	23
211341	2	689738	5	7
211367	2	689812	7	9
211378	2	211377	3	5
211384	3	211383	3	6
211399	1	689878	4	5
211405	4	689889	2	6
211422	2	211421	1	3
211429	3	211428	2	5
211453	1	211452	3	4
211465	4	689996	11	15
211478	4	211477	4	8
211481	4	211480	2	6
211486	3	211485	6	9
211499	2	690059	3	5
211502	4	211501	3	7
211506	4	211505	4	8
211513	1	346489	5	6
211554	4	211553	5	9
211578	3	211577	2	5
211582	2	211581	2	4
211585	1	211584	1	2
211592	6	690284	4	10
211596	8	690309	7	15
211607	3	690341	8	11
211613	6	690392	2	8
211621	4	690422	21	25
211636	17	690444	6	23
211637	5	690453	9	14
211659	2	211658	1	3
211701	3	690629	4	7
211724	3	211723	4	7
211726	6	211725	3	9
211735	5	211734	3	8
211748	1	211747	3	4
211765	4	211764	2	6
211770	2	211769	3	5
211780	5	211779	4	9
211782	7	690817	2	9
211804	5	211803	3	8
211822	6	211821	3	9
211826	8	690877	2	10
211844	2	211843	3	5
211853	2	211852	2	4
211861	1	211860	1	2
211864	5	211863	9	14
211866	1	211865	1	2
211873	5	690985	5	10
211898	2	211897	6	8
211900	2	211899	4	6
211926	1	211925	8	9
211955	3	211954	2	5
211960	5	691077	7	12
211971	2	691100	12	14
211975	5	211974	1	6
211978	15	691128	3	18
211984	3	211983	2	5
211988	2	211987	3	5
212002	3	212001	5	8
212086	3	212085	5	8
212107	5	212106	2	7
212111	4	212110	3	7
212115	5	212114	6	11
212119	5	212118	8	13
212121	1	691497	5	6
212158	12	212157	3	15
212178	1	691585	2	3
212196	1	212195	4	5
212216	7	212215	3	10
212229	1	212228	3	4
212247	1	212246	15	16
212251	2	691701	10	12
212268	2	212267	4	6
212288	3	691788	7	10
212295	4	691807	2	6
212298	6	346711	1	7
212306	3	212305	7	10
212308	3	212307	4	7
212324	3	212323	3	6
212347	1	346730	4	5
212373	3	346734	2	5
212381	3	346740	8	11
212384	4	691918	9	13
212387	2	346742	4	6
212391	7	212390	14	21
212392	2	691921	3	5
212411	3	691957	2	5
212420	4	691985	8	12
212430	3	212429	2	5
212446	1	692044	1	2
212484	4	692126	1	5
212498	2	212497	1	3
212506	2	692169	2	4
212510	2	692187	1	3
212543	4	692246	2	6
212554	1	212553	3	4
212561	2	692281	6	8
212568	2	212567	3	5
212569	1	692290	2	3
212581	1	692316	3	4
212583	5	692336	3	8
212624	3	692412	1	4
212673	1	692488	6	7
212680	1	346815	1	2
212703	5	212702	2	7
212704	3	692535	1	4
212721	1	692563	1	2
212722	2	346822	1	3
212760	4	692616	1	5
212766	1	692627	2	3
212772	2	212771	1	3
212792	1	692649	4	5
212830	2	692843	3	5
212888	3	693008	2	5
212929	1	693110	4	5
212973	5	346890	3	8
213090	2	693483	14	16
213107	2	213106	1	3
213151	3	346938	2	5
213203	3	693631	1	4
213208	1	693638	1	2
213237	1	213236	1	2
213243	1	213242	1	2
213341	1	693799	1	2
213376	3	693906	1	4
213400	3	213399	2	5
213411	3	213410	3	6
213415	3	213414	3	6
213443	2	694082	7	9
213455	2	694101	2	4
213476	2	694137	4	6
213494	3	213493	1	4
213497	2	213496	8	10
213509	1	941341	2	3
213528	1	213527	1	2
213551	1	694223	3	4
213560	5	694240	3	8
213585	1	694271	1	2
213624	9	694334	11	20
213664	3	694444	9	12
213675	4	213674	1	5
213682	5	694481	5	10
213687	3	213686	1	4
213721	2	213720	1	3
213736	3	347088	1	4
213778	1	213777	1	2
213784	4	694615	3	7
213815	1	694640	1	2
213831	1	213830	3	4
213849	2	213848	2	4
213856	1	694685	1	2
213878	1	694692	5	6
213896	4	694727	4	8
213909	2	213908	1	3
213945	8	941594	5	13
213954	1	694855	3	4
213986	1	213985	1	2
214001	3	694980	5	8
214055	1	214054	1	2
214076	1	695105	1	2
214079	1	695106	1	2
214109	3	214108	2	5
214115	3	214114	2	5
214120	3	695184	4	7
214152	3	214151	2	5
214156	1	347188	1	2
214162	5	695289	5	10
214192	1	214191	4	5
214211	1	941770	2	3
214252	1	695530	1	2
214256	2	695546	4	6
214296	3	214295	1	4
214297	5	695624	8	13
214361	3	214360	2	5
214373	1	214372	1	2
214386	10	214385	1	11
214403	1	214402	1	2
214407	2	214406	1	3
214414	1	214413	1	2
214454	2	214453	3	5
214462	3	347260	2	5
214472	2	214471	1	3
214477	2	214476	1	3
214485	1	214484	2	3
214501	1	696004	1	2
214544	1	696102	1	2
214574	6	347287	1	7
214579	1	696141	3	4
214609	2	696198	2	4
214656	3	696269	6	9
214699	4	214698	1	5
214709	1	214708	3	4
214713	3	214712	4	7
214732	2	696343	2	4
214734	2	214733	2	4
214746	1	696405	1	2
214751	4	214750	1	5
214752	5	696415	5	10
214757	3	214756	6	9
214775	6	214774	3	9
214780	1	214779	2	3
214804	2	214803	1	3
214828	3	347345	4	7
214834	3	942199	1	4
214848	4	214847	10	14
214862	3	214861	3	6
214867	1	696627	2	3
214880	6	214879	3	9
214891	7	214890	3	10
214896	3	696651	1	4
214897	6	696659	2	8
214917	2	347366	1	3
214956	2	214955	1	3
214958	2	214957	2	4
214976	6	696785	6	12
214994	4	696804	5	9
215010	1	215009	1	2
215041	6	696875	3	9
215042	5	696876	4	9
215074	1	347410	3	4
215081	4	696921	3	7
215092	5	696936	2	7
215114	6	696966	4	10
215162	2	697043	5	7
215187	3	215186	4	7
215220	6	215219	4	10
215233	11	215232	2	13
215239	1	215238	2	3
215263	2	697196	2	4
215278	4	215277	2	6
215305	2	215304	2	4
215332	1	697285	1	2
215356	1	215355	2	3
215370	6	347474	9	15
215374	3	215373	2	5
215392	2	215391	1	3
215402	1	215401	2	3
215438	1	215437	3	4
215446	6	215445	1	7
215448	2	347497	3	5
215450	2	215449	4	6
215466	2	215465	11	13
215493	3	215492	1	4
215499	2	215498	1	3
215520	1	215519	2	3
215540	1	215539	2	3
215580	2	347526	2	4
215599	3	215598	2	5
215606	4	215605	1	5
215634	1	215633	2	3
215636	5	215635	7	12
215648	1	215647	4	5
215656	5	215655	1	6
215663	2	215662	6	8
215701	3	215700	4	7
215707	1	215706	2	3
215711	1	697606	1	2
215714	2	215713	2	4
215725	1	215724	1	2
215729	2	215728	10	12
215732	2	215731	2	4
215734	3	215733	1	4
215750	2	215749	2	4
215765	4	697690	14	18
215768	3	215767	4	7
215785	1	347590	2	3
215816	6	215815	3	9
215835	5	215834	2	7
215837	4	215836	5	9
215842	1	697785	2	3
215848	3	215847	1	4
215862	2	697814	2	4
215879	2	215878	1	3
215899	4	215898	6	10
215918	4	215917	7	11
215931	3	697925	3	6
215945	2	697944	1	3
215946	4	347636	1	5
216060	5	216059	3	8
216079	4	698175	3	7
216087	2	347678	1	3
216142	1	216141	2	3
216150	2	216149	2	4
216173	10	698287	3	13
216176	5	216175	2	7
216182	5	216181	1	6
216185	1	216184	2	3
216195	2	216194	3	5
216201	2	216200	4	6
216214	5	216213	2	7
216216	2	698372	3	5
216236	1	216235	3	4
216238	2	216237	3	5
216253	2	216252	2	4
216294	1	216293	2	3
216296	5	216295	6	11
216315	1	216314	3	4
216320	4	216319	1	5
216322	1	216321	2	3
216378	3	216377	3	6
216407	1	216406	1	2
216434	7	698657	2	9
216443	7	216442	2	9
216454	3	216453	3	6
216459	6	698709	125	131
216460	2	698713	10	12
216463	4	216462	1	5
216468	3	216467	6	9
216475	3	216474	2	5
216478	2	698741	3	5
216500	3	698786	63	66
216526	1	216525	1	2
216537	1	216536	3	4
216561	2	698842	5	7
216583	5	216582	3	8
216589	4	698889	2	6
216610	4	698943	12	16
216612	5	698969	1	6
216653	2	216652	5	7
216659	5	216658	6	11
216695	3	216694	8	11
216696	1	699079	5	6
216703	1	699086	1	2
216710	4	699090	5	9
216730	4	216729	1	5
216732	3	216731	4	7
216742	4	216741	1	5
216766	6	216765	5	11
216821	3	216820	1	4
216832	3	216831	1	4
216843	7	216842	1	8
216852	1	216851	2	3
216883	2	216882	2	4
216891	2	216890	4	6
216898	2	699327	6	8
216923	1	699359	1	2
216951	3	347895	3	6
217123	2	217122	1	3
217161	1	699597	1	2
217194	1	217193	4	5
217205	1	217204	1	2
217207	1	347970	5	6
217315	1	217314	2	3
217357	3	348010	1	4
217403	10	217402	4	14
217407	4	217406	5	9
217416	1	217415	5	6
217422	8	217421	1	9
217425	4	217424	4	8
217428	27	217427	22	49
217435	2	217434	2	4
217453	3	217452	3	6
217456	2	217455	1	3
217466	4	699874	4	8
217482	2	217481	1	3
217509	1	217508	2	3
217519	1	217518	2	3
217536	1	699939	1	2
217565	2	699977	13	15
217570	1	217569	1	2
217574	7	699987	1	8
217586	7	217585	2	9
217605	4	217604	2	6
217618	2	217617	4	6
217632	1	217631	1	2
217637	2	217636	7	9
217661	3	217660	3	6
217717	1	217716	2	3
217725	1	217724	1	2
217784	1	700178	11	12
217848	1	217847	1	2
217861	1	217860	4	5
217904	6	700343	6	12
217984	5	700433	3	8
218069	8	218068	2	10
218141	2	218140	4	6
218169	10	218168	12	22
218234	11	700708	4	15
218378	1	218377	1	2
218456	1	700941	1	2
218469	4	700958	9	13
218507	1	943844	2	3
218593	1	218592	1	2
218637	5	218636	8	13
218641	1	701180	2	3
218745	1	218744	1	2
218828	1	218827	1	2
218938	4	701623	2	6
218992	1	701697	1	2
218993	1	701699	1	2
218996	2	701706	1	3
219001	1	701717	1	2
219015	2	219014	1	3
219030	1	219029	1	2
219143	1	701832	5	6
219158	3	701841	1	4
219285	3	219284	6	9
219311	1	219310	1	2
219334	3	219333	5	8
219469	1	219468	1	2
219527	2	219526	1	3
219545	3	219544	1	4
219595	1	219594	2	3
219617	2	702426	1	3
219637	1	702443	1	2
219684	2	219683	5	7
219692	1	219691	1	2
219731	2	702555	2	4
219782	2	219781	4	6
219792	2	219791	2	4
219796	3	348658	5	8
219807	1	702652	3	4
219840	2	219839	2	4
219842	1	219841	1	2
219849	1	219848	1	2
219858	1	219857	2	3
219869	3	219868	1	4
219932	4	219931	2	6
219958	1	219957	4	5
219968	7	702824	8	15
219974	2	702829	2	4
219977	1	219976	3	4
219985	4	219984	6	10
219995	3	702866	5	8
220010	1	220009	3	4
220012	3	220011	1	4
220051	1	220050	1	2
220076	1	220075	2	3
220083	3	220082	4	7
220099	8	220098	1	9
220119	1	220118	1	2
220203	1	348760	2	3
220217	1	220216	2	3
220220	1	703111	5	6
220223	1	220222	1	2
220242	1	220241	1	2
220269	1	703167	3	4
220276	1	703176	1	2
220277	1	703177	2	3
220283	1	220282	1	2
220325	5	220324	1	6
220342	3	703227	2	5
220367	1	703249	1	2
220378	4	220377	1	5
220406	3	703274	4	7
220420	2	220419	4	6
220424	2	220423	3	5
220429	1	703288	3	4
220439	1	703310	1	2
220469	1	220468	3	4
220475	1	220474	2	3
220481	1	703347	2	3
220488	2	703358	3	5
220494	1	220493	1	2
220535	1	220534	4	5
220548	3	220547	6	9
220555	2	703471	1	3
220568	2	220567	2	4
220573	2	220572	1	3
220590	4	220589	1	5
220601	3	220600	3	6
220605	1	220604	2	3
220614	3	220613	6	9
220637	4	703575	3	7
220674	1	220673	2	3
220699	1	703697	3	4
220707	2	220706	1	3
220725	2	220724	2	4
220729	1	703723	1	2
220733	1	703731	2	3
220758	2	703764	4	6
220775	1	703779	3	4
220777	4	220776	7	11
220778	1	703780	1	2
220784	1	220783	1	2
220785	1	348901	2	3
220791	3	703787	3	6
220804	2	703795	1	3
220825	6	220824	6	12
220850	3	220849	2	5
220853	1	220852	1	2
220865	1	220864	1	2
220870	1	703897	1	2
220906	1	220905	2	3
220907	2	348922	4	6
220920	2	220919	1	3
220953	2	945003	2	4
220966	2	220965	5	7
220978	12	704083	5	17
220997	5	220996	2	7
221001	1	704150	1	2
221017	1	221016	2	3
221038	2	221037	8	10
221076	1	221075	3	4
221093	1	704307	4	5
221159	1	221158	2	3
221177	1	221176	2	3
221179	1	221178	3	4
221199	2	221198	3	5
221204	2	221203	4	6
221216	3	704434	3	6
221226	3	221225	1	4
221234	2	704445	15	17
221253	4	221252	1	5
221257	1	221256	1	2
221260	3	704473	9	12
221266	3	221265	1	4
221269	2	221268	1	3
221277	2	704488	5	7
221288	2	349009	1	3
221300	2	945165	2	4
221315	2	221314	4	6
221325	2	221324	2	4
221327	3	221326	1	4
221374	1	704593	1	2
221404	1	221403	2	3
221407	2	221406	2	4
221408	13	704673	1	14
221412	1	221411	1	2
221436	1	221435	4	5
221442	5	221441	1	6
221447	1	221446	2	3
221473	1	704756	2	3
221495	6	221494	4	10
221508	4	221507	3	7
221519	3	704877	5	8
221541	4	221540	1	5
221551	2	221550	4	6
221559	3	221558	3	6
221573	3	221572	1	4
221581	3	221580	3	6
221586	3	221585	1	4
221656	1	705171	1	2
221677	2	221676	3	5
221681	1	705219	8	9
221694	2	221693	2	4
221701	6	349114	1	7
221708	2	705247	3	5
221713	14	221712	2	16
221740	1	221739	24	25
221756	10	705320	16	26
221765	2	705325	5	7
221786	2	349138	3	5
221850	5	221849	4	9
221854	5	221853	4	9
221871	5	221870	2	7
221878	2	221877	1	3
221890	1	349153	2	3
221901	2	705508	4	6
221909	52	705525	4	56
221921	2	221920	1	3
221924	1	221923	3	4
221931	7	705558	4	11
221933	1	221932	3	4
221941	1	221940	7	8
221949	6	705578	4	10
221974	2	221973	2	4
221980	6	221979	1	7
221994	3	221993	2	5
222001	1	705640	1	2
222012	2	349179	1	3
222020	3	222019	2	5
222033	2	705707	6	8
222047	5	222046	6	11
222061	12	705791	7	19
222070	3	222069	4	7
222074	3	705839	11	14
222078	1	222077	1	2
222094	5	705860	5	10
222119	6	705885	4	10
222133	3	222132	4	7
222146	1	705951	10	11
222158	1	705986	2	3
222160	10	705995	3	13
222175	5	222174	9	14
222183	10	222182	2	12
222191	8	222190	5	13
222197	3	222196	7	10
222222	5	706118	2	7
222256	4	222255	6	10
222269	8	706192	5	13
222320	4	706281	5	9
222339	5	706341	9	14
222347	2	706372	5	7
222350	5	222349	1	6
222404	1	706523	9	10
222415	4	222414	6	10
222428	1	222427	5	6
222438	1	222437	2	3
222449	3	222448	5	8
222451	1	222450	3	4
222470	11	706637	4	15
222477	4	222476	1	5
222503	1	706718	4	5
222517	1	222516	5	6
222529	10	222528	8	18
222575	4	222574	2	6
222577	5	222576	6	11
222619	1	222618	2	3
222621	7	946133	8	15
222636	5	222635	6	11
222669	4	222668	1	5
222723	1	946255	6	7
222731	1	707210	4	5
222733	6	707213	6	12
222735	6	222734	3	9
222736	2	707223	3	5
222747	2	222746	2	4
222787	2	707327	13	15
222801	4	222800	1	5
222818	6	222817	8	14
222824	3	707437	5	8
222830	6	222829	1	7
222832	3	222831	5	8
222866	1	222865	3	4
222876	1	222875	6	7
222916	1	222915	2	3
222923	1	707699	4	5
222926	5	222925	2	7
222949	6	707739	2	8
222969	1	222968	5	6
222981	4	707829	11	15
222990	1	222989	2	3
223030	5	707963	13	18
223064	4	223063	2	6
223070	5	708097	9	14
223075	7	223074	10	17
223077	3	223076	3	6
223082	3	223081	9	12
223096	2	708132	4	6
223102	3	708137	1	4
223114	2	708161	3	5
223156	9	223155	10	19
223179	7	223178	9	16
223186	2	223185	5	7
223196	8	708284	1	9
223200	2	708297	2	4
223206	2	708313	15	17
223213	2	223212	7	9
223292	1	708500	9	10
223298	5	708517	7	12
223302	6	349499	4	10
223332	2	946781	3	5
223334	5	223333	6	11
223341	2	708589	2	4
223362	5	223361	4	9
223377	4	223376	5	9
223390	1	708814	4	5
223422	1	708920	4	5
223442	6	223441	6	12
223450	11	708966	11	22
223470	3	709012	5	8
223491	2	709058	2	4
223496	2	709071	7	9
223500	2	709083	14	16
223501	10	709085	14	24
223506	1	223505	1	2
223515	3	223514	2	5
223528	3	709133	16	19
223530	4	223529	4	8
223537	3	223536	2	5
223538	2	709159	8	10
223550	3	709184	7	10
223554	4	709190	3	7
223556	2	709202	7	9
223591	3	349568	3	6
223601	3	709274	7	10
223618	3	709286	5	8
223620	2	223619	2	4
223637	4	709315	7	11
223643	13	709319	1	14
223645	7	223644	3	10
223650	2	709325	3	5
223655	3	709326	4	7
223659	2	709334	1	3
223662	10	223661	3	13
223685	3	223684	1	4
223689	3	223688	1	4
223696	1	223695	2	3
223703	9	223702	5	14
223709	2	223708	8	10
223711	1	709390	12	13
223720	2	223719	1	3
223753	4	709436	5	9
223756	4	223755	6	10
223785	1	709500	6	7
223825	6	223824	2	8
223852	3	709637	1	4
223865	2	223864	2	4
223880	5	709701	3	8
223903	3	709795	2	5
223930	1	223929	10	11
224037	1	224036	1	2
224047	3	224046	3	6
224052	1	224051	3	4
224053	2	710042	5	7
224084	4	224083	1	5
224090	2	710167	2	4
224110	1	710197	4	5
224114	2	710204	7	9
224116	4	710208	5	9
224138	3	224137	2	5
224146	2	224145	13	15
224153	2	224152	1	3
224158	1	224157	1	2
224170	2	224169	1	3
224185	2	710308	5	7
224193	1	710323	2	3
224198	1	224197	2	3
224225	4	224224	1	5
224230	4	710365	3	7
224239	2	224238	1	3
224254	1	224253	2	3
224258	4	710421	2	6
224280	1	224279	3	4
224295	2	710453	1	3
224366	1	224365	1	2
224381	7	224380	3	10
224418	1	224417	1	2
224504	2	224503	2	4
224512	7	224511	1	8
224514	6	224513	3	9
224519	2	224518	1	3
224539	7	224538	2	9
224547	5	224546	4	9
224556	3	947581	3	6
224565	2	224564	1	3
224600	7	710906	9	16
224626	13	710941	3	16
224675	4	224674	9	13
224678	30	224677	2	32
224680	3	224679	3	6
224700	2	711024	4	6
224724	2	711073	7	9
224779	1	711176	4	5
224800	3	711248	6	9
224806	8	711259	7	15
224851	2	224850	2	4
224874	6	224873	12	18
224875	1	711544	4	5
224894	3	224893	8	11
224926	2	224925	3	5
224928	2	711668	7	9
224945	1	711692	1	2
224984	3	349962	2	5
224985	2	711840	13	15
224991	4	224990	3	7
225004	4	349968	2	6
225007	1	225006	3	4
225010	4	225009	2	6
225012	1	711895	3	4
225017	2	349973	4	6
225032	1	225031	3	4
225056	4	225055	4	8
225061	3	711949	6	9
225070	10	711965	1	11
225076	6	225075	2	8
225102	5	225101	2	7
225127	1	225126	6	7
225141	4	712201	8	12
225149	5	712276	5	10
225175	1	225174	2	3
225198	7	712477	11	18
225211	2	712491	7	9
225219	1	225218	13	14
225258	1	350038	1	2
225267	1	712617	5	6
225269	3	225268	4	7
225271	1	712632	5	6
225298	2	712717	2	4
225304	3	712732	7	10
225306	10	712747	2	12
225324	1	712787	1	2
225331	2	712796	1	3
225337	2	712825	2	4
225342	1	712832	2	3
225359	1	225358	7	8
225371	3	225370	2	5
225379	4	712911	2	6
225391	2	712957	4	6
225394	2	225393	2	4
225399	1	712991	4	5
225403	1	712994	9	10
225406	7	712998	1	8
225420	1	713043	7	8
225424	4	225423	2	6
225448	2	713121	2	4
225454	3	713138	6	9
225458	1	713166	2	3
225459	5	713169	5	10
225464	4	225463	2	6
225482	3	225481	3	6
225484	5	225483	12	17
225487	4	225486	7	11
225499	3	713220	4	7
225518	1	713261	6	7
225532	1	713345	2	3
225551	3	225550	3	6
225552	3	713403	11	14
225557	7	350114	3	10
225572	2	225571	1	3
225625	1	225624	2	3
225633	3	713608	2	5
225637	5	948630	11	16
225654	1	713669	1	2
225687	1	713745	7	8
225701	1	713771	7	8
225744	1	225743	7	8
225751	2	713982	5	7
225770	2	225769	7	9
225799	1	714093	3	4
225808	4	714121	3	7
225812	1	225811	5	6
225817	5	225816	2	7
225840	2	714162	7	9
225916	2	714343	3	5
225920	1	714351	8	9
225924	5	225923	3	8
225933	2	714369	3	5
225944	10	714382	4	14
225952	3	225951	6	9
225961	2	225960	4	6
225967	10	948896	2	12
225971	5	225970	1	6
225977	7	350222	5	12
225985	2	350227	5	7
226003	1	714484	4	5
226017	4	714510	2	6
226019	2	350234	2	4
226022	2	226021	3	5
226041	1	226040	2	3
226052	2	226051	5	7
226081	3	714594	2	5
226085	1	226084	5	6
226087	4	226086	4	8
226091	7	948977	8	15
226096	7	948978	2	9
226108	5	350253	6	11
226115	2	226114	2	4
226117	2	226116	2	4
226147	2	714686	3	5
226154	3	714702	3	6
226155	1	714703	9	10
226156	2	714704	4	6
226157	13	714707	5	18
226169	3	714754	2	5
226175	2	226174	1	3
226189	4	226188	2	6
226193	2	226192	2	4
226195	4	350281	5	9
226207	3	226206	1	4
226223	4	226222	2	6
226230	5	226229	6	11
226231	5	714845	8	13
226233	2	226232	1	3
226242	3	226241	1	4
226321	1	226320	6	7
226325	4	715022	20	24
226332	3	715029	3	6
226334	2	226333	3	5
226344	4	350313	1	5
226400	3	226399	1	4
226402	1	949175	2	3
226417	1	226416	3	4
226421	1	715167	2	3
226450	2	226449	4	6
226491	2	226490	2	4
226502	1	715282	3	4
226513	4	715288	1	5
226524	4	226523	4	8
226529	1	715306	2	3
226538	2	350371	1	3
226545	2	715324	2	4
226566	3	226565	3	6
226568	2	715339	6	8
226578	3	226577	5	8
226582	3	226581	2	5
226589	4	226588	4	8
226591	1	226590	2	3
226608	4	226607	3	7
226616	1	226615	1	2
226635	3	715395	1	4
226668	3	350401	1	4
226677	2	226676	2	4
226683	4	226682	7	11
226685	3	226684	4	7
226695	1	949310	6	7
226697	1	226696	5	6
226704	3	226703	3	6
226705	2	715457	7	9
226729	3	226728	7	10
226734	1	226733	1	2
226754	3	226753	2	5
226788	1	226787	7	8
226906	2	715770	1	3
226911	1	715794	5	6
226960	3	226959	2	5
226977	6	226976	4	10
226981	1	226980	2	3
226998	2	226997	3	5
227026	3	227025	1	4
227047	3	227046	1	4
227049	3	715973	5	8
227051	1	715980	4	5
227054	1	715981	1	2
227061	2	227060	4	6
227072	1	227071	1	2
227098	3	227097	2	5
227104	6	227103	1	7
227172	1	227171	8	9
227177	8	716128	12	20
227178	1	716141	3	4
227205	2	227204	2	4
227207	1	227206	2	3
227215	9	350502	1	10
227250	4	227249	3	7
227283	10	227282	2	12
227284	1	350515	1	2
227291	3	227290	1	4
227292	2	716271	2	4
227295	2	716272	2	4
227299	3	949593	1	4
227302	17	716287	11	28
227319	1	716323	9	10
227351	1	227350	1	2
227354	1	227353	1	2
227380	2	227379	3	5
227400	2	227399	1	3
227445	2	227444	2	4
227463	1	227462	1	2
227474	5	227473	2	7
227476	1	227475	2	3
227512	7	716539	10	17
227532	2	716568	2	4
227536	5	716573	1	6
227558	2	227557	2	4
227565	2	716606	5	7
227566	2	716607	10	12
227584	2	227583	4	6
227615	8	227614	1	9
227662	2	227661	1	3
227688	1	716744	2	3
227691	1	227690	4	5
227698	4	716761	1	5
227719	4	716773	7	11
227785	1	716867	3	4
227823	3	716910	1	4
227827	1	227826	3	4
227835	3	227834	3	6
227848	2	227847	1	3
227872	5	227871	2	7
228023	1	228022	1	2
228038	1	228037	3	4
228053	1	228052	2	3
228056	3	717183	2	5
228070	3	228069	1	4
228149	3	228148	2	5
228158	2	228157	1	3
228169	1	350733	2	3
228185	4	717296	3	7
228223	3	228222	2	5
228233	2	228232	1	3
228237	5	228236	6	11
228244	1	717366	4	5
228258	2	228257	4	6
228270	7	228269	1	8
228281	1	717411	7	8
228285	1	228284	5	6
228306	2	717483	2	4
228352	5	717548	10	15
228370	1	228369	3	4
228393	1	228392	1	2
228416	1	717618	7	8
228448	2	228447	1	3
228555	2	228554	3	5
228571	1	717789	9	10
228588	6	228587	1	7
228605	1	717826	5	6
228625	1	228624	1	2
228654	5	228653	3	8
228664	3	717953	2	5
228678	2	950235	15	17
228706	3	350867	2	5
228714	1	228713	1	2
228723	2	718060	3	5
228725	1	718065	1	2
228727	1	718081	2	3
228740	4	228739	1	5
228744	5	350877	2	7
228762	1	718113	4	5
228797	1	718153	1	2
228869	1	228868	3	4
228893	1	228892	1	2
228901	2	718332	11	13
228903	2	718335	9	11
228948	1	228947	1	2
228969	2	718404	2	4
228990	12	718415	6	18
229027	2	229026	2	4
229056	2	718471	2	4
229070	2	718482	1	3
229110	1	229109	1	2
229157	2	718607	2	4
229161	3	718616	7	10
229180	4	229179	1	5
229182	1	229181	3	4
229193	2	229192	1	3
229198	4	229197	6	10
229203	3	229202	4	7
229224	4	229223	3	7
229231	1	718656	3	4
229248	1	229247	1	2
229275	6	718722	3	9
229278	5	718723	3	8
229301	12	718752	12	24
229309	3	718772	35	38
229317	8	229316	6	14
229319	2	718806	4	6
229341	3	229340	1	4
229354	1	229353	2	3
229368	4	718883	4	8
229375	3	229374	6	9
229381	4	229380	6	10
229398	5	718946	7	12
229414	6	229413	5	11
229436	8	229435	7	15
229460	3	229459	4	7
229484	2	229483	1	3
229512	6	229511	2	8
229528	1	229527	3	4
229532	6	229531	4	10
229541	4	229540	6	10
229549	3	351066	2	5
229563	4	719159	6	10
229565	2	229564	6	8
229568	3	229567	4	7
229583	7	229582	5	12
229587	2	719179	3	5
229628	3	719205	3	6
229670	2	229669	1	3
229691	5	229690	1	6
229713	3	229712	6	9
229740	4	229739	2	6
229757	5	229756	3	8
229761	6	229760	2	8
229763	3	229762	2	5
229765	1	229764	2	3
229778	2	719396	3	5
229796	3	719418	4	7
229804	7	229803	5	12
229843	4	229842	5	9
229855	1	229854	2	3
229858	3	719459	1	4
229920	3	719520	1	4
229926	2	229925	1	3
229928	1	351165	3	4
229939	8	229938	2	10
229951	4	229950	1	5
229952	2	719539	4	6
229958	2	229957	3	5
229969	2	229968	3	5
229971	2	719545	4	6
230036	1	950939	1	2
230069	2	230068	1	3
230091	3	719645	4	7
230095	4	230094	1	5
230099	5	230098	2	7
230114	2	719674	2	4
230155	2	719705	3	5
230159	2	719724	2	4
230166	4	230165	1	5
230172	4	719754	4	8
230177	4	719757	2	6
230193	2	719791	1	3
230203	1	719800	1	2
230229	7	230228	2	9
230239	2	230238	1	3
230241	2	230240	2	4
230243	2	230242	4	6
230266	1	719887	2	3
230289	2	230288	1	3
230313	2	230312	4	6
230315	1	719949	7	8
230317	4	230316	5	9
230320	1	230319	3	4
230322	4	230321	6	10
230328	2	230327	3	5
230338	3	230337	2	5
230342	2	719983	3	5
230382	1	230381	1	2
230423	1	230422	2	3
230433	1	230432	3	4
230441	5	230440	2	7
230444	2	230443	2	4
230448	1	230447	4	5
230480	1	720127	4	5
230486	4	720128	4	8
230522	4	720155	10	14
230537	3	230536	1	4
230542	2	230541	1	3
230581	1	230580	2	3
230594	4	230593	2	6
230601	1	720216	11	12
230605	1	720221	2	3
230610	2	230609	7	9
230625	3	720237	2	5
230630	2	230629	3	5
230636	4	720239	2	6
230666	5	230665	6	11
230672	3	720269	5	8
230681	1	351349	4	5
230690	2	230689	2	4
230700	4	351355	5	9
230711	1	230710	5	6
230717	2	230716	3	5
230726	3	351365	1	4
230732	1	230731	3	4
230736	4	230735	4	8
230752	1	230751	3	4
230756	8	230755	4	12
230767	5	230766	1	6
230771	1	230770	1	2
230785	6	230784	1	7
230788	10	230787	3	13
230791	12	230790	3	15
230805	1	230804	1	2
230813	3	230812	12	15
230815	8	230814	2	10
230817	3	351380	1	4
230834	4	230833	1	5
230835	5	720420	5	10
230856	1	230855	1	2
230861	2	230860	1	3
230869	1	230868	4	5
230878	5	720465	6	11
230893	2	230892	2	4
230912	1	230911	1	2
230926	1	720512	6	7
230935	1	230934	4	5
230946	2	230945	1	3
230962	3	230961	3	6
230965	2	230964	4	6
230967	6	720569	4	10
230969	6	230968	3	9
230975	4	720575	8	12
230985	3	720584	3	6
231031	1	231030	2	3
231051	1	720648	2	3
231057	2	720662	3	5
231061	2	231060	2	4
231077	2	231076	1	3
231087	1	231086	7	8
231104	2	231103	3	5
231106	4	231105	8	12
231107	7	720703	6	13
231109	2	231108	1	3
231111	2	231110	6	8
231115	1	231114	1	2
231125	2	231124	1	3
231126	1	720733	1	2
231134	1	231133	5	6
231170	4	231169	4	8
231171	5	720785	7	12
231201	2	231200	1	3
231207	1	231206	1	2
231213	3	231212	7	10
231214	2	720823	2	4
231241	6	720847	1	7
231245	9	231244	2	11
231247	2	231246	1	3
231253	2	720881	7	9
231255	6	720886	3	9
231259	1	231258	4	5
231263	1	720891	3	4
231317	2	231316	2	4
231319	4	231318	8	12
231324	3	231323	3	6
231330	2	231329	2	4
231346	1	231345	4	5
231354	1	231353	2	3
231356	1	231355	4	5
231359	4	231358	3	7
231399	6	720991	6	12
231401	1	231400	4	5
231422	1	721011	3	4
231431	8	231430	5	13
231442	3	231441	2	5
231445	2	231444	1	3
231447	2	231446	3	5
231463	1	231462	1	2
231510	1	231509	1	2
231512	1	231511	2	3
231521	1	231520	2	3
231532	2	231531	1	3
231540	2	231539	6	8
231559	3	721188	2	5
231576	3	231575	1	4
231580	3	231579	2	5
231593	1	721216	10	11
231597	6	351549	3	9
231628	1	231627	1	2
231634	8	721278	2	10
231648	3	231647	5	8
231666	1	231665	1	2
231705	1	721361	1	2
231714	4	231713	1	5
231718	1	231717	3	4
231731	1	231730	2	3
231743	3	231742	1	4
231759	1	231758	3	4
231761	3	231760	6	9
231768	3	231767	1	4
231770	1	231769	4	5
231771	5	351580	10	15
231796	1	721510	18	19
231854	1	231853	2	3
231861	1	231860	1	2
231907	5	231906	7	12
231934	1	231933	1	2
231950	4	231949	3	7
231952	5	231951	4	9
231971	5	231970	10	15
231985	2	231984	3	5
231997	1	231996	3	4
232000	1	231999	3	4
232028	5	232027	6	11
232044	4	232043	12	16
232053	4	721868	6	10
232065	1	232064	1	2
232074	3	232073	7	10
232086	1	721913	3	4
232113	5	232112	3	8
232117	7	232116	2	9
232119	1	232118	2	3
232127	1	232126	4	5
232128	2	721957	2	4
232136	1	232135	1	2
232154	4	232153	2	6
232157	9	721969	7	16
232168	4	232167	5	9
232169	5	721981	1	6
232176	5	351676	4	9
232188	3	722006	2	5
232215	1	232214	2	3
232235	4	722076	4	8
232237	3	232236	1	4
232242	2	232241	1	3
232251	3	232250	1	4
232254	3	722097	2	5
232267	1	722120	2	3
232293	3	232292	3	6
232296	1	722173	3	4
232300	3	722179	4	7
232307	2	232306	7	9
232315	2	232314	2	4
232327	2	232326	1	3
232333	1	232332	1	2
232407	3	232406	1	4
232427	5	232426	2	7
232436	3	232435	1	4
232441	4	232440	1	5
232442	11	722351	9	20
232444	3	232443	3	6
232445	1	722357	4	5
232447	3	232446	3	6
232461	7	722370	2	9
232490	2	232489	2	4
232504	1	722441	1	2
232526	8	232525	7	15
232545	4	232544	3	7
232572	1	722566	6	7
232576	4	232575	1	5
232578	2	232577	4	6
232591	23	232590	11	34
232601	4	722617	3	7
232609	1	232608	2	3
232625	3	232624	1	4
232629	2	232628	6	8
232634	1	952086	4	5
232636	2	232635	1	3
232641	5	722668	2	7
232648	8	232647	2	10
232660	5	722685	12	17
232663	7	722691	6	13
232666	2	232665	3	5
232673	4	232672	1	5
232679	2	232678	1	3
232684	3	232683	4	7
232689	4	232688	1	5
232708	3	351783	4	7
232722	2	232721	1	3
232728	2	722756	2	4
232751	5	232750	3	8
232753	1	722789	5	6
232770	3	232769	1	4
232786	6	722835	3	9
232803	10	232802	1	11
232810	5	232809	2	7
232815	2	722864	2	4
232827	4	351812	5	9
232838	3	722882	3	6
232840	3	722886	1	4
232853	2	232852	9	11
232872	1	722933	3	4
232876	1	232875	6	7
232913	3	232912	1	4
232917	1	232916	3	4
232929	4	232928	3	7
232938	2	232937	4	6
232944	2	232943	2	4
232952	1	232951	1	2
232988	6	232987	2	8
232991	1	723112	14	15
233000	5	232999	4	9
233009	2	723137	1	3
233040	1	233039	4	5
233044	1	351863	2	3
233077	3	233076	2	5
233087	2	723262	1	3
233095	1	723275	5	6
233110	3	233109	2	5
233121	1	233120	26	27
233137	7	233136	1	8
233139	5	723356	4	9
233164	2	723388	2	4
233166	5	233165	7	12
233180	4	233179	1	5
233217	3	233216	3	6
233227	1	233226	3	4
233239	15	233238	4	19
233267	2	233266	1	3
233268	2	723500	3	5
233284	1	723518	2	3
233288	2	233287	2	4
233313	1	723561	21	22
233316	2	233315	4	6
233320	2	233319	3	5
233325	3	233324	4	7
233331	1	233330	1	2
233341	16	351933	22	38
233348	8	233347	2	10
233349	15	723593	23	38
233359	2	723615	14	16
233371	6	233370	14	20
233379	10	233378	4	14
233383	11	233382	11	22
233399	5	723690	16	21
233414	7	233413	1	8
233422	3	233421	2	5
233425	2	233424	1	3
233438	1	233437	2	3
233450	6	723792	10	16
233457	4	351962	6	10
233463	2	233462	2	4
233498	1	233497	2	3
233499	1	723863	6	7
233544	4	723977	5	9
233601	5	233600	6	11
233609	3	233608	2	5
233624	1	233623	3	4
233649	2	233648	1	3
233655	4	724123	5	9
233685	3	233684	1	4
233689	3	724177	5	8
233730	5	724278	6	11
233733	5	724283	7	12
233756	1	233755	2	3
233772	1	724416	2	3
233773	1	352046	5	6
233778	5	233777	3	8
233791	5	233790	2	7
233798	3	724449	3	6
233807	2	233806	2	4
233814	2	352057	1	3
233827	11	724478	6	17
233862	1	233861	1	2
233883	2	233882	1	3
233915	2	233914	1	3
233939	9	352086	4	13
233940	4	724765	10	14
233955	5	724794	7	12
233960	2	724798	6	8
233975	4	233974	2	6
233977	2	724833	10	12
233985	2	233984	1	3
234011	14	724900	7	21
234013	4	724901	17	21
234041	4	724993	1	5
234046	2	234045	1	3
234048	2	725011	6	8
234062	3	234061	5	8
234065	2	234064	5	7
234073	2	234072	3	5
234079	4	234078	11	15
234122	2	725216	6	8
234131	2	725250	2	4
234135	2	234134	3	5
234139	6	725283	5	11
234145	3	234144	2	5
234158	2	234157	2	4
234168	2	234167	3	5
234190	1	234189	1	2
234202	2	725366	4	6
234219	2	725401	1	3
234225	1	234224	5	6
234229	3	725421	3	6
234250	6	725528	4	10
234271	3	234270	2	5
234275	2	234274	3	5
234282	1	234281	3	4
234309	5	234308	3	8
234320	4	234319	3	7
234351	1	234350	1	2
234366	4	234365	1	5
234383	12	953246	7	19
234386	4	234385	3	7
234398	1	725874	5	6
234416	1	725924	40	41
234439	5	725985	2	7
234441	2	725989	4	6
234450	27	234449	20	47
234463	6	234462	1	7
234513	2	234512	10	12
234560	11	234559	7	18
234566	11	726284	3	14
234588	5	234587	2	7
234590	4	234589	7	11
234606	2	234605	5	7
234620	2	352283	1	3
234626	6	726454	3	9
234647	2	234646	5	7
234649	5	234648	2	7
234662	2	726548	7	9
234735	2	234734	1	3
234740	4	726806	7	11
234741	3	352327	6	9
234761	2	953668	11	13
234775	7	234774	4	11
234782	5	726917	6	11
234800	5	726949	3	8
234847	1	727047	1	2
234850	3	234849	4	7
234854	3	727054	8	11
234868	4	234867	2	6
234881	3	727089	8	11
234894	7	727112	3	10
234923	2	234922	2	4
234926	1	234925	6	7
234931	3	234930	1	4
234933	8	234932	2	10
234958	5	727237	11	16
234979	4	953834	4	8
234989	3	234988	4	7
234993	3	727319	5	8
235003	4	235002	5	9
235026	8	727407	7	15
235234	1	727853	5	6
235240	3	235239	5	8
235248	5	235247	4	9
235255	5	727901	6	11
235264	1	235263	2	3
235274	8	728003	5	13
235306	3	235305	1	4
235314	7	728139	9	16
235318	9	728155	1	10
235373	2	728229	9	11
235381	6	235380	3	9
235415	2	728303	11	13
235421	13	728314	8	21
235428	2	728324	6	8
235441	17	728352	15	32
235445	2	235444	8	10
235461	7	728407	15	22
235476	7	728410	12	19
235542	6	235541	5	11
235640	8	235639	1	9
235645	2	728751	11	13
235647	2	235646	4	6
235666	3	352595	2	5
235683	3	728816	1	4
235692	11	728827	2	13
235707	8	728865	3	11
235710	6	235709	6	12
235719	2	235718	1	3
235736	1	235735	2	3
235737	1	728893	2	3
235742	6	728904	5	11
235750	2	235749	6	8
235763	3	352621	15	18
235765	7	728945	7	14
235781	5	728986	4	9
235831	3	729186	1	4
235926	1	729335	2	3
236112	2	236111	2	4
236132	1	729576	1	2
236192	1	236191	1	2
236200	1	236199	1	2
236230	1	729662	4	5
236258	1	729715	6	7
236278	2	729778	2	4
236293	2	236292	4	6
236319	3	236318	4	7
236344	2	236343	1	3
236345	1	729832	1	2
236363	1	236362	1	2
236376	1	236375	2	3
236377	1	729865	2	3
236392	2	236391	3	5
236397	2	236396	4	6
236403	1	352811	1	2
236424	2	236423	2	4
236428	2	236427	1	3
236442	2	236441	2	4
236455	4	236454	1	5
236473	1	236472	1	2
236489	2	236488	1	3
236498	1	236497	1	2
236505	2	236504	1	3
236539	1	729987	2	3
236549	4	236548	4	8
236594	3	730146	2	5
236647	4	236646	2	6
236659	7	730264	4	11
236667	1	236666	1	2
236671	2	236670	4	6
236677	4	236676	2	6
236679	6	236678	9	15
236681	2	236680	1	3
236683	3	236682	4	7
236686	2	236685	2	4
236697	7	730293	3	10
236759	4	236758	2	6
236767	2	730469	1	3
236771	1	236770	4	5
236774	21	730492	4	25
236795	3	236794	6	9
236798	1	236797	1	2
236807	5	236806	2	7
236809	7	236808	1	8
236818	2	730586	2	4
236840	5	236839	6	11
236886	2	236885	2	4
236894	3	236893	5	8
236896	1	730685	12	13
236908	6	730706	3	9
236930	1	730742	3	4
236935	2	730772	2	4
236950	1	236949	3	4
236952	3	730806	7	10
236961	2	730812	2	4
236982	4	730839	8	12
236998	2	730852	4	6
237007	5	237006	5	10
237012	5	237011	3	8
237014	4	237013	4	8
237027	5	237026	4	9
237044	2	237043	3	5
237046	3	730895	4	7
237050	1	237049	2	3
237056	3	237055	3	6
237076	4	353010	3	7
237085	5	237084	8	13
237091	1	237090	1	2
237099	2	730963	3	5
237123	6	731020	6	12
237131	1	731029	1	2
237136	3	731032	3	6
237163	1	237162	2	3
237165	3	353034	1	4
237181	2	731097	1	3
237193	4	731108	3	7
237208	5	731122	4	9
237210	4	353050	2	6
237216	1	237215	2	3
237236	4	237235	1	5
237241	5	731159	11	16
237248	1	731177	6	7
237256	3	353061	3	6
237259	1	237258	2	3
237262	6	237261	7	13
237271	7	955430	16	23
237278	1	731212	4	5
237285	3	353067	2	5
237304	5	237303	6	11
237316	2	353074	6	8
237317	7	731286	8	15
237325	1	731303	6	7
237334	2	731309	14	16
237336	2	237335	1	3
237337	4	353076	1	5
237361	1	731335	1	2
237401	2	237400	3	5
237411	5	731398	1	6
237415	2	237414	9	11
237427	3	731458	5	8
237429	10	731464	3	13
237453	2	237452	3	5
237454	2	731511	4	6
237460	9	731527	3	12
237495	5	237494	2	7
237500	2	237499	3	5
237523	1	237522	1	2
237533	1	731667	4	5
237554	6	731696	4	10
237565	2	237564	4	6
237567	2	237566	4	6
237569	1	237568	2	3
237570	6	731722	4	10
237589	4	237588	6	10
237590	1	731743	6	7
237602	4	237601	7	11
237632	5	237631	3	8
237648	5	731833	1	6
237649	3	731838	4	7
237661	3	237660	2	5
237679	5	237678	1	6
237703	1	237702	2	3
237710	2	237709	3	5
237717	3	237716	2	5
237733	6	237732	1	7
237735	2	237734	1	3
237740	1	731914	4	5
237746	5	237745	1	6
237781	1	353174	6	7
237784	1	731953	2	3
237790	2	237789	2	4
237808	3	731981	8	11
237825	1	732013	9	10
237829	2	732027	3	5
237843	1	732037	2	3
237848	2	732041	5	7
237880	2	732103	3	5
237885	3	237884	4	7
237889	2	237888	3	5
237903	7	237902	12	19
237910	5	237909	6	11
237912	3	732145	4	7
237916	11	732158	3	14
237932	1	237931	1	2
237941	2	353200	1	3
237961	4	732258	11	15
237976	1	732311	3	4
237982	1	237981	1	2
238004	1	238003	2	3
238013	2	732394	3	5
238044	3	238043	3	6
238059	2	732483	2	4
238062	5	732489	2	7
238103	3	238102	1	4
238114	3	732604	9	12
238132	4	238131	8	12
238138	12	732623	3	15
238156	2	732646	2	4
238157	2	732649	7	9
238167	5	732680	5	10
238168	2	732691	7	9
238172	1	238171	4	5
238184	1	732711	1	2
238188	1	238187	4	5
238192	1	238191	1	2
238194	6	238193	1	7
238207	5	732821	13	18
238211	3	238210	3	6
238222	5	732843	2	7
238282	3	238281	4	7
238287	4	238286	2	6
238330	1	733071	4	5
238347	4	733102	5	9
238352	5	733112	14	19
238357	5	733130	5	10
238391	5	238390	2	7
238397	2	238396	7	9
238399	4	238398	4	8
238402	6	238401	1	7
238419	1	238418	3	4
238434	8	733313	3	11
238448	4	238447	2	6
238451	2	238450	4	6
238453	3	238452	1	4
238466	2	733478	1	3
238479	1	733517	10	11
238489	1	733552	4	5
238513	3	733629	7	10
238533	6	733658	2	8
238550	2	353385	3	5
238554	1	733762	2	3
238557	7	733765	4	11
238561	3	733789	7	10
238568	2	733818	1	3
238575	1	238574	1	2
238587	2	238586	2	4
238589	1	353397	2	3
238592	4	238591	1	5
238598	1	238597	1	2
238610	1	733853	10	11
238616	1	238615	2	3
238636	1	238635	1	2
238650	1	238649	3	4
238653	3	733903	4	7
238663	6	238662	1	7
238695	5	238694	1	6
238697	2	733991	3	5
238698	4	733994	1	5
238711	1	734021	1	2
238716	2	734028	1	3
238717	1	734029	3	4
238780	2	734204	4	6
238784	1	734223	6	7
238798	1	734296	5	6
238804	3	238803	1	4
238830	4	734363	4	8
238832	1	734365	1	2
238834	2	238833	1	3
238838	4	734369	2	6
238849	9	238848	7	16
238855	3	238854	1	4
238862	1	238861	1	2
238864	3	238863	3	6
238888	16	734431	2	18
238890	10	238889	5	15
238896	8	734443	15	23
238929	1	734533	3	4
238931	3	734536	4	7
238942	2	734553	5	7
238943	2	734554	9	11
238957	1	734615	7	8
238964	6	734633	1	7
238986	8	734708	5	13
239018	9	734757	22	31
239054	1	239053	3	4
239083	2	239082	3	5
239086	2	239085	5	7
239115	1	734915	2	3
239125	4	239124	1	5
239148	1	239147	1	2
239172	2	239171	1	3
239199	2	239198	3	5
239212	1	735042	5	6
239280	6	735176	49	55
239287	8	735181	1	9
239289	5	239288	6	11
239291	3	239290	4	7
239295	1	735188	2	3
239312	2	239311	5	7
239331	1	735220	1	2
239336	3	735224	6	9
239342	2	239341	1	3
239345	1	735229	1	2
239351	3	735233	6	9
239359	3	735239	1	4
239364	3	239363	2	5
239374	4	239373	3	7
239455	6	735409	8	14
239468	2	353594	4	6
239478	2	735460	8	10
239485	3	353597	4	7
239486	2	353598	4	6
239514	7	239513	4	11
239528	2	735571	2	4
239529	1	735575	4	5
239536	7	239535	4	11
239544	4	239543	2	6
239554	3	735632	3	6
239559	3	735636	8	11
239562	8	735641	10	18
239573	4	239572	3	7
239576	5	239575	5	10
239578	7	239577	11	18
239580	4	239579	3	7
239589	8	239588	3	11
239608	5	735698	4	9
239612	1	239611	7	8
239619	2	239618	5	7
239620	1	735733	2	3
239631	5	735756	4	9
239655	5	239654	7	12
239670	3	735834	2	5
239672	5	239671	1	6
239700	1	735884	3	4
239706	1	735890	3	4
239731	5	239730	1	6
239746	4	239745	2	6
239753	1	239752	1	2
239756	4	735927	5	9
239763	3	735942	5	8
239765	4	239764	3	7
239768	1	735954	30	31
239777	1	735965	2	3
239792	8	735982	3	11
239793	2	735983	1	3
239812	2	736019	5	7
239833	1	239832	6	7
239837	2	239836	5	7
239908	2	239907	3	5
239926	1	239925	1	2
239927	3	736168	4	7
239930	16	239929	2	18
239943	1	239942	7	8
239953	1	239952	2	3
239958	3	239957	5	8
239964	2	239963	5	7
239989	6	239988	1	7
240007	3	736265	1	4
240012	1	240011	2	3
240014	3	736275	1	4
240046	13	240045	3	16
240048	5	240047	1	6
240050	5	240049	4	9
240073	1	240072	1	2
240085	1	736366	7	8
240092	4	240091	3	7
240097	6	240096	2	8
240108	8	240107	12	20
240117	1	240116	1	2
240122	1	240121	3	4
240124	3	240123	2	5
240149	9	240148	2	11
240156	8	240155	5	13
240161	15	240160	4	19
240163	9	240162	8	17
240169	4	240168	5	9
240171	4	240170	21	25
240176	1	353753	4	5
240197	1	736493	5	6
240262	1	736590	1	2
240263	2	736591	2	4
240264	4	736592	9	13
240282	4	736616	2	6
240293	2	240292	5	7
240298	4	736645	1	5
240306	3	736664	5	8
240321	1	240320	3	4
240324	3	736690	12	15
240325	1	736691	2	3
240338	2	240337	4	6
240342	1	240341	1	2
240344	2	240343	5	7
240349	3	240348	8	11
240367	6	240366	3	9
240370	3	240369	1	4
240377	4	240376	1	5
240398	1	240397	2	3
240415	3	736774	3	6
240421	5	240420	1	6
240432	4	240431	3	7
240435	1	736790	10	11
240437	2	736797	3	5
240458	2	736825	8	10
240480	1	736866	7	8
240518	3	353837	5	8
240532	1	240531	1	2
240545	6	353844	3	9
240551	2	240550	1	3
240559	1	736975	3	4
240569	2	736995	5	7
240577	1	957592	1	2
240616	2	240615	1	3
240619	3	240618	4	7
240641	7	240640	6	13
240657	1	240656	4	5
240667	1	240666	1	2
240726	3	240725	1	4
240733	4	240732	1	5
240758	4	737219	3	7
240761	2	737225	11	13
240763	7	240762	8	15
240790	2	240789	4	6
240797	3	240796	3	6
240804	7	240803	7	14
240814	1	240813	7	8
240829	5	737317	1	6
240848	3	240847	2	5
240857	7	737344	8	15
240858	6	737345	6	12
240865	9	957714	7	16
240920	7	240919	3	10
240927	2	240926	1	3
240941	2	240940	3	5
241002	1	241001	5	6
241009	1	241008	3	4
241026	2	241025	1	3
241038	3	737727	3	6
241046	2	241045	3	5
241049	7	241048	2	9
241054	9	241053	12	21
241089	2	241088	1	3
241105	1	737783	1	2
241108	2	241107	2	4
241115	7	737820	14	21
241138	1	737850	3	4
241139	3	353982	10	13
241147	7	737875	3	10
241157	7	241156	1	8
241173	1	737935	2	3
241184	4	241183	2	6
241200	3	241199	2	5
241201	1	737968	3	4
241220	4	241219	5	9
241222	2	241221	2	4
241224	1	354019	1	2
241247	2	738059	8	10
241249	3	241248	6	9
241264	2	738109	2	4
241287	3	241286	4	7
241290	4	241289	4	8
241307	1	241306	2	3
241322	2	738187	3	5
241343	1	241342	3	4
241357	3	354041	4	7
241378	6	738252	3	9
241397	3	738282	10	13
241404	3	241403	9	12
241406	7	738299	4	11
241410	1	241409	5	6
241415	17	241414	9	26
241417	1	738304	1	2
241444	3	241443	2	5
241455	3	241454	2	5
241473	1	241472	3	4
241483	2	354069	2	4
241495	1	241494	1	2
241510	2	241509	2	4
241517	3	241516	1	4
241521	2	241520	1	3
241528	1	241527	3	4
241533	1	241532	1	2
241536	3	738456	2	5
241542	1	738485	26	27
241545	1	241544	1	2
241547	7	241546	2	9
241551	6	241550	2	8
241554	1	241553	1	2
241564	3	241563	4	7
241571	1	241570	4	5
241586	1	241585	3	4
241593	2	241592	1	3
241597	2	241596	5	7
241616	1	738577	1	2
241631	12	738585	2	14
241652	1	241651	1	2
241663	1	241662	4	5
241723	4	241722	3	7
241730	2	738700	3	5
241732	3	241731	3	6
241747	4	241746	1	5
241750	1	738720	3	4
241780	1	241779	3	4
241835	6	738863	4	10
241857	3	241856	1	4
241860	6	241859	2	8
241863	3	241862	5	8
241874	3	241873	1	4
241888	3	738945	3	6
241895	5	241894	3	8
241897	1	241896	4	5
241923	2	241922	1	3
241926	1	241925	2	3
241937	1	241936	7	8
241943	1	241942	3	4
241946	1	241945	2	3
241947	2	354203	1	3
241955	5	739046	4	9
241965	2	739059	3	5
241975	2	241974	2	4
241993	1	241992	1	2
242009	2	242008	2	4
242011	3	354226	1	4
242015	5	242014	1	6
242023	1	242022	6	7
242028	1	739138	3	4
242038	3	242037	4	7
242040	2	354233	3	5
242047	6	242046	4	10
242050	1	739159	2	3
242052	1	242051	1	2
242061	1	242060	1	2
242066	1	739189	1	2
242107	2	242106	1	3
242121	3	242120	2	5
242122	2	739256	2	4
242141	1	739266	2	3
242151	2	242150	3	5
242160	3	739289	5	8
242188	1	242187	1	2
242209	2	242208	3	5
242217	14	242216	11	25
242226	5	242225	1	6
242251	6	739387	4	10
242279	2	242278	3	5
242280	3	739398	2	5
242282	3	739404	6	9
242284	1	242283	1	2
242336	2	242335	1	3
242338	12	242337	1	13
242353	4	242352	1	5
242358	1	242357	1	2
242365	6	242364	2	8
242394	4	354315	5	9
242402	2	739550	10	12
242407	4	739553	2	6
242413	5	739556	10	15
242418	1	242417	3	4
242424	6	739563	8	14
242427	3	739568	6	9
242434	4	242433	4	8
242437	21	739584	6	27
242442	4	242441	2	6
242452	2	354336	3	5
242460	2	242459	2	4
242478	6	739625	3	9
242515	3	739672	4	7
242531	4	242530	2	6
242538	2	739687	9	11
242546	1	739697	2	3
242549	4	958601	22	26
242562	4	739714	4	8
242567	2	354364	3	5
242575	5	242574	1	6
242584	2	354368	2	4
242597	7	242596	4	11
242600	4	242598	1	5
242619	1	242618	2	3
242639	3	242638	3	6
242645	6	242644	3	9
242654	4	739794	4	8
242658	5	739805	2	7
242662	1	242661	2	3
242676	2	739851	8	10
242679	4	242678	1	5
242694	5	354402	4	9
242699	15	739894	1	16
242729	9	739942	4	13
242734	2	242733	2	4
242746	2	242745	3	5
242761	1	242760	6	7
242778	6	242777	4	10
242783	2	242782	4	6
242786	5	242785	5	10
242793	3	242792	1	4
242805	3	242804	2	5
242814	2	242813	3	5
242818	3	740050	3	6
242825	3	242824	1	4
242829	1	242828	1	2
242841	1	242840	3	4
242842	1	740072	5	6
242857	4	242856	3	7
242864	3	242863	4	7
242866	6	242865	3	9
242878	1	740121	2	3
242893	2	242892	3	5
242902	1	740131	2	3
242933	4	242932	5	9
242941	6	242940	3	9
242957	3	242956	7	10
242959	3	242958	2	5
242966	1	740198	3	4
242972	4	242971	2	6
242981	6	740217	6	12
242988	3	242987	6	9
243024	4	243023	3	7
243028	1	243027	3	4
243038	2	740274	1	3
243060	3	243059	4	7
243066	2	243065	4	6
243070	1	740289	3	4
243091	4	243090	4	8
243095	4	243094	2	6
243099	2	354495	3	5
243104	1	740339	3	4
243111	5	740344	7	12
243127	1	740371	1	2
243132	5	243131	4	9
243134	1	354500	1	2
243184	4	740464	1	5
243205	3	354512	4	7
243211	1	740491	6	7
243214	4	243213	4	8
243218	1	243217	2	3
243237	5	243236	4	9
243256	6	243255	5	11
243264	3	243263	4	7
243268	1	740563	4	5
243278	5	243277	4	9
243337	2	243336	4	6
243362	2	243361	7	9
243379	3	243378	1	4
243396	1	243395	4	5
243401	2	243400	3	5
243417	1	243416	8	9
243428	1	243427	2	3
243470	3	243469	3	6
243494	2	243493	1	3
243496	2	243495	6	8
243503	4	243502	2	6
243511	2	243510	1	3
243515	3	243514	1	4
243539	2	740905	1	3
243566	7	243565	5	12
243575	2	243574	3	5
243578	4	740947	2	6
243580	1	243579	7	8
243582	7	243581	7	14
243584	3	243583	2	5
243588	3	243587	4	7
243592	2	243591	1	3
243597	2	243596	3	5
243611	2	740974	6	8
243612	1	740975	1	2
243678	2	741026	5	7
243684	2	243683	4	6
243696	1	243695	1	2
243731	1	243730	3	4
243741	7	243740	4	11
243755	2	243754	2	4
243773	1	741061	1	2
243803	1	243802	1	2
243824	3	243823	1	4
243826	5	243825	2	7
243829	1	243828	3	4
243838	1	243837	12	13
243843	1	243842	9	10
243853	1	243852	3	4
243856	3	243855	5	8
243858	3	243857	1	4
243874	3	243873	11	14
243877	3	243876	1	4
243883	2	243882	9	11
243887	2	243886	1	3
243890	6	243889	5	11
243926	1	741234	5	6
243993	3	243992	3	6
244014	2	741370	2	4
244021	4	244020	2	6
244029	3	741382	6	9
244051	3	244050	4	7
244062	6	244061	10	16
244069	7	244068	1	8
244079	1	741434	1	2
244095	2	354731	1	3
244100	1	244099	3	4
244107	4	244106	5	9
244112	9	741479	4	13
244131	4	741505	7	11
244145	6	741519	2	8
244157	3	741537	1	4
244164	5	741542	3	8
244181	1	244180	3	4
244183	8	244182	7	15
244187	1	244186	2	3
244195	3	244194	5	8
244198	3	741577	6	9
244201	5	244200	2	7
244210	7	244209	4	11
244240	7	741619	2	9
244304	4	244303	3	7
244308	5	741705	2	7
244322	6	244321	6	12
244324	5	244323	5	10
244333	4	741733	5	9
244338	3	244337	3	6
244349	5	741759	3	8
244351	4	741763	12	16
244403	5	354811	2	7
244416	3	741932	7	10
244425	11	244424	2	13
244431	1	244430	2	3
244435	2	244434	4	6
244436	4	741959	5	9
244440	2	741963	2	4
244458	3	244457	3	6
244483	3	244482	3	6
244489	6	244488	5	11
244503	5	742036	4	9
244506	7	742054	5	12
244513	1	244512	3	4
244531	2	244530	5	7
244545	1	244544	6	7
244568	2	244567	2	4
244584	9	244583	2	11
244587	7	244586	2	9
244594	1	742111	1	2
244598	4	742115	4	8
244606	4	244605	2	6
244612	4	742129	5	9
244621	3	244620	4	7
244630	1	244629	1	2
244646	5	244645	1	6
244712	5	742215	5	10
244730	2	742233	2	4
244733	10	244732	2	12
244748	1	742248	2	3
244750	2	244749	1	3
244753	1	244752	5	6
244761	1	244760	2	3
244764	4	244763	1	5
244772	2	742270	1	3
244783	1	742290	3	4
244793	5	244792	2	7
244795	1	742302	2	3
244817	3	244816	1	4
244827	2	742356	6	8
244843	3	244842	7	10
244859	3	742408	3	6
244861	2	354934	4	6
244879	5	742493	36	41
244884	3	244883	2	5
244899	1	742524	3	4
244903	2	742536	1	3
244908	1	742554	1	2
244910	5	742567	2	7
244944	5	742645	5	10
244946	5	959784	2	7
244954	2	742674	9	11
244955	3	742685	4	7
244958	1	742698	5	6
244976	6	742760	3	9
244979	3	742776	4	7
244988	16	742837	1	17
244992	4	244991	3	7
244998	2	244997	1	3
245008	3	742886	2	5
245049	7	354988	1	8
245057	10	743033	2	12
245063	2	245062	7	9
245102	6	743144	3	9
245106	6	743148	16	22
245114	1	245113	4	5
245138	9	355011	6	15
245163	6	245162	3	9
245184	2	743220	1	3
245189	6	245188	1	7
245223	8	245222	7	15
245232	5	245231	5	10
245257	11	245256	2	13
245260	2	245259	1	3
245269	3	245268	5	8
245282	4	743304	5	9
245302	4	245301	3	7
245310	1	743347	4	5
245318	2	245317	2	4
245327	2	245326	2	4
245379	2	245378	3	5
245382	1	245381	1	2
245427	8	245426	5	13
245475	3	743481	1	4
245490	1	245489	4	5
245499	2	743518	3	5
245514	4	245513	1	5
245517	1	743548	6	7
245541	1	743609	1	2
245548	4	743625	3	7
245582	8	743703	4	12
245601	3	355130	1	4
245620	2	743764	1	3
245625	1	355137	2	3
245638	4	245637	1	5
245685	3	743855	2	5
245700	2	245699	2	4
245703	3	245702	3	6
245715	1	743914	2	3
245726	3	245725	2	5
245738	1	245737	2	3
245744	2	743964	1	3
245745	1	743967	3	4
245746	2	743979	11	13
245752	1	743993	4	5
245780	3	744056	1	4
245837	1	245836	5	6
245865	3	355184	3	6
245891	5	245890	3	8
245919	1	245918	1	2
245922	5	245921	1	6
245971	1	245970	1	2
245976	2	245975	2	4
245983	3	245982	2	5
246000	1	744458	1	2
246078	2	744607	3	5
246103	1	744640	4	5
246113	1	246112	1	2
246125	1	744670	1	2
246126	1	744674	4	5
246132	1	246131	2	3
246178	2	744791	1	3
246184	2	744801	2	4
246202	2	246201	1	3
246219	1	744848	1	2
246222	4	246221	6	10
246225	4	246224	1	5
246267	1	744945	2	3
246276	3	246275	6	9
246291	2	744994	4	6
246299	2	355302	1	3
246307	2	246306	2	4
246308	2	745024	3	5
246328	2	745050	1	3
246337	2	246336	1	3
246348	10	355314	5	15
246356	2	745113	5	7
246370	4	745128	5	9
246374	2	246373	1	3
246396	2	745171	6	8
246403	2	246402	3	5
246469	10	745309	9	19
246478	1	745317	1	2
246479	1	745318	1	2
246485	5	355365	2	7
246493	5	745356	5	10
246498	4	246497	5	9
246503	2	246502	1	3
246512	2	246511	7	9
246525	9	745425	5	14
246540	1	246539	1	2
246553	4	246552	6	10
246594	2	246593	2	4
246611	6	246610	3	9
246618	2	246617	2	4
246620	2	246619	2	4
246637	8	246636	5	13
246662	1	246661	2	3
246667	5	745662	25	30
246671	5	745677	4	9
246673	7	246672	1	8
246682	1	246681	2	3
246683	3	745705	4	7
246688	8	745728	11	19
246690	1	246689	6	7
246694	10	745740	6	16
246696	3	745746	9	12
246697	6	745755	5	11
246700	2	745768	2	4
246702	8	355432	6	14
246704	5	745775	10	15
246712	2	355435	5	7
246715	1	745811	13	14
246728	5	745844	14	19
246766	1	246765	3	4
246844	10	746209	4	14
246853	1	246852	1	2
246856	3	246855	1	4
246860	4	746217	7	11
246865	1	746231	1	2
246890	3	246889	5	8
246891	1	746280	5	6
246896	2	246895	6	8
246901	2	246900	7	9
246906	4	246905	4	8
246917	7	746332	10	17
246937	2	246936	3	5
246938	9	746370	5	14
246948	7	746413	12	19
246962	3	746440	8	11
246966	3	246965	1	4
247003	4	355507	4	8
247024	2	355513	4	6
247027	1	746574	4	5
247053	1	746618	3	4
247063	2	247062	3	5
247079	4	746672	7	11
247101	4	746732	5	9
247141	23	355558	6	29
247149	6	247148	3	9
247157	1	247156	1	2
247158	6	746921	10	16
247206	1	247205	1	2
247224	3	747097	2	5
247256	1	247255	2	3
247285	13	247284	1	14
247293	2	247292	1	3
247310	6	747292	3	9
247313	2	747309	1	3
247362	2	961490	1	3
247374	1	747465	1	2
247391	1	747495	1	2
247423	2	247422	1	3
247425	3	747561	1	4
247434	3	247433	13	16
247454	1	247453	2	3
247474	2	747715	4	6
247486	2	747749	1	3
247495	2	247494	2	4
247547	4	747909	27	31
247563	1	747926	16	17
247586	8	247585	7	15
247618	1	748035	4	5
247624	4	748063	12	16
247638	5	748089	10	15
247645	2	247644	1	3
247670	4	247669	5	9
247686	5	748182	6	11
247689	3	748184	3	6
247690	10	748185	8	18
247693	3	247692	4	7
247702	7	247701	5	12
247710	3	247709	6	9
247774	5	247773	6	11
247778	6	247777	4	10
247781	7	355755	8	15
247783	3	247782	1	4
247786	2	247785	6	8
247790	1	748332	4	5
247822	2	748424	4	6
247833	5	247832	5	10
247842	5	247841	3	8
247843	5	748501	4	9
247927	1	748693	4	5
247930	1	748706	3	4
247942	4	247941	2	6
247954	1	748764	10	11
247980	4	247979	6	10
248001	2	248000	12	14
248012	1	248011	2	3
248034	1	749020	4	5
248056	4	248055	3	7
248060	1	749078	7	8
248074	5	749119	7	12
248081	3	248080	7	10
248089	2	749134	5	7
248091	4	749142	13	17
248096	2	248095	3	5
248097	6	749157	6	12
248100	1	248099	2	3
248101	3	749158	3	6
248110	6	248109	2	8
248154	8	749236	7	15
248156	1	749241	1	2
248160	8	248159	1	9
248167	4	248166	1	5
248177	3	749265	3	6
248180	7	749270	16	23
248187	2	749289	2	4
248209	5	248208	9	14
248247	1	248246	1	2
248259	1	749513	10	11
248261	2	248260	1	3
248306	2	749568	3	5
248346	1	749628	5	6
248347	7	355910	9	16
248354	1	749682	5	6
248356	2	248355	6	8
248365	2	248364	2	4
248371	2	749707	5	7
248373	9	749708	3	12
248400	2	749790	1	3
248406	1	248405	1	2
248416	5	248415	2	7
248418	1	749812	3	4
248436	7	749841	21	28
248445	3	248444	3	6
248447	2	749877	4	6
248502	1	750061	5	6
248523	3	750091	7	10
248534	2	750115	6	8
248537	3	750120	6	9
248563	4	962480	2	6
248572	7	355979	2	9
248580	3	750233	7	10
248605	2	248604	3	5
248629	2	355996	4	6
248656	5	248655	2	7
248693	1	248692	1	2
248724	1	248723	1	2
248727	2	248726	12	14
248760	32	248759	5	37
248774	2	750584	3	5
248793	9	248792	6	15
248797	5	248796	5	10
248811	1	248810	5	6
248815	3	248814	4	7
248829	3	248828	2	5
248848	4	248847	1	5
248868	6	750706	7	13
248872	16	750710	8	24
248909	1	248908	3	4
248920	4	750772	4	8
248929	1	750788	1	2
248959	1	750838	3	4
248962	2	248961	1	3
248973	2	248972	1	3
248989	4	248988	13	17
249005	1	962758	2	3
249008	5	249007	12	17
249010	7	249009	1	8
249071	1	249070	5	6
249083	3	249082	7	10
249086	4	249085	2	6
249107	2	249106	4	6
249114	1	249113	1	2
249158	6	249157	2	8
249159	1	751057	2	3
249175	4	249174	3	7
249186	3	751085	2	5
249191	2	751107	3	5
249194	7	356162	2	9
249198	2	751116	6	8
249202	2	751120	4	6
249208	1	249207	1	2
249230	2	356172	2	4
249234	17	751174	3	20
249260	1	249259	6	7
249268	3	751222	1	4
249272	4	249271	1	5
249306	2	356192	2	4
249322	1	962915	9	10
249337	3	751306	3	6
249345	3	249344	3	6
249366	8	751331	3	11
249382	6	356224	8	14
249398	1	249397	5	6
249401	2	249400	4	6
249413	1	751420	1	2
249469	3	249468	4	7
249481	1	356253	7	8
249528	3	751608	3	6
249536	4	751626	3	7
249538	4	751632	6	10
249549	9	249548	1	10
249572	4	249571	3	7
249593	2	249592	1	3
249596	1	249595	3	4
249602	1	249601	1	2
249603	3	751730	1	4
249608	2	751732	3	5
249616	3	249615	1	4
249619	1	249618	2	3
249629	1	249628	3	4
249642	7	249641	1	8
249654	2	249653	1	3
249658	1	751777	2	3
249680	3	249679	3	6
249689	5	249688	2	7
249711	1	249710	1	2
249721	1	249720	7	8
249728	2	249727	5	7
249730	3	249729	1	4
249738	2	356334	1	3
249745	6	249744	1	7
249769	4	249768	2	6
249772	10	249771	2	12
249775	1	249774	2	3
249786	1	963151	2	3
249790	4	751920	6	10
249824	2	751955	1	3
249829	3	751966	2	5
249843	2	249842	1	3
249844	1	751981	4	5
249851	1	751983	5	6
249854	5	249853	4	9
249861	4	751998	4	8
249882	7	752030	7	14
249884	1	752038	1	2
249887	1	752039	2	3
249904	5	249903	5	10
249937	4	249936	2	6
249942	5	249941	18	23
249958	2	752090	4	6
249966	2	249965	1	3
249990	4	356410	5	9
250015	2	250014	1	3
250047	1	752159	17	18
250055	2	250054	10	12
250063	3	250062	2	5
250090	3	250089	3	6
250114	2	250113	4	6
250152	3	752264	5	8
250169	2	752291	1	3
250178	4	356477	3	7
250197	2	250196	5	7
250199	2	250198	3	5
250215	1	250214	4	5
250241	10	250240	2	12
250243	3	250242	2	5
250247	1	963345	1	2
250266	3	250265	5	8
250274	2	250273	6	8
250299	1	250298	2	3
250301	1	250300	2	3
250307	1	250306	1	2
250315	2	250314	1	3
250324	1	250323	2	3
250327	3	250326	2	5
250329	6	250328	3	9
250346	1	250345	1	2
250364	3	250363	2	5
250374	2	250373	5	7
250425	1	250424	1	2
250461	3	250460	4	7
250468	2	752518	2	4
250476	2	250475	5	7
250482	2	250481	3	5
250484	3	250483	9	12
250489	9	250488	3	12
250503	6	250502	1	7
250506	1	356565	1	2
250545	6	250544	2	8
250549	2	250548	4	6
250559	3	250558	2	5
250564	6	752595	1	7
250571	2	250570	2	4
250579	4	250578	2	6
250584	2	250583	4	6
250587	1	752611	4	5
250644	2	356612	4	6
250653	5	250652	6	11
250654	1	356616	4	5
250669	2	752689	3	5
250676	2	250675	3	5
250691	3	752715	7	10
250698	7	752723	4	11
250709	4	250708	5	9
250711	3	752732	6	9
250715	4	250714	4	8
250756	1	250755	3	4
250762	4	752786	8	12
250799	3	752826	3	6
250804	1	250803	1	2
250831	2	752854	3	5
250849	2	250848	1	3
250887	2	250886	3	5
250896	4	250895	2	6
250933	1	356682	3	4
250938	1	250937	1	2
250954	3	250953	2	5
250971	2	250970	2	4
250977	1	753004	4	5
250979	5	250978	2	7
250983	2	250982	4	6
250997	3	250996	4	7
251000	3	753028	8	11
251004	2	251003	3	5
251009	2	251008	1	3
251024	2	251023	2	4
251029	18	251028	2	20
251033	2	251032	2	4
251038	1	251037	1	2
251069	2	251068	4	6
251087	5	251086	1	6
251110	2	251109	2	4
251127	4	251126	3	7
251136	14	251135	1	15
251144	1	251143	1	2
251174	2	251173	3	5
251187	2	251186	2	4
251205	2	753216	2	4
251245	3	753248	3	6
251246	1	753254	1	2
251249	3	251248	3	6
251286	1	251285	2	3
251315	2	356760	6	8
251353	4	251352	23	27
251358	2	753385	4	6
251383	1	251382	4	5
251421	2	251420	3	5
251433	2	251432	10	12
251462	2	251461	3	5
251467	1	251466	2	3
251479	1	753493	1	2
251481	32	753496	1	33
251484	5	251483	2	7
251486	3	251485	1	4
251506	2	753519	2	4
251508	2	251507	2	4
251512	3	251511	7	10
251539	3	753553	5	8
251542	1	251541	2	3
251551	2	251550	2	4
251556	1	251555	2	3
251584	2	251583	4	6
251631	1	251630	1	2
251644	1	251643	1	2
251649	1	251648	2	3
251666	4	753652	4	8
251681	1	251680	3	4
251685	6	251684	6	12
251705	4	251704	2	6
251709	1	251708	3	4
251710	4	356878	5	9
251748	1	753746	2	3
251776	1	356890	4	5
251782	1	251781	2	3
251807	5	251806	2	7
251829	1	251828	1	2
251832	1	356904	5	6
251834	3	251833	7	10
251844	3	753860	2	5
251846	2	251845	1	3
251862	6	753872	6	12
251870	5	251869	3	8
251886	5	251885	6	11
251893	1	251892	4	5
251916	3	753915	5	8
251926	5	251925	1	6
251928	2	753936	1	3
251941	3	753957	4	7
251942	1	964069	1	2
251964	2	356943	3	5
251985	1	754021	2	3
252000	2	356956	2	4
252009	1	754062	4	5
252012	4	252011	16	20
252027	8	252026	3	11
252047	4	252046	1	5
252061	2	754134	3	5
252069	1	252068	1	2
252089	1	252088	2	3
252100	1	252099	4	5
252101	1	754199	5	6
252110	1	252109	2	3
252117	2	252116	2	4
252129	2	356989	1	3
252145	2	754250	2	4
252152	4	252151	7	11
252232	2	252231	9	11
252237	3	252236	6	9
252256	1	754413	3	4
252270	3	754436	5	8
252287	4	252286	2	6
252301	1	252300	2	3
252317	1	252316	1	2
252353	1	252352	1	2
252417	3	754627	3	6
252423	1	252422	1	2
252448	1	252447	2	3
252464	6	252463	6	12
252472	1	754670	3	4
252485	2	357079	2	4
252502	2	252501	1	3
252503	2	754700	1	3
252508	1	252507	1	2
252509	3	754704	11	14
252513	2	252512	2	4
252516	4	964337	6	10
252521	2	252520	2	4
252523	1	754717	1	2
252571	5	252570	2	7
252607	1	252606	1	2
252641	2	252640	10	12
252644	6	754854	3	9
252645	1	754858	3	4
252656	3	252655	4	7
252660	4	252659	4	8
252662	4	252661	4	8
252669	6	252668	7	13
252685	5	252684	1	6
252697	7	252696	3	10
252708	1	252707	4	5
252723	1	252722	1	2
252749	3	252748	2	5
252758	3	252757	3	6
252767	6	252766	8	14
252782	1	252781	3	4
252788	2	252787	8	10
252791	1	252790	3	4
252801	1	755070	5	6
252803	3	252802	1	4
252807	2	755088	1	3
252819	2	252818	2	4
252821	1	252820	3	4
252858	3	252857	1	4
252872	3	252871	1	4
252880	1	252879	1	2
252886	3	755193	4	7
252887	3	755198	2	5
252892	2	252891	1	3
252902	4	252901	4	8
252911	3	252910	3	6
252963	1	252962	2	3
252972	2	357211	1	3
252986	3	964560	3	6
252994	1	252993	2	3
252997	4	755325	1	5
253001	5	755330	6	11
253016	1	253015	4	5
253022	4	253021	3	7
253034	2	755363	2	4
253054	1	253053	4	5
253066	3	253065	2	5
253079	1	253078	2	3
253084	5	253083	1	6
253085	2	357241	2	4
253101	3	253100	6	9
253107	9	253106	2	11
253116	2	755448	4	6
253137	2	253136	1	3
253148	1	253147	2	3
253152	1	755486	1	2
253157	4	253156	1	5
253159	1	253158	3	4
253181	1	1105771	1	2
253195	7	253194	5	12
253212	4	253211	3	7
253218	3	253217	1	4
253232	2	253231	1	3
253237	2	253236	1	3
253249	7	253248	5	12
253257	2	253256	1	3
253272	3	253271	1	4
253280	5	253279	7	12
253297	4	755636	2	6
253308	2	253307	2	4
253309	1	755648	8	9
253314	4	253313	2	6
253316	1	253315	4	5
253322	5	253321	13	18
253339	1	253338	2	3
253345	1	755676	6	7
253354	1	253353	1	2
253357	3	253356	2	5
253373	4	253372	8	12
253379	5	357295	5	10
253383	1	253382	5	6
253384	2	755729	2	4
253395	1	755737	5	6
253408	1	253407	9	10
253414	1	253413	3	4
253418	2	755749	5	7
253433	2	253432	2	4
253435	2	253434	1	3
253448	1	253447	30	31
253450	1	253449	2	3
253451	2	357316	4	6
253490	5	253489	4	9
253511	1	253510	3	4
253514	3	253513	1	4
253517	2	253516	2	4
253520	2	755822	1	3
253522	1	755823	5	6
253524	4	755830	2	6
253540	4	755848	2	6
253548	4	253547	4	8
253567	7	253566	2	9
253575	4	755908	7	11
253581	3	253580	7	10
253587	5	253586	5	10
253590	1	755921	4	5
253604	3	253603	2	5
253611	6	253610	4	10
253618	2	755942	4	6
253625	4	253624	5	9
253634	2	253633	6	8
253636	5	253635	4	9
253642	2	253641	2	4
253648	7	253647	6	13
253670	1	253669	3	4
253686	7	756002	1	8
253688	4	253687	3	7
253690	1	253689	3	4
253708	7	253707	4	11
253711	3	253710	2	5
253712	1	756030	1	2
253720	1	756032	7	8
253728	3	253727	2	5
253730	2	756039	2	4
253744	2	756055	1	3
253776	8	756094	2	10
253780	1	253779	4	5
253790	1	253789	1	2
253795	7	253794	1	8
253797	1	253796	5	6
253800	2	253799	2	4
253817	5	253816	4	9
253834	1	253833	3	4
253836	2	253835	5	7
253838	2	253837	4	6
253863	1	253862	2	3
253865	1	253864	3	4
253875	1	756159	7	8
253901	2	756181	2	4
253920	1	756198	2	3
253924	4	253923	1	5
253958	1	253957	2	3
253969	1	253968	1	2
253987	4	253986	1	5
253988	3	756273	2	5
253996	1	357462	3	4
254014	1	254013	3	4
254035	1	254034	5	6
254052	2	254051	1	3
254054	1	254053	4	5
254091	5	254090	5	10
254094	2	254093	5	7
254099	2	756371	3	5
254118	2	254117	2	4
254129	2	254128	1	3
254133	1	254132	1	2
254141	7	756420	17	24
254151	3	254150	4	7
254163	3	254162	1	4
254166	3	254165	3	6
254182	1	254181	4	5
254197	5	756479	3	8
254200	2	756484	6	8
254210	2	254209	5	7
254211	2	756496	3	5
254214	3	254213	2	5
254234	1	254233	2	3
254253	2	756538	1	3
254280	6	756584	15	21
254288	3	254287	7	10
254345	17	254344	8	25
254362	15	756653	15	30
254368	3	756670	2	5
254394	2	756693	11	13
254402	20	254401	4	24
254467	2	254466	6	8
254509	14	254508	8	22
254537	10	254536	6	16
254545	12	756880	24	36
254552	8	254551	5	13
254589	6	756912	5	11
254592	3	357583	3	6
254594	6	756916	5	11
254600	4	254599	5	9
254608	4	254607	7	11
254618	7	756966	10	17
254632	4	756987	8	12
254638	11	254637	7	18
254671	5	757039	19	24
254705	3	254704	10	13
254729	5	254728	4	9
254750	5	757105	7	12
254768	5	757139	7	12
254770	6	254769	5	11
254798	3	757163	8	11
254802	10	757172	3	13
254826	2	357631	5	7
254856	1	757257	17	18
254935	6	254934	4	10
254978	5	254977	7	12
255048	1	255047	3	4
255050	3	357694	3	6
255054	3	255053	5	8
255070	3	757451	14	17
255074	3	255073	5	8
255109	7	757490	4	11
255120	6	757506	13	19
255202	2	255201	7	9
255209	6	255208	6	12
255214	7	255213	5	12
255228	6	757632	4	10
255248	5	757683	8	13
255249	11	757686	7	18
255261	5	757706	8	13
255268	6	757739	4	10
255286	3	757771	10	13
255324	8	757857	15	23
255342	14	757868	5	19
255349	12	757873	15	27
255381	13	255380	4	17
255398	6	255397	3	9
255435	1	255434	3	4
255447	3	255446	9	12
255452	4	255451	6	10
255461	6	357810	3	9
255486	11	758007	6	17
255493	7	357819	7	14
255530	9	758044	9	18
255533	6	758046	6	12
255541	5	758051	5	10
255568	11	255567	1	12
255577	2	758087	6	8
255596	4	758101	9	13
255612	3	255611	4	7
255637	6	758142	9	15
255641	5	255640	5	10
255648	7	255647	2	9
255675	2	255674	2	4
255685	5	758189	2	7
255690	2	255689	3	5
255708	1	255707	1	2
255727	1	255726	1	2
255729	3	255728	2	5
255755	1	255754	3	4
255779	13	758247	3	16
255785	10	255784	9	19
255831	2	758303	5	7
255834	8	255833	9	17
255838	2	255837	1	3
255846	3	255845	3	6
255854	7	758321	2	9
255864	5	255863	3	8
255872	4	758330	3	7
255894	2	255893	1	3
255916	6	758388	3	9
255925	3	255924	10	13
255930	10	255929	1	11
255969	1	255968	4	5
255971	7	758464	3	10
255973	3	255972	3	6
255975	1	255974	2	3
255990	4	255989	4	8
255995	14	357960	2	16
256006	4	256005	3	7
256011	1	256010	1	2
256017	5	256016	5	10
256023	4	357966	2	6
256075	4	256074	2	6
256094	2	758648	1	3
256103	2	256102	7	9
256119	2	758688	2	4
256134	2	256133	2	4
256163	3	256162	7	10
256183	5	256182	3	8
256197	3	256196	4	7
256203	1	758851	1	2
256213	2	256212	2	4
256235	6	358037	2	8
256240	3	758913	5	8
256256	3	966084	6	9
256291	6	256290	17	23
256304	4	256303	2	6
256314	6	256313	3	9
256336	1	256335	3	4
256360	2	759104	5	7
256368	2	256367	5	7
256370	1	759121	4	5
256371	3	759122	2	5
256383	2	256382	1	3
256401	3	256400	4	7
256403	4	256402	4	8
256413	4	759227	1	5
256459	4	358087	2	6
256461	1	256460	1	2
256462	1	759323	7	8
256467	1	256466	4	5
256470	2	256469	1	3
256481	5	256480	6	11
256495	4	256494	3	7
256511	2	256510	6	8
256524	1	759370	8	9
256537	1	256536	3	4
256539	3	759396	4	7
256542	3	759408	4	7
256543	4	759413	6	10
256553	2	256552	8	10
256568	4	759468	4	8
256578	3	759487	4	7
256587	5	256586	6	11
256594	1	759520	2	3
256596	3	759525	6	9
256604	3	256603	6	9
256617	2	759572	1	3
256621	2	256620	4	6
256625	7	759587	3	10
256646	1	256645	3	4
256667	2	256666	2	4
256673	4	759651	3	7
256677	4	358138	9	13
256722	2	358160	3	5
256726	2	759751	10	12
256729	1	256728	1	2
256738	4	256737	3	7
256752	6	358170	1	7
256763	2	759779	6	8
256764	3	759782	3	6
256765	5	759783	5	10
256766	1	759787	3	4
256769	3	256768	4	7
256770	4	759788	3	7
256777	6	256776	1	7
256804	1	759817	6	7
256816	2	759856	5	7
256818	3	256817	2	5
256821	9	759881	3	12
256830	13	256829	6	19
256843	3	256842	4	7
256882	1	256881	4	5
256888	2	358202	16	18
256893	2	256892	8	10
256923	2	256922	2	4
256933	2	256932	16	18
256950	4	256949	2	6
256954	3	256953	6	9
256961	3	760207	2	5
256964	6	256963	5	11
256966	6	760213	6	12
256975	1	256974	2	3
256996	2	760286	5	7
257010	1	257009	3	4
257012	13	760333	2	15
257023	8	760383	3	11
257036	5	760405	2	7
257056	7	257055	2	9
257063	2	257062	2	4
257071	4	257070	1	5
257089	5	257088	2	7
257107	2	257106	3	5
257112	3	257111	6	9
257126	2	358258	14	16
257133	1	257132	1	2
257136	6	257135	2	8
257153	2	257152	1	3
257182	2	257181	11	13
257185	2	257184	1	3
257208	2	358279	4	6
257211	4	257210	6	10
257214	2	257213	4	6
257256	3	257255	2	5
257292	3	760865	8	11
257306	5	257305	3	8
257320	1	257319	1	2
257322	2	760960	5	7
257325	4	257324	4	8
257331	2	257330	3	5
257354	6	761004	6	12
257364	3	257363	1	4
257371	3	257370	4	7
257376	6	761059	3	9
257378	5	257377	2	7
257384	4	257383	8	12
257387	2	257386	4	6
257420	6	257419	6	12
257428	4	257427	7	11
257431	6	257430	5	11
257437	5	761147	5	10
257438	2	761151	9	11
257446	3	257445	1	4
257455	1	257454	4	5
257460	2	257459	1	3
257467	7	761216	5	12
257477	3	257476	2	5
257479	3	257478	5	8
257486	6	257485	5	11
257495	7	257494	6	13
257516	8	761275	3	11
257522	2	257521	2	4
257580	1	257579	1	2
257586	1	761485	4	5
257608	2	761553	6	8
257611	6	257610	4	10
257613	1	761559	6	7
257622	1	967123	7	8
257636	3	761668	1	4
257659	2	257658	2	4
257661	1	761758	2	3
257663	1	257662	6	7
257666	9	761772	6	15
257685	1	761835	3	4
257692	1	761855	2	3
257697	4	257696	2	6
257702	4	967227	4	8
257711	2	257710	5	7
257718	2	257717	4	6
257723	3	257722	2	5
257746	2	257745	3	5
257749	3	761972	1	4
257750	2	761973	2	4
257761	2	257760	6	8
257766	2	257765	1	3
257768	4	358406	1	5
257811	8	762131	4	12
257853	7	257852	11	18
257883	2	257882	1	3
257910	8	762279	3	11
257973	3	762396	3	6
257986	8	762419	7	15
258024	4	762463	6	10
258041	4	258040	4	8
258046	2	258045	4	6
258071	16	967520	3	19
258072	7	762603	3	10
258109	2	762696	14	16
258117	5	258116	2	7
258164	4	358526	3	7
258177	4	762848	5	9
258179	7	762865	6	13
258182	4	258181	2	6
258201	5	967658	2	7
258221	5	258220	8	13
258247	4	763079	7	11
258254	6	763097	4	10
258264	2	258263	4	6
258280	9	763188	9	18
258298	1	258297	5	6
258302	4	763263	11	15
258304	1	763264	9	10
258307	4	763279	5	9
258332	2	763350	2	4
258341	1	763364	2	3
258364	2	258363	2	4
258371	6	258370	2	8
258374	10	763442	5	15
258377	4	763453	6	10
258382	6	258381	2	8
258388	1	258387	6	7
258390	5	258389	4	9
258411	4	258410	3	7
258416	1	258415	6	7
258431	8	258430	3	11
258439	2	258438	26	28
258454	1	763630	1	2
258458	1	258457	3	4
258468	3	258467	6	9
258471	6	763672	6	12
258496	3	358597	2	5
258512	3	258511	3	6
258513	9	763731	3	12
258516	3	763736	8	11
258527	4	258526	5	9
258538	7	763796	1	8
258547	10	763797	3	13
258558	2	763812	4	6
258561	4	258560	4	8
258576	1	763886	1	2
258577	1	763897	3	4
258605	3	763957	2	5
258671	5	258670	4	9
258703	1	258702	9	10
258706	2	358671	7	9
258741	7	258740	1	8
258743	2	258742	1	3
258863	1	258862	4	5
258875	2	764599	3	5
258884	1	764609	5	6
258892	21	258891	2	23
258911	1	258910	8	9
258991	1	764764	3	4
258995	1	764767	12	13
259003	3	259002	2	5
259006	6	764770	1	7
259008	1	259007	2	3
259010	3	764772	5	8
259018	2	764801	6	8
259101	14	259100	4	18
259111	9	765205	5	14
259118	7	765239	12	19
259156	12	259155	16	28
259240	1	259239	4	5
259242	8	259241	5	13
259280	2	765888	7	9
259304	14	259303	1	15
259307	10	766016	45	55
259323	1	766057	3	4
259325	3	259324	2	5
259398	2	259397	1	3
259430	6	766467	1	7
259454	5	259453	6	11
259504	5	259503	3	8
259507	2	259506	13	15
259510	2	259509	4	6
259615	4	766899	3	7
259619	7	259618	5	12
259624	10	259623	4	14
259670	14	259669	6	20
259673	5	259672	7	12
259692	4	767161	5	9
259699	1	259698	3	4
259701	2	767173	4	6
259718	1	259717	4	5
259740	1	259739	1	2
259769	4	767271	4	8
259770	4	767272	4	8
259827	22	767376	20	42
259829	2	767381	8	10
259854	1	767462	6	7
259861	1	767465	6	7
259863	2	767471	4	6
259869	1	767488	4	5
259882	2	767505	3	5
259938	1	767553	3	4
259940	5	259939	1	6
259950	2	259949	1	3
260015	1	260014	2	3
260035	1	767882	4	5
260041	2	767901	3	5
260077	3	768008	4	7
260090	9	260089	6	15
260096	2	260095	4	6
260104	1	260103	1	2
260109	3	260108	6	9
260151	3	768159	7	10
260170	1	260169	2	3
260200	1	260199	1	2
260209	4	260208	1	5
260216	1	768253	1	2
260220	1	260219	3	4
260226	3	768270	2	5
260233	2	260232	16	18
260235	1	260234	3	4
260263	1	260262	1	2
260267	2	260266	3	5
260270	1	768309	6	7
260289	2	260288	1	3
260310	1	359184	4	5
260318	1	260317	1	2
260329	3	260328	1	4
260335	2	260334	2	4
260387	4	768417	3	7
260422	5	260421	1	6
260425	4	969768	8	12
260427	1	260426	4	5
260442	1	260441	2	3
260447	2	260446	1	3
260453	2	260452	3	5
260484	3	260483	2	5
260489	3	260488	2	5
260492	3	768535	1	4
260517	3	260516	3	6
260539	2	768572	2	4
260544	1	260543	2	3
260558	1	260557	3	4
260585	3	260584	4	7
260598	1	260597	3	4
260601	1	260600	1	2
260619	3	260618	3	6
260622	1	768660	4	5
260635	1	260634	2	3
260648	2	260647	1	3
260694	8	260693	3	11
260708	4	260707	4	8
260747	1	260746	1	2
260765	1	260764	1	2
260798	3	260797	3	6
260804	1	260803	1	2
260888	1	260887	4	5
260902	1	769030	1	2
260928	37	260927	12	49
260943	1	260942	1	2
260950	4	260949	4	8
260979	2	260978	4	6
260990	11	260989	7	18
260995	5	260994	7	12
260999	2	260998	1	3
261008	8	261007	4	12
261009	12	359343	4	16
261028	5	769150	5	10
261039	1	261038	1	2
261064	5	261063	4	9
261094	2	261093	1	3
261101	10	769224	6	16
261145	3	359375	1	4
261148	6	261147	1	7
261153	1	359377	4	5
261162	3	261161	1	4
261163	2	769259	6	8
261165	2	769263	4	6
261189	7	261188	4	11
261194	2	261193	4	6
261198	2	261197	2	4
261201	4	769294	5	9
261218	3	769301	17	20
261224	5	261223	5	10
261231	3	769314	10	13
261232	3	769315	4	7
261248	6	359410	6	12
261276	4	261275	3	7
261282	4	769366	11	15
261293	4	769400	8	12
261347	2	261346	5	7
261363	4	261362	2	6
261381	5	261380	1	6
261383	2	261382	2	4
261410	6	769551	21	27
261413	7	261412	12	19
261418	8	261417	1	9
261430	3	261429	5	8
261458	5	261457	3	8
261460	8	261459	7	15
261466	5	261465	3	8
261467	6	359461	3	9
261469	12	261468	4	16
261473	2	261472	6	8
261474	8	769610	3	11
261489	2	769647	9	11
261499	2	261498	4	6
261523	4	261522	6	10
261580	5	359489	2	7
261591	6	769833	9	15
261600	2	769855	4	6
261604	20	769861	17	37
261607	8	261606	3	11
261613	3	769878	3	6
261627	2	261626	4	6
261629	6	769961	2	8
261657	4	261656	8	12
261661	4	261660	2	6
261662	3	770014	13	16
261664	2	770023	5	7
261671	5	770039	2	7
261677	9	770051	11	20
261678	4	770062	7	11
261688	18	261687	7	25
261690	9	261689	5	14
261693	3	261692	3	6
261715	12	770115	6	18
261750	4	970494	9	13
261766	6	261765	4	10
261769	6	261768	5	11
261771	7	261770	6	13
261777	2	261776	1	3
261815	8	261814	8	16
261838	2	261837	2	4
261846	3	359570	10	13
261857	3	770373	13	16
261890	2	770467	8	10
261907	2	261906	5	7
261915	4	261914	3	7
261917	1	261916	3	4
261925	4	261924	1	5
261928	7	261927	2	9
261935	2	261934	4	6
261947	3	770540	2	5
262003	2	262002	5	7
262006	2	262005	1	3
262010	2	262009	3	5
262017	3	262016	4	7
262031	1	770696	8	9
262182	1	262181	3	4
262251	4	771040	7	11
262256	3	262255	5	8
262265	5	262264	3	8
262269	1	262268	4	5
262272	2	262271	1	3
262281	4	771098	8	12
262288	5	771111	9	14
262302	1	262301	9	10
262303	5	771118	6	11
262315	11	262314	2	13
262329	2	771152	7	9
262331	4	262330	4	8
262333	2	262332	2	4
262335	2	262334	2	4
262341	1	771166	3	4
262347	3	262346	10	13
262419	5	771238	1	6
262435	4	771252	6	10
262456	3	262455	1	4
262472	1	262471	2	3
262477	9	262476	3	12
262494	1	771311	1	2
262522	1	771349	2	3
262536	2	262535	1	3
262547	2	262546	2	4
262585	16	262584	5	21
262596	3	262595	1	4
262631	5	771442	9	14
262648	2	971133	6	8
262658	8	771464	12	20
262673	4	771489	7	11
262696	5	262695	3	8
262739	7	971203	6	13
262752	1	262751	4	5
262771	4	771637	4	8
262773	3	771639	7	10
262821	3	262820	2	5
262828	3	262827	2	5
262829	24	771756	15	39
262854	2	771793	8	10
262859	5	262858	3	8
262875	7	771814	6	13
262902	6	262901	5	11
262911	1	262910	3	4
262916	3	771899	3	6
262933	3	262932	3	6
262941	2	262940	1	3
262963	3	262962	3	6
262977	1	262976	2	3
262992	2	262991	3	5
263005	1	263004	2	3
263008	7	263007	3	10
263017	2	771986	1	3
263040	5	772014	5	10
263053	1	263052	1	2
263055	2	263054	1	3
263072	2	263071	2	4
263078	2	263077	1	3
263086	1	263085	3	4
263107	48	263106	2	50
263150	3	263149	1	4
263184	3	263183	1	4
263191	2	263190	3	5
263261	5	772146	5	10
263276	3	263275	8	11
263277	3	772172	5	8
263292	7	263291	4	11
263304	3	263303	1	4
263307	4	772219	10	14
263320	2	263319	4	6
263330	5	772254	3	8
263347	2	772277	6	8
263361	5	772306	2	7
263367	12	772319	4	16
263368	2	772325	7	9
263371	6	263370	6	12
263374	6	971491	8	14
263376	2	772340	3	5
263379	8	263378	5	13
263382	4	263381	4	8
263387	4	263386	6	10
263395	6	263394	11	17
263399	7	772380	9	16
263454	4	263453	3	7
263491	3	263490	8	11
263512	10	263511	7	17
263513	6	971574	6	12
263515	2	772532	4	6
263534	2	772553	8	10
263563	2	772582	7	9
263622	2	772679	4	6
263684	1	772749	11	12
263692	7	263691	4	11
263701	6	263700	3	9
263726	3	263725	5	8
263737	1	263736	4	5
263749	6	772831	6	12
263776	5	263775	9	14
263798	10	772906	6	16
263825	2	263824	6	8
263860	5	263859	9	14
263871	5	263870	2	7
263872	2	772984	8	10
263874	1	263873	1	2
263892	3	263891	3	6
263907	3	263906	1	4
263920	3	263919	1	4
263923	1	263922	3	4
263931	2	263930	5	7
263967	1	263966	10	11
263971	4	773069	11	15
263977	5	263976	6	11
263992	8	263991	9	17
263998	12	263997	7	19
264021	5	264020	3	8
264063	1	264062	2	3
264094	8	264093	3	11
264096	5	264095	1	6
264113	9	264112	6	15
264115	6	264114	11	17
264122	6	264121	6	12
264132	1	264131	1	2
264144	7	773223	3	10
264152	3	264151	5	8
264183	4	264182	7	11
264202	5	773283	7	12
264206	3	264205	2	5
264213	1	773295	6	7
264217	7	264216	5	12
264231	3	773314	4	7
264241	3	360128	5	8
264243	4	773326	7	11
264248	6	264247	5	11
264271	5	773345	7	12
264324	2	360147	3	5
264326	2	264325	4	6
264338	3	264337	2	5
264344	1	264343	4	5
264351	11	264350	11	22
264394	2	264393	1	3
264412	3	264411	4	7
264422	10	264421	10	20
264444	3	264443	3	6
264453	3	264452	3	6
264462	5	773539	9	14
264480	9	773622	3	12
264483	3	264482	6	9
264493	3	264492	2	5
264532	4	264531	10	14
264549	1	264548	6	7
264572	5	264571	3	8
264579	4	264578	3	7
264592	3	264591	3	6
264609	5	264608	2	7
264617	2	264616	4	6
264619	6	264618	2	8
264623	1	264622	1	2
264625	9	773811	5	14
264631	1	264630	5	6
264633	2	264632	2	4
264636	2	264635	1	3
264638	5	773829	8	13
264648	2	264647	1	3
264670	3	264669	3	6
264676	6	264675	5	11
264714	1	264713	3	4
264758	2	264757	7	9
264770	2	264769	3	5
264827	7	773991	2	9
264832	2	774007	4	6
264836	4	264835	5	9
264841	6	264840	4	10
264850	7	264849	8	15
264853	6	264852	11	17
264862	16	264861	2	18
264865	11	774063	4	15
264871	5	264870	4	9
264899	4	264898	2	6
264905	2	264904	2	4
264910	9	774118	9	18
264913	3	264912	5	8
264971	2	774203	10	12
264974	2	774213	7	9
264979	22	774218	15	37
264986	4	264985	3	7
265007	1	265006	2	3
265037	3	265036	2	5
265046	1	265045	2	3
265080	1	774294	6	7
265091	3	774305	5	8
265095	3	265094	1	4
265151	4	774388	8	12
265192	6	265191	9	15
265197	14	774465	11	25
265245	2	265244	7	9
265268	9	265267	3	12
265272	2	774563	2	4
265283	1	774571	18	19
265302	1	774585	4	5
265308	4	265307	8	12
265339	5	265338	3	8
265364	5	774673	6	11
265375	1	774694	1	2
265376	4	774698	9	13
265401	5	774705	5	10
265413	2	265412	5	7
265416	2	774740	3	5
265419	4	774755	8	12
265437	6	774780	4	10
265454	6	774800	7	13
265476	3	265475	3	6
265480	3	265479	7	10
265490	2	774840	5	7
265494	8	774858	4	12
265527	8	774920	4	12
265550	6	774948	2	8
265575	3	265574	3	6
265609	1	265608	5	6
265617	6	775038	3	9
265618	1	775039	2	3
265623	1	775052	2	3
265626	4	265625	3	7
265630	12	775057	11	23
265633	4	775066	14	18
265658	2	775096	2	4
265687	4	265686	3	7
265688	3	775154	1	4
265691	3	265690	1	4
265698	5	265697	5	10
265705	2	265704	1	3
265709	3	775183	1	4
265738	2	775212	3	5
265757	1	775232	3	4
265764	4	265763	1	5
265774	1	265773	2	3
265775	3	775260	12	15
265784	6	265783	2	8
265814	5	265813	4	9
265817	2	775329	5	7
265827	3	265826	3	6
265832	1	775342	1	2
265835	2	265834	2	4
265846	1	265845	3	4
265850	2	265849	3	5
265865	1	775376	2	3
265895	5	265894	4	9
265897	1	265896	2	3
265913	2	265912	3	5
265916	2	360507	5	7
265920	2	265919	3	5
265923	1	265922	2	3
265925	1	265924	3	4
265946	1	265945	3	4
265986	1	265985	4	5
266014	1	266013	1	2
266039	2	775567	2	4
266085	1	775607	1	2
266111	3	266110	3	6
266127	2	266126	1	3
266131	3	972826	8	11
266169	1	775732	1	2
266183	5	775748	9	14
266205	1	266204	1	2
266210	9	266209	5	14
266223	1	775799	4	5
266233	1	266232	3	4
266252	1	266251	2	3
266256	1	266255	1	2
266269	2	775831	2	4
266276	3	266275	1	4
266284	2	775845	1	3
266288	3	266287	1	4
266312	3	266311	1	4
266314	3	775882	2	5
266320	5	775887	5	10
266323	5	266322	5	10
266344	6	775918	1	7
266346	4	775923	3	7
266351	5	266350	2	7
266364	3	266363	1	4
266370	2	266369	2	4
266376	5	266375	3	8
266394	6	266393	3	9
266432	6	266431	8	14
266468	9	776130	5	14
266499	5	266498	1	6
266506	2	360626	4	6
266520	2	266519	5	7
266522	1	776212	6	7
266528	3	360634	3	6
266535	4	360636	1	5
266543	1	266542	3	4
266545	3	266544	2	5
266547	3	266546	1	4
266555	4	266554	3	7
266583	1	776264	3	4
266593	4	266592	3	7
266601	5	266600	1	6
266621	1	266620	1	2
266626	2	266625	3	5
266629	2	266628	3	5
266630	10	776342	5	15
266645	3	266644	2	5
266647	4	776396	4	8
266656	1	776404	4	5
266659	2	266658	6	8
266672	1	266671	2	3
266673	1	776432	2	3
266675	4	266674	4	8
266676	3	776434	3	6
266689	2	266688	2	4
266694	3	266693	2	5
266701	1	266700	1	2
266702	1	776477	8	9
266711	5	266710	4	9
266718	2	266717	2	4
266722	6	266721	3	9
266731	5	266730	5	10
266744	2	360689	2	4
266745	5	360690	6	11
266748	4	266747	5	9
266778	8	266777	5	13
266780	3	266779	12	15
266821	5	266820	1	6
266826	3	776647	3	6
266832	7	266831	7	14
266846	9	266845	11	20
266876	3	266875	2	5
266894	6	266893	1	7
266911	12	266910	5	17
266912	2	360744	2	4
266921	3	266920	4	7
266927	7	266926	6	13
266951	1	266950	2	3
267017	1	776935	2	3
267022	5	776938	2	7
267026	2	776941	3	5
267049	4	267048	5	9
267077	2	267076	2	4
267080	2	777026	11	13
267095	9	777050	6	15
267107	4	267106	2	6
267112	3	267111	3	6
267149	5	267148	2	7
267166	6	777125	5	11
267174	3	267173	2	5
267186	1	267185	5	6
267188	4	267187	6	10
267193	2	267192	5	7
267199	3	777171	4	7
267200	2	777174	6	8
267209	8	777188	5	13
267211	7	777195	3	10
267220	1	267219	1	2
267231	9	267230	4	13
267275	7	267274	7	14
267291	7	267290	6	13
267314	4	267313	2	6
267333	2	777448	2	4
267344	6	267343	1	7
267345	1	360851	1	2
267375	3	777483	4	7
267401	5	267400	3	8
267410	2	267409	5	7
267415	4	267414	2	6
267447	2	777585	1	3
267507	2	267506	2	4
267522	1	777681	1	2
267599	3	360923	4	7
267607	2	973636	1	3
267612	9	267611	2	11
267697	5	360942	1	6
267703	1	267702	2	3
267712	1	267711	3	4
267733	1	777973	3	4
267754	6	778054	3	9
267756	3	267755	1	4
267763	11	267762	3	14
267765	4	778069	7	11
267767	8	778070	2	10
267793	3	267792	2	5
267807	2	267806	5	7
267839	9	267838	2	11
267841	1	778163	9	10
267895	2	267894	3	5
267937	4	267936	26	30
267978	3	267977	2	5
267981	2	267980	4	6
267985	14	267984	3	17
267988	2	778334	3	5
267991	7	267990	11	18
268001	3	268000	8	11
268012	1	268011	2	3
268017	4	268016	3	7
268040	2	268039	2	4
268041	3	778375	6	9
268044	1	778382	72	73
268057	3	268056	1	4
268062	6	778456	4	10
268070	4	268069	3	7
268080	3	268079	7	10
268092	3	361060	3	6
268093	3	778546	1	4
268121	1	778607	1	2
268143	1	268142	3	4
268150	2	778643	5	7
268161	3	268160	2	5
268171	1	268170	5	6
268177	1	268176	1	2
268178	5	778670	6	11
268180	4	268179	5	9
268184	2	268183	3	5
268185	1	778685	9	10
268187	1	268186	1	2
268188	1	778689	4	5
268243	1	268242	1	2
268265	1	268264	2	3
268270	1	361120	3	4
268296	8	268295	36	44
268337	5	778920	5	10
268348	2	268347	1	3
268364	7	778945	1	8
268374	4	778951	4	8
268382	8	974075	7	15
268385	5	778971	10	15
268391	5	778983	5	10
268416	1	779030	3	4
268434	1	779059	1	2
268449	1	268448	1	2
268457	2	268456	6	8
268460	3	268459	3	6
268462	2	268461	4	6
268464	2	268463	1	3
268491	8	779151	5	13
268495	7	779155	6	13
268498	7	779170	2	9
268505	5	779182	4	9
268511	3	268510	6	9
268514	4	361180	1	5
268530	1	268529	2	3
268536	6	268535	2	8
268544	2	361183	1	3
268547	1	268546	1	2
268567	2	268566	3	5
268622	2	268621	2	4
268627	4	974218	2	6
268631	2	268630	1	3
268644	1	268643	2	3
268703	4	779415	5	9
268732	4	779457	4	8
268743	1	268742	1	2
268747	6	779470	4	10
268761	6	268760	3	9
268782	2	268781	8	10
268785	2	779517	8	10
268829	1	268828	1	2
268863	1	268862	2	3
268865	1	779621	2	3
268874	1	268873	5	6
268909	4	779688	4	8
268911	2	268910	1	3
268923	2	268922	3	5
268937	1	268936	5	6
268939	3	779708	2	5
268947	1	268946	2	3
268958	2	268957	4	6
268988	1	268987	1	2
268996	1	779761	5	6
268998	2	268997	2	4
269011	2	269010	4	6
269035	4	269034	1	5
269062	8	779876	4	12
269086	1	779901	6	7
269132	6	779950	4	10
269148	5	361341	1	6
269162	4	269161	9	13
269166	6	269165	3	9
269169	2	269168	3	5
269193	3	269192	15	18
269219	1	269218	1	2
269220	3	780142	6	9
269228	5	780162	6	11
269244	3	269243	1	4
269256	5	269255	3	8
269266	2	269265	15	17
269269	2	269268	5	7
269271	5	269270	4	9
269272	3	780226	6	9
269274	3	1113262	11	14
269275	1	780229	6	7
269306	3	269305	3	6
269308	4	269307	10	14
269319	2	269318	2	4
269334	1	780366	5	6
269335	1	780370	1	2
269364	2	780392	6	8
269372	5	780402	7	12
269377	2	780426	7	9
269391	6	780460	3	9
269397	2	269396	4	6
269401	2	780476	4	6
269405	3	269404	5	8
269436	6	780542	11	17
269441	1	269440	4	5
269445	13	361421	6	19
269455	6	780583	3	9
269480	2	361428	3	5
269498	2	269497	7	9
269501	6	780653	10	16
269545	4	780766	2	6
269565	12	780816	3	15
269567	4	269566	2	6
269570	2	780819	4	6
269572	6	269571	6	12
269577	11	269576	4	15
269588	1	974816	2	3
269600	1	780899	6	7
269607	4	780919	4	8
269620	4	269619	4	8
269633	3	269632	6	9
269637	7	780981	4	11
269648	5	269647	3	8
269658	1	269657	1	2
269668	3	269667	2	5
269677	4	781038	1	5
269690	2	269689	4	6
269696	1	269695	3	4
269707	6	781083	4	10
269711	1	269710	1	2
269717	7	269716	2	9
269759	4	781216	5	9
269763	2	269762	2	4
269771	3	781231	6	9
269773	2	269772	3	5
269810	3	269809	3	6
269816	3	269815	1	4
269822	1	269821	4	5
269825	6	781282	8	14
269836	2	781295	8	10
269853	1	781321	1	2
269867	3	269866	2	5
269868	2	781346	6	8
269873	4	269872	6	10
269897	2	269896	5	7
269905	12	781388	4	16
269926	2	781402	1	3
269953	3	269952	7	10
269957	5	781444	2	7
269961	6	781456	8	14
269985	4	269984	1	5
270003	1	270002	4	5
270005	3	781504	2	5
270006	2	781508	2	4
270008	8	270007	1	9
270009	1	781511	3	4
270010	1	781512	4	5
270026	4	270025	3	7
270036	1	270035	2	3
270056	4	270055	3	7
270066	2	361594	1	3
270079	2	781622	2	4
270094	1	270093	3	4
270097	1	781632	2	3
270122	1	270121	1	2
270131	2	781686	1	3
270148	5	270147	2	7
270150	4	270149	2	6
270202	1	270201	3	4
270209	1	270208	2	3
270231	2	270230	1	3
270245	2	270244	1	3
270279	3	270278	1	4
270293	3	270292	1	4
270298	2	270297	1	3
270311	1	270310	1	2
270313	2	270312	2	4
270321	1	781828	1	2
270339	5	781855	3	8
270361	1	781869	2	3
270493	3	270492	1	4
270507	1	782154	2	3
270531	4	782178	2	6
270533	1	270532	2	3
270556	1	270555	3	4
270562	3	270561	6	9
270565	6	782202	5	11
270593	3	782306	1	4
270606	3	782362	2	5
270629	1	270628	1	2
270636	1	270635	2	3
270659	2	270658	1	3
270689	1	361746	1	2
270707	7	361752	4	11
270735	2	782608	5	7
270742	6	270741	4	10
270743	3	782617	1	4
270747	1	782633	3	4
270748	6	782648	2	8
270770	3	270769	5	8
270788	2	270787	2	4
270796	3	782732	1	4
270798	5	270797	2	7
270804	4	270803	4	8
270809	2	270808	6	8
270814	2	782758	1	3
270821	7	782773	2	9
270830	6	270829	1	7
270834	6	782809	2	8
270846	3	782816	17	20
270853	3	782856	6	9
270892	4	782925	5	9
270914	4	783002	4	8
270923	2	270922	3	5
270926	2	783011	9	11
270958	3	783142	5	8
270972	2	783165	2	4
270977	5	270976	2	7
270988	1	270987	1	2
270991	6	783190	3	9
270994	4	783204	1	5
271026	2	783335	6	8
271028	5	783351	11	16
271029	3	783366	2	5
271032	3	271031	5	8
271033	2	783377	3	5
271037	20	783388	6	26
271041	8	783399	1	9
271052	5	361837	2	7
271058	2	271057	10	12
271069	1	783484	3	4
271077	1	271076	4	5
271100	2	271099	3	5
271104	3	783565	4	7
271120	2	975767	5	7
271130	7	271129	1	8
271137	3	271136	3	6
271138	4	783681	3	7
271193	2	783840	4	6
271196	1	783864	2	3
271269	12	271268	2	14
271291	5	784116	9	14
271300	1	271299	3	4
271305	1	271304	4	5
271353	5	784378	2	7
271411	2	784498	6	8
271436	1	784552	5	6
271470	11	784615	8	19
271484	3	271483	1	4
271485	1	361977	2	3
271488	1	271487	2	3
271518	9	784746	12	21
271520	4	784753	4	8
271534	1	361992	6	7
271539	20	784869	15	35
271570	5	784980	4	9
271575	4	785016	13	17
271590	7	362010	2	9
271613	2	785073	21	23
271634	2	785140	3	5
271644	2	785205	7	9
271650	5	785232	3	8
271672	9	785275	6	15
271688	1	785319	4	5
271701	5	785366	11	16
271702	8	785369	7	15
271706	6	785374	11	17
271709	1	271708	2	3
271721	19	785416	4	23
271724	5	271723	4	9
271730	9	271729	6	15
271735	5	785430	5	10
271747	3	271746	3	6
271789	3	271788	6	9
271803	7	271802	3	10
271852	1	271851	2	3
271856	3	271855	2	5
271858	2	362067	5	7
271871	8	271870	3	11
271876	4	785677	1	5
271882	1	271881	5	6
271891	9	271890	5	14
271893	2	271892	5	7
271909	3	785743	5	8
271918	4	362083	4	8
271947	3	271946	6	9
271954	8	271953	6	14
271958	4	271957	7	11
271966	1	785845	7	8
271972	2	271971	2	4
271996	3	271995	4	7
271998	7	271997	5	12
272004	4	785930	4	8
272006	6	272005	3	9
272013	3	272012	9	12
272021	3	272020	2	5
272034	2	786020	4	6
272048	2	786076	1	3
272077	1	786115	6	7
272082	2	362123	3	5
272094	2	786144	3	5
272123	1	786197	7	8
272126	2	272125	2	4
272128	6	272127	6	12
272157	2	272156	9	11
272159	1	272158	4	5
272163	1	272162	7	8
272166	2	272165	2	4
272171	10	272170	2	12
272183	2	272182	3	5
272188	3	272187	1	4
272198	6	272197	6	12
272202	4	786370	10	14
272206	6	786389	5	11
272218	3	272217	2	5
272237	2	786450	8	10
272255	5	786484	10	15
272260	7	362177	5	12
272268	3	976851	14	17
272312	3	786663	1	4
272326	1	786740	4	5
272357	1	272356	1	2
272362	1	786842	2	3
272391	2	786970	2	4
272395	2	362218	12	14
272401	3	786982	4	7
272430	1	787112	1	2
272442	1	272441	1	2
272444	1	272443	1	2
272457	4	362245	9	13
272461	6	272460	65	71
272463	2	272462	4	6
272474	4	787183	7	11
272481	3	787206	18	21
272490	1	272489	1	2
272505	2	272504	1	3
272516	6	272515	11	17
272522	3	787269	6	9
272539	3	787286	3	6
272612	5	272611	19	24
272615	3	272614	1	4
272616	1	362279	3	4
272620	4	272619	3	7
272647	1	272646	1	2
272664	2	787578	3	5
272665	1	362291	3	4
272668	9	272667	1	10
272669	1	787602	2	3
272670	2	787607	2	4
272679	4	787650	5	9
272713	8	272712	3	11
272716	1	787792	6	7
272723	23	787810	5	28
272733	1	787868	3	4
272735	2	272734	10	12
272738	1	787898	8	9
272807	4	788089	4	8
272851	4	788168	5	9
272877	2	272876	12	14
272897	3	788232	2	5
272899	14	362388	14	28
272938	3	788321	1	4
272940	4	272939	4	8
272956	9	272955	5	14
272966	10	788350	7	17
273022	4	788453	4	8
273026	3	273025	5	8
273071	4	273070	2	6
273111	4	788571	11	15
273116	9	788578	16	25
273177	8	788637	2	10
273194	4	788654	3	7
273198	3	273197	5	8
273204	4	362463	4	8
273221	1	273220	6	7
273229	8	273228	2	10
273232	3	273231	6	9
273240	6	273239	1	7
273249	10	273248	2	12
273264	1	788721	9	10
273270	1	788748	7	8
273283	2	362494	5	7
273289	8	273288	1	9
273312	5	273311	3	8
273356	8	362510	4	12
273374	7	788861	3	10
273377	4	788863	2	6
273413	1	788913	1	2
273421	3	273420	1	4
273441	1	273440	2	3
273453	4	362542	5	9
273459	2	788953	3	5
273525	7	273524	6	13
273527	1	273526	4	5
273553	8	273552	1	9
273591	2	789139	6	8
273594	4	273593	7	11
273600	5	362582	2	7
273602	2	273601	2	4
273604	10	273603	4	14
273617	2	789160	8	10
273622	9	273621	6	15
273645	5	273644	4	9
273647	3	273646	4	7
273682	6	789246	3	9
273687	5	789261	6	11
273714	4	789285	2	6
273752	5	273751	9	14
273758	1	273757	3	4
273798	4	273797	2	6
273806	1	789407	10	11
273843	3	273842	2	5
273844	15	789443	15	30
273879	2	273878	1	3
273880	4	362669	8	12
273889	1	273888	1	2
273900	1	273899	1	2
273910	2	273909	4	6
273915	1	789482	2	3
273929	1	273928	1	2
273940	2	789497	1	3
273942	1	273941	2	3
273959	2	273958	2	4
273976	4	273975	6	10
273978	1	789525	3	4
273991	6	273990	1	7
273997	2	273996	3	5
274011	2	274010	3	5
274016	3	274015	1	4
274017	1	789590	2	3
274036	7	789604	7	14
274109	1	789650	5	6
274113	5	274112	5	10
274115	2	274114	5	7
274141	2	274140	11	13
274149	5	274148	2	7
274151	2	274150	4	6
274235	7	274234	5	12
274250	15	274249	4	19
274254	1	789753	2	3
274255	5	789764	17	22
274261	6	274260	1	7
274264	8	274263	5	13
274269	3	274268	3	6
274273	7	274272	10	17
274277	2	274276	2	4
274280	1	274279	3	4
274287	1	274286	2	3
274290	2	274289	2	4
274346	3	978186	23	26
274375	2	274374	2	4
274404	3	274403	1	4
274416	2	274415	6	8
274440	4	274439	4	8
274455	1	274454	3	4
274485	1	362824	2	3
274497	18	274496	2	20
274499	5	274498	1	6
274509	2	274508	1	3
274513	3	274512	4	7
274522	3	274521	1	4
274597	2	362854	3	5
274605	1	274604	2	3
274633	1	274632	2	3
274636	3	274635	1	4
274639	5	790124	6	11
274643	5	274642	1	6
274650	1	274649	2	3
274655	1	790142	1	2
274666	1	274665	3	4
274681	1	274680	4	5
274693	2	274692	1	3
274715	18	274714	7	25
274719	3	274718	9	12
274739	1	274738	5	6
274762	1	274761	3	4
274764	3	274763	3	6
274766	3	274765	1	4
274775	3	274774	1	4
274782	4	274781	2	6
274788	3	362890	3	6
274800	6	790265	3	9
274803	2	274802	2	4
274826	3	790286	2	5
274830	12	274829	3	15
274842	9	362907	2	11
274851	1	274850	2	3
274893	2	790351	1	3
274932	1	274931	3	4
274936	3	274935	2	5
274969	5	790406	6	11
274973	2	274972	9	11
274990	1	274989	2	3
274992	2	274991	2	4
274996	2	274995	1	3
275006	6	275005	1	7
275008	2	275007	5	7
275013	6	275012	3	9
275022	3	275021	4	7
275029	5	790466	3	8
275042	7	275041	4	11
275044	4	275043	1	5
275047	1	275046	6	7
275049	2	790501	13	15
275056	3	790518	10	13
275081	4	790546	1	5
275085	1	275084	2	3
275091	1	790560	5	6
275101	1	275100	11	12
275111	5	275110	7	12
275146	9	275145	8	17
275148	1	275147	2	3
275155	5	275154	6	11
275167	1	275166	7	8
275192	3	275191	3	6
275195	4	275194	3	7
275198	7	275197	2	9
275199	4	790643	5	9
275201	3	275200	6	9
275219	4	275218	1	5
275233	2	275232	3	5
275235	2	275234	1	3
275251	4	275250	2	6
275304	5	275303	6	11
275305	7	790733	5	12
275311	2	275310	4	6
275321	4	275320	1	5
275334	2	275333	1	3
275369	4	790800	2	6
275373	2	790804	2	4
275380	1	275379	3	4
275394	1	275393	1	2
275411	7	275410	2	9
275413	1	275412	8	9
275454	3	275453	4	7
275475	4	790894	9	13
275497	3	275496	3	6
275540	2	275539	5	7
275542	6	275541	2	8
275555	1	275554	3	4
275615	3	275614	1	4
275617	4	275616	4	8
275676	2	275675	1	3
275693	1	275692	1	2
275706	1	275705	2	3
275716	2	275715	2	4
275723	2	275722	4	6
275744	2	275743	3	5
275765	1	275764	1	2
275782	3	275781	3	6
275785	1	791146	4	5
275800	1	275799	1	2
275831	1	275830	3	4
275872	6	275871	8	14
275877	2	275876	10	12
275880	10	275879	3	13
275900	2	275899	8	10
275949	1	791369	4	5
275975	2	275974	3	5
275979	3	275978	2	5
275985	4	275984	15	19
276009	1	363192	5	6
276032	1	276031	1	2
276045	2	276044	5	7
276051	2	276050	1	3
276074	2	276073	1	3
276090	2	276089	4	6
276093	2	276092	1	3
276110	5	276109	10	15
276112	1	791506	5	6
276121	5	276120	2	7
276130	2	791530	3	5
276139	3	276138	2	5
276150	1	276149	2	3
276170	7	276169	4	11
276183	2	276182	1	3
276203	3	791567	1	4
276247	2	276246	1	3
276253	3	791608	1	4
276325	6	791685	2	8
276333	4	791694	2	6
276344	2	276343	4	6
276348	1	276347	1	2
276354	2	791718	2	4
276387	1	276386	1	2
276396	8	276395	3	11
276415	1	363318	1	2
276435	2	276434	2	4
276442	6	363324	7	13
276443	3	791808	9	12
276455	3	276454	2	5
276460	3	276459	4	7
276465	2	276464	2	4
276470	5	276469	8	13
276472	4	363327	4	8
276482	4	276481	8	12
276494	3	276493	5	8
276499	2	276498	2	4
276518	44	276517	2	46
276522	2	276521	2	4
276529	3	791880	5	8
276530	7	791882	11	18
276556	3	791910	5	8
276559	2	276558	1	3
276564	1	276563	1	2
276577	9	276576	6	15
276620	4	276619	7	11
276624	6	276623	7	13
276627	1	276626	2	3
276633	3	276632	4	7
276645	5	276644	2	7
276662	3	363383	1	4
276673	2	276672	7	9
276711	3	792097	7	10
276715	3	276714	2	5
276722	4	276721	5	9
276725	3	792111	1	4
276738	1	276737	2	3
276739	6	792126	3	9
276744	1	979121	2	3
276746	2	792130	1	3
276754	4	792143	9	13
276766	5	276765	5	10
276769	6	363414	1	7
276872	1	276871	1	2
276876	3	276875	1	4
276897	3	276896	7	10
276901	1	276900	2	3
276919	2	276918	2	4
276925	4	792314	10	14
276927	16	276926	6	22
276936	6	792323	6	12
276950	6	276949	10	16
276953	2	792342	2	4
276970	1	792356	4	5
276987	5	792381	8	13
276993	3	276992	3	6
277004	9	277003	6	15
277009	11	277008	3	14
277017	11	277016	11	22
277039	4	277038	3	7
277040	3	792427	2	5
277046	4	277045	5	9
277048	6	277047	4	10
277058	5	277057	5	10
277062	4	277061	4	8
277101	7	277100	7	14
277113	2	792489	33	35
277117	4	277116	4	8
277124	3	277123	3	6
277127	2	277126	5	7
277128	1	792505	1	2
277220	1	277219	1	2
277236	1	277235	1	2
277242	2	277241	3	5
277270	2	277269	2	4
277289	33	792626	3	36
277291	2	277290	5	7
277318	4	277317	5	9
277333	2	277332	1	3
277340	1	277339	9	10
277361	1	277360	3	4
277364	3	277363	3	6
277384	1	277383	3	4
277403	4	792727	3	7
277413	2	277412	2	4
277448	1	277447	1	2
277449	1	792756	1	2
277460	3	363589	2	5
277468	3	277467	1	4
277487	3	277486	1	4
277498	2	277497	2	4
277518	1	277517	1	2
277520	7	792838	7	14
277531	15	277530	4	19
277534	8	277533	10	18
277539	4	792851	4	8
277555	1	277554	2	3
277579	1	277578	1	2
277592	3	277591	1	4
277611	3	277610	2	5
277636	5	277635	5	10
277638	6	277637	3	9
277646	1	277645	3	4
277691	2	792984	1	3
277711	4	277710	4	8
277717	2	277716	2	4
277726	1	792999	2	3
277729	4	277728	2	6
277732	2	277731	2	4
277746	4	277745	5	9
277805	5	277804	1	6
277806	6	793078	7	13
277817	4	793089	6	10
277830	5	793113	5	10
277855	1	277854	4	5
277860	4	793156	4	8
277903	6	793211	3	9
277907	2	277906	3	5
277955	4	793266	5	9
277987	4	277986	3	7
277989	2	793293	1	3
278000	10	793313	1	11
278013	2	278012	6	8
278018	2	793343	1	3
278027	3	793351	2	5
278028	3	793352	3	6
278035	2	793361	2	4
278043	1	278042	2	3
278063	5	278062	3	8
278065	2	793399	2	4
278069	1	278068	2	3
278072	1	278071	1	2
278079	4	278078	3	7
278086	3	278085	8	11
278092	1	278091	3	4
278126	2	278125	2	4
278163	2	278162	1	3
278254	4	278253	1	5
278268	5	793591	7	12
278274	9	793598	8	17
278286	8	278285	2	10
278300	2	278299	1	3
278317	5	793657	4	9
278322	2	278321	3	5
278325	2	278324	5	7
278332	7	278331	1	8
278345	4	278344	3	7
278359	2	793692	6	8
278360	3	793693	14	17
278362	7	278361	2	9
278366	5	278365	1	6
278400	3	278399	7	10
278424	1	278423	4	5
278432	2	278431	3	5
278438	1	278437	1	2
278451	3	278450	1	4
278472	3	278471	4	7
278474	2	979877	4	6
278497	4	793863	2	6
278520	1	278519	2	3
278568	1	278567	1	2
278577	4	793938	10	14
278582	8	278581	8	16
278599	1	793961	4	5
278617	3	793994	3	6
278627	7	278626	1	8
278629	4	794007	6	10
278656	1	278655	3	4
278664	2	979973	17	19
278669	1	794047	3	4
278673	4	794058	3	7
278675	1	794060	3	4
278691	3	794083	2	5
278717	1	794119	3	4
278739	3	278738	2	5
278753	1	278752	5	6
278778	2	278777	4	6
278783	5	278782	4	9
278788	2	278787	1	3
278828	8	278827	1	9
278835	2	794252	5	7
278838	3	278837	2	5
278846	4	278845	5	9
278860	4	278859	2	6
278862	3	794290	4	7
278869	1	363918	18	19
278884	3	794302	18	21
278892	2	278891	2	4
278915	2	794339	5	7
278920	9	278919	4	13
278931	3	794367	5	8
278953	3	278952	1	4
278975	2	278974	1	3
279029	1	279028	1	2
279037	2	279036	4	6
279056	2	279055	4	6
279058	6	279057	1	7
279088	4	279087	1	5
279096	3	279095	2	5
279114	1	794559	7	8
279117	5	279116	5	10
279121	2	279120	5	7
279137	2	279136	3	5
279155	2	794615	2	4
279189	1	794654	1	2
279202	3	279201	12	15
279214	2	279213	4	6
279225	3	364014	4	7
279231	6	279230	1	7
279249	2	794730	2	4
279300	2	279299	6	8
279303	2	279302	2	4
279304	2	794867	2	4
279306	2	279305	2	4
279354	5	279353	3	8
279384	6	279383	1	7
279416	4	795040	1	5
279417	3	795047	1	4
279418	2	364061	3	5
279423	2	795058	1	3
279425	4	795060	4	8
279437	2	279436	1	3
279468	3	795102	3	6
279477	1	279476	4	5
279499	2	279498	2	4
279501	3	279500	3	6
279511	1	279510	2	3
279527	1	364088	3	4
279530	1	279529	4	5
279546	4	279545	2	6
279551	2	795228	8	10
279559	3	279558	9	12
279560	9	364094	7	16
279588	19	795277	34	53
279617	4	795329	3	7
279622	3	279621	3	6
279625	1	795337	2	3
279630	3	279629	2	5
279658	6	795390	1	7
279671	2	279670	3	5
279682	2	279681	2	4
279691	4	795441	3	7
279704	1	279703	2	3
279709	1	795468	5	6
279711	1	795473	3	4
279756	2	795558	4	6
279765	6	795577	2	8
279768	4	279767	1	5
279772	4	279771	14	18
279776	3	795594	7	10
279799	2	795644	1	3
279834	3	279833	5	8
279839	2	795691	5	7
279842	2	279841	1	3
279843	6	795703	4	10
279845	4	279844	1	5
279852	2	279851	2	4
279859	2	795735	1	3
279860	2	795739	3	5
279873	2	795829	5	7
279877	3	279876	1	4
279881	4	795847	1	5
279904	32	795934	11	43
279913	3	795944	8	11
279926	1	795988	8	9
279930	1	279929	2	3
279946	13	279945	5	18
279958	5	796056	5	10
279992	1	796119	3	4
280002	1	280001	2	3
280023	3	796228	2	5
280039	5	796273	7	12
280047	10	796294	14	24
280068	5	280067	1	6
280088	4	280087	4	8
280092	1	796361	3	4
280094	2	280093	1	3
280100	8	280099	3	11
280108	2	280107	3	5
280122	2	796460	6	8
280168	4	280167	1	5
280171	4	364255	1	5
280176	3	280175	5	8
280201	4	981044	4	8
280214	3	364266	1	4
280218	2	796791	3	5
280246	1	280245	2	3
280248	8	280247	5	13
280284	3	796981	3	6
280291	8	280290	4	12
280303	5	797061	7	12
280308	2	280307	2	4
280313	6	280312	4	10
280321	4	797138	6	10
280327	1	280326	8	9
280328	4	797166	3	7
280341	3	280340	5	8
280347	6	797234	12	18
280350	2	280349	1	3
280372	7	280371	5	12
280378	2	797272	2	4
280394	8	797303	1	9
280406	14	280405	4	18
280408	1	797330	7	8
280422	6	280421	4	10
280429	8	280428	6	14
280435	1	280434	1	2
280458	5	364333	6	11
280463	2	797459	1	3
280468	5	280467	2	7
280470	1	280469	4	5
280477	6	280476	3	9
280512	2	797500	2	4
280525	3	797514	1	4
280529	12	280528	3	15
280552	5	981402	15	20
280582	4	364382	3	7
280664	7	280663	6	13
280669	5	280668	5	10
280679	3	797987	7	10
280689	4	798034	7	11
280704	11	280703	4	15
280723	2	280722	2	4
280725	1	280724	4	5
280733	3	798128	2	5
280734	3	798129	12	15
280744	2	280743	6	8
280794	2	798441	3	5
280802	3	280801	3	6
280814	19	280813	7	26
280825	7	280824	1	8
280832	2	280831	2	4
280854	1	798648	5	6
280880	5	798747	3	8
280900	1	798801	13	14
280913	1	798857	6	7
280975	4	280974	8	12
281015	2	799165	2	4
281030	6	281029	3	9
281064	3	281063	12	15
281066	2	799307	12	14
281089	2	799436	10	12
281128	1	799547	7	8
281131	2	799564	7	9
281135	6	799570	13	19
281293	2	799858	12	14
281351	1	281350	3	4
281355	4	799960	5	9
281359	3	281358	3	6
281388	5	281387	3	8
281396	1	800060	3	4
281405	6	281404	10	16
281416	2	281415	2	4
281430	5	800154	6	11
281487	1	800303	11	12
281530	4	281529	7	11
281557	8	281556	7	15
281574	3	281573	4	7
281657	5	800758	1	6
281682	3	281681	2	5
281684	2	800828	4	6
281690	2	982614	8	10
281700	8	800865	5	13
281760	3	281759	1	4
281776	1	364769	2	3
281785	4	281784	1	5
281790	2	281789	4	6
281806	1	281805	2	3
281819	1	281818	1	2
281846	2	801284	3	5
281851	2	281850	2	4
281868	2	801320	1	3
281881	1	281880	1	2
281891	2	801359	1	3
281901	1	801372	1	2
281940	9	281939	2	11
281955	1	801452	1	2
281974	1	801479	1	2
281981	1	281980	2	3
281982	1	801497	2	3
281989	1	281988	2	3
282026	1	801576	3	4
282030	2	282029	3	5
282048	4	801604	5	9
282095	1	282094	2	3
282111	3	282110	1	4
282124	1	282123	1	2
282134	2	801751	4	6
282178	2	282177	1	3
282224	7	801919	15	22
282242	12	801950	6	18
282244	6	801952	4	10
282258	2	282257	3	5
282261	5	282260	5	10
282268	7	282267	7	14
282269	9	801980	5	14
282363	4	802255	3	7
282381	3	802313	3	6
282402	1	983141	3	4
282430	1	983222	4	5
282536	2	802627	4	6
282538	5	802637	10	15
282540	7	365030	3	10
282550	3	802665	5	8
282572	5	983412	6	11
282638	5	802911	7	12
282640	1	282639	8	9
282669	6	282668	5	11
282677	3	802952	3	6
282680	2	282679	2	4
282694	2	282693	5	7
282706	1	365078	8	9
282709	8	365081	4	12
282727	3	282726	2	5
282738	2	282737	6	8
282760	1	282759	3	4
282762	4	365105	1	5
282782	3	282781	4	7
282806	4	282805	9	13
282809	4	803142	4	8
282822	1	282821	2	3
282828	4	1119907	1	5
282831	3	282830	2	5
282832	1	803212	2	3
282856	4	803266	3	7
282884	1	282883	2	3
282899	7	803346	3	10
282926	1	282925	1	2
282929	4	803387	2	6
282934	2	282933	5	7
282936	4	803398	6	10
282939	8	282938	7	15
282955	5	803416	3	8
282956	1	803419	1	2
282972	4	803436	1	5
282990	4	282989	2	6
282995	8	282994	1	9
283005	2	283004	2	4
283071	1	283070	10	11
283074	1	283073	1	2
283079	1	283078	3	4
283111	3	283110	1	4
283114	3	803624	2	5
283135	1	365213	5	6
283181	5	803766	4	9
283196	1	283195	3	4
283202	3	283201	5	8
283223	2	283222	5	7
283247	6	283246	2	8
283252	2	803883	4	6
283264	1	283263	5	6
283266	1	283265	3	4
283298	7	803985	2	9
283315	2	365257	3	5
283317	6	283316	10	16
283332	3	283331	7	10
283378	3	283377	7	10
283385	3	283384	5	8
283388	3	283387	5	8
283403	4	804117	5	9
283407	11	804121	4	15
283482	3	283481	3	6
283522	1	283521	4	5
283529	3	283528	5	8
283535	3	365321	3	6
283543	3	283542	3	6
283550	4	283549	2	6
283555	1	283554	2	3
283566	3	283565	1	4
283575	4	804365	15	19
283580	11	804374	2	13
283584	2	283583	1	3
283597	9	804406	7	16
283599	5	804408	3	8
283604	11	283603	3	14
283634	8	804481	11	19
283658	2	283657	7	9
283672	5	283671	2	7
283686	5	804574	3	8
283687	2	804584	2	4
283698	9	283697	4	13
283704	4	283703	5	9
283714	4	283713	4	8
283743	4	804672	6	10
283766	3	283765	3	6
283769	4	283768	13	17
283779	3	365369	7	10
283792	3	283791	4	7
283800	3	283799	5	8
283805	5	283804	1	6
283810	1	283809	2	3
283820	1	283819	4	5
283837	4	804776	8	12
283841	1	804793	3	4
283852	3	804814	2	5
283861	2	804822	3	5
283863	6	283862	2	8
283900	1	804931	2	3
283927	7	283926	3	10
283945	1	804994	1	2
283974	4	283973	3	7
283987	3	365420	6	9
283989	2	805072	5	7
283993	4	283992	2	6
283995	1	805074	2	3
284003	5	284002	7	12
284007	4	284006	1	5
284031	2	284030	6	8
284052	6	805176	8	14
284059	4	805188	1	5
284076	4	805215	2	6
284078	8	805223	6	14
284091	3	284090	1	4
284100	5	284099	3	8
284101	1	365449	2	3
284107	2	805269	9	11
284112	3	284111	4	7
284117	13	805297	8	21
284121	4	284120	4	8
284124	2	284123	10	12
284140	8	284139	9	17
284142	7	284141	5	12
284148	4	805331	4	8
284162	7	284161	3	10
284164	1	284163	4	5
284172	2	805352	19	21
284177	4	805372	1	5
284181	2	805390	5	7
284184	3	805396	13	16
284187	2	805402	11	13
284200	2	284199	3	5
284220	5	284219	4	9
284240	2	805454	1	3
284271	1	805490	3	4
284273	2	284272	1	3
284275	4	984483	4	8
284294	4	284293	3	7
284298	5	805523	2	7
284326	6	365497	1	7
284337	3	805567	3	6
284381	3	805658	6	9
284392	2	805672	2	4
284416	1	805710	6	7
284423	4	284422	4	8
284480	16	284479	4	20
284481	5	805812	6	11
284487	4	805834	4	8
284489	4	805840	2	6
284493	5	365535	3	8
284514	8	284513	7	15
284520	1	284519	1	2
284535	2	284534	3	5
284537	1	284536	4	5
284540	1	805929	6	7
284543	6	805938	10	16
284562	4	284561	9	13
284599	2	284598	11	13
284607	2	284606	3	5
284616	3	806117	3	6
284623	5	806122	3	8
284635	5	806146	3	8
284643	3	284642	3	6
284648	1	806160	6	7
284657	2	806176	3	5
284671	3	806194	6	9
284683	3	365582	4	7
284692	2	284691	4	6
284694	3	284693	3	6
284706	2	284705	6	8
284721	1	284720	2	3
284726	7	284725	4	11
284730	3	806282	7	10
284769	2	284768	2	4
284774	4	284773	2	6
284778	1	284776	4	5
284809	4	806336	4	8
284816	1	284815	1	2
284844	5	284843	1	6
284851	1	365618	4	5
284861	5	284860	2	7
284866	1	284865	2	3
284873	3	806392	3	6
284874	2	806395	1	3
284885	2	284884	2	4
284889	4	284888	2	6
284892	4	284891	3	7
284896	2	806410	13	15
284900	1	284899	1	2
284915	5	284914	23	28
284920	3	284919	3	6
284928	2	284927	1	3
284938	2	284937	1	3
284943	2	284942	4	6
284950	3	284949	5	8
284956	1	806473	6	7
284963	2	284962	1	3
284989	4	284988	2	6
284995	3	806560	6	9
285011	3	285010	3	6
285025	3	285024	1	4
285033	1	285032	2	3
285035	1	285034	2	3
285039	2	285038	1	3
285042	3	285041	2	5
285052	1	285051	3	4
285105	3	285104	1	4
285129	8	285128	8	16
285137	5	806737	1	6
285145	4	285144	1	5
285155	2	285154	1	3
285164	2	285163	1	3
285167	3	285166	1	4
285185	1	285184	3	4
285192	4	806787	2	6
285200	4	285199	2	6
285213	1	285212	1	2
285219	2	806811	3	5
285225	3	285224	1	4
285231	3	806831	8	11
285234	2	365711	3	5
285238	2	985032	2	4
285253	1	285252	2	3
285262	2	285261	2	4
285279	1	806881	2	3
285295	4	285294	2	6
285310	4	806928	7	11
285314	7	285313	3	10
285347	5	806954	2	7
285364	1	285363	4	5
285378	21	806983	6	27
285384	5	806992	4	9
285395	4	807016	6	10
285415	4	285414	1	5
285443	7	807077	2	9
285448	1	285447	4	5
285463	1	807097	3	4
285509	8	285508	16	24
285519	1	285518	3	4
285536	4	807200	4	8
285538	4	285537	4	8
285576	2	807221	7	9
285580	2	285579	7	9
285582	2	285581	1	3
285601	2	285600	2	4
285628	1	365802	12	13
285639	1	807314	1	2
285654	2	285653	2	4
285680	2	285679	1	3
285682	1	285681	3	4
285705	1	285704	1	2
285737	6	285736	3	9
285764	1	285763	2	3
285799	4	285798	3	7
285835	3	807541	2	5
285837	2	285836	1	3
285860	5	807566	7	12
285873	2	285872	2	4
285882	1	285881	4	5
285884	1	285883	1	2
285886	1	285885	1	2
285898	2	807612	3	5
285919	2	285918	4	6
285944	5	285943	3	8
285946	3	285945	1	4
285954	3	807680	5	8
285963	2	285962	2	4
285967	4	807695	2	6
285972	1	285971	2	3
285977	3	807710	3	6
285994	1	285993	2	3
286002	2	807728	4	6
286008	2	286007	1	3
286011	4	807731	3	7
286018	3	807749	1	4
286024	3	286023	3	6
286031	2	807754	4	6
286055	14	286054	4	18
286056	5	985420	3	8
286063	4	286062	1	5
286066	7	286065	6	13
286073	1	286072	3	4
286075	1	286074	2	3
286078	4	286077	1	5
286092	3	286091	1	4
286096	2	286095	1	3
286098	2	286097	2	4
286100	1	286099	1	2
286101	1	807809	21	22
286115	2	807831	3	5
286118	3	286117	4	7
286122	3	286121	2	5
286134	1	286133	3	4
286154	2	286153	1	3
286162	3	286161	2	5
286184	3	807921	2	5
286202	4	286201	3	7
286208	1	286207	1	2
286234	3	286233	3	6
286236	3	286235	2	5
286238	2	286237	2	4
286257	1	286256	1	2
286321	5	808045	1	6
286351	7	808076	4	11
286357	3	286356	1	4
286363	2	286362	4	6
286364	1	808089	3	4
286380	8	286379	1	9
286426	4	286425	4	8
286452	1	286451	1	2
286454	3	286453	6	9
286476	3	286475	3	6
286478	1	286477	32	33
286483	1	286482	1	2
286507	3	286506	2	5
286550	2	286549	3	5
286556	2	286555	7	9
286572	2	286571	4	6
286600	7	286599	3	10
286601	9	985700	5	14
286622	3	286621	1	4
286626	3	808413	3	6
286659	3	286658	1	4
286666	3	286665	3	6
286668	2	286667	3	5
286685	4	286684	2	6
286695	1	286694	3	4
286702	1	808515	1	2
286707	1	808523	8	9
286712	3	808532	3	6
286719	6	286718	3	9
286725	1	808535	2	3
286750	1	286749	7	8
286757	11	286756	3	14
286761	1	286760	1	2
286764	2	808657	2	4
286780	9	286779	1	10
286792	2	286791	6	8
286803	1	286802	2	3
286805	1	286804	4	5
286817	3	286816	1	4
286824	1	808714	9	10
286873	3	286872	2	5
286883	2	286882	2	4
286909	2	286908	1	3
286928	6	808839	1	7
286940	1	808856	1	2
286947	6	286946	3	9
286954	2	808873	3	5
286963	1	286962	1	2
286967	1	286966	4	5
286974	2	366093	4	6
286976	3	808900	4	7
286988	2	808912	3	5
287069	1	287068	3	4
287075	3	808992	2	5
287089	5	287088	4	9
287094	2	809030	7	9
287101	9	287100	4	13
287103	2	809036	1	3
287109	1	287108	2	3
287136	2	287135	9	11
287141	2	287140	1	3
287148	1	287147	1	2
287168	2	809119	1	3
287181	3	809139	1	4
287189	1	287188	5	6
287237	1	366152	1	2
287240	1	287239	4	5
287293	2	287292	2	4
287303	1	287302	1	2
287341	7	287340	1	8
287360	3	809380	1	4
287382	3	809408	2	5
287384	5	287383	2	7
287389	2	287388	2	4
287443	1	287442	1	2
287446	1	287445	4	5
287456	1	809537	8	9
287466	1	287465	1	2
287476	6	287475	8	14
287537	4	287536	2	6
287544	1	809635	5	6
287558	3	287557	3	6
287583	3	287582	3	6
287587	1	287586	1	2
287596	2	287595	1	3
287597	4	809679	3	7
287598	1	809683	1	2
287605	1	809689	7	8
287615	4	287614	6	10
287624	2	809715	3	5
287636	4	287635	3	7
287644	2	287643	2	4
287648	1	287647	2	3
287652	3	287651	3	6
287655	1	287654	5	6
287705	2	809841	1	3
287725	3	287724	1	4
287733	2	287732	4	6
287762	3	287761	3	6
287771	2	287770	1	3
287775	21	366314	13	34
287805	4	809939	1	5
287813	6	986302	1	7
287815	3	287810	1	4
287822	3	287821	2	5
287832	5	287831	4	9
287841	1	809973	1	2
287847	1	287846	1	2
287851	2	287850	2	4
287883	5	287882	4	9
287907	3	287906	1	4
287911	1	287910	1	2
287924	1	287923	1	2
287926	3	810043	3	6
287958	1	287957	5	6
287965	1	287964	3	4
288004	2	366480	4	6
288009	1	366509	5	6
288030	5	215	4	9
288051	1	366691	4	5
288079	1	433	1	2
288098	2	491	1	3
288124	5	609	2	7
288144	1	654	2	3
288148	1	367150	4	5
288158	1	728	2	3
288220	6	913	1	7
288276	2	1155	4	6
288279	3	1158	7	10
288290	3	810619	6	9
288296	1	1210	1	2
288299	1	1231	3	4
288319	2	367856	4	6
288343	1	368029	4	5
288370	2	368141	4	6
288376	3	1557	2	5
288398	2	368378	1	3
288414	8	1750	1	9
288417	7	1778	3	10
288426	2	368514	1	3
288452	7	1923	6	13
288463	3	288462	3	6
288505	1	368920	5	6
288516	6	369008	9	15
288623	7	2713	3	10
288624	6	369874	6	12
288647	4	2806	2	6
288651	8	2823	2	10
288661	2	2851	8	10
288679	1	370389	5	6
288685	5	370427	3	8
288741	1	370723	6	7
288762	1	370905	4	5
288766	3	3167	3	6
288834	3	371498	7	10
288872	2	371858	4	6
288950	1	372464	4	5
288954	2	372480	3	5
289021	5	372792	2	7
289046	4	372836	8	12
289208	5	373473	2	7
289239	2	373709	6	8
289331	6	289330	4	10
289344	27	4792	3	30
289358	13	374524	3	16
289361	10	374538	3	13
289380	5	4884	1	6
289395	4	813335	11	15
289407	1	988917	3	4
289412	17	374764	3	20
289437	1	374905	3	4
289445	2	374931	2	4
289466	2	375083	3	5
289546	7	375621	1	8
289559	1	5577	5	6
289570	4	5623	3	7
289664	2	376247	4	6
289691	1	6198	1	2
289707	3	6255	3	6
289744	3	6445	1	4
289768	62	376692	5	67
289799	1	6635	2	3
289887	4	377294	7	11
289944	8	377642	2	10
289946	9	377672	4	13
290009	4	7440	1	5
290026	2	7510	4	6
290066	3	7670	4	7
290072	4	378648	5	9
290077	5	378684	2	7
290086	3	290085	2	5
290099	3	378865	5	8
290133	1	7906	5	6
290194	4	379706	3	7
290218	2	379849	4	6
290272	6	8513	5	11
290276	2	380189	2	4
290324	3	8702	1	4
290339	2	290338	1	3
290355	1	8833	4	5
290412	4	380896	3	7
290457	1	9347	5	6
290460	5	381196	2	7
290494	4	9557	3	7
290531	1	381480	1	2
290560	6	381694	3	9
290594	2	381834	8	10
290597	2	10066	2	4
290598	4	381856	2	6
290775	2	290774	1	3
290776	8	382535	11	19
290778	1	10738	8	9
290795	1	382632	1	2
291072	1	383820	1	2
291193	2	12412	2	4
291293	1	12779	1	2
291422	1	385089	1	2
291425	1	13315	2	3
291525	4	13759	3	7
291540	3	385582	6	9
291541	1	385584	1	2
291550	3	13839	1	4
291649	1	14192	6	7
291652	3	385919	4	7
291670	1	386012	2	3
291773	3	14686	2	5
291828	3	386605	5	8
291911	5	386885	13	18
292047	1	15784	3	4
292119	1	387689	1	2
292120	2	387693	3	5
292138	9	387761	6	15
292148	7	16087	1	8
292166	1	387879	4	5
292250	5	388149	44	49
292256	1	388186	6	7
292266	5	16536	1	6
292305	8	388346	3	11
292343	20	16867	1	21
292350	4	16887	4	8
292362	4	292361	5	9
292391	3	17064	7	10
292393	3	17069	2	5
292402	5	17109	4	9
292496	1	17533	1	2
292501	4	17567	3	7
292504	5	389367	29	34
292526	5	17680	4	9
292528	3	17682	2	5
292540	1	389558	57	58
292578	2	389761	5	7
292611	7	18007	2	9
292618	2	18022	5	7
292630	8	18066	2	10
292636	1	18083	3	4
292681	1	18224	1	2
292699	5	292698	3	8
292763	3	390372	2	5
292794	7	390547	7	14
292822	1	18732	1	2
292848	3	292847	4	7
292852	1	390696	1	2
292875	3	18896	2	5
292897	4	390819	1	5
292929	4	19096	5	9
292960	2	19236	1	3
292961	2	19238	2	4
292977	1	19300	2	3
293016	7	19467	3	10
293020	1	391415	2	3
293021	2	19486	2	4
293055	5	19584	9	14
293067	3	391723	2	5
293125	3	293124	1	4
293131	1	293130	3	4
293141	2	392243	8	10
293150	6	19999	2	8
293171	5	392492	11	16
293172	4	392523	6	10
293175	7	820380	3	10
293204	8	20197	2	10
293235	2	392908	3	5
293258	3	20381	3	6
293303	1	393369	3	4
293314	4	393451	4	8
293333	4	393647	3	7
293345	2	393708	1	3
293355	11	393750	5	16
293358	5	393769	4	9
293413	2	394480	8	10
293421	5	394580	3	8
293425	4	394628	5	9
293476	5	21161	7	12
293501	1	395465	2	3
293505	2	21260	1	3
293508	6	21267	1	7
293515	4	21292	4	8
293524	1	21309	2	3
293561	2	395780	18	20
293585	1	21466	5	6
293689	1	396391	6	7
293702	1	21771	4	5
293769	8	396880	3	11
293790	1	397072	7	8
293893	5	397715	7	12
293933	5	22518	5	10
293945	11	22542	3	14
293982	5	22660	3	8
294001	2	22714	1	3
294012	2	398477	1	3
294023	1	398560	5	6
294031	2	398589	4	6
294044	8	398631	5	13
294074	5	398855	5	10
294078	5	294077	6	11
294106	9	399085	15	24
294124	5	399277	3	8
294128	4	294127	2	6
294157	7	399525	6	13
294187	15	399743	4	19
294192	8	399834	4	12
294216	3	23420	2	5
294226	5	400034	2	7
294235	2	400092	1	3
294247	7	400131	5	12
294264	13	400238	8	21
294270	4	400264	3	7
294272	6	294271	3	9
294283	5	400306	3	8
294334	3	400615	5	8
294369	6	23949	2	8
294404	1	400989	2	3
294431	1	24190	4	5
294445	1	401292	5	6
294449	1	24279	2	3
294465	1	24339	4	5
294512	2	24594	2	4
294548	3	401948	3	6
294648	2	402399	2	4
294659	8	25184	4	12
294697	4	25344	5	9
294729	2	25474	1	3
294843	1	403359	4	5
294865	1	403467	1	2
294939	1	294938	1	2
294969	8	403974	2	10
294998	2	26635	4	6
295060	1	26900	3	4
295150	4	27218	2	6
295156	2	404830	4	6
295168	1	27331	3	4
295190	2	27435	2	4
295221	1	27587	2	3
295279	1	27854	1	2
295280	5	27858	4	9
295326	5	28079	4	9
295364	2	405831	4	6
295377	4	405879	2	6
295386	7	28283	4	11
295403	2	406003	2	4
295420	2	295419	5	7
295445	6	406158	10	16
295452	5	28496	20	25
295461	1	406204	2	3
295468	2	406263	9	11
295478	9	28573	12	21
295549	3	406646	7	10
295598	6	29031	1	7
295632	3	407074	1	4
295636	1	407104	2	3
295649	17	407167	5	22
295659	2	407287	4	6
295687	12	407426	7	19
295746	3	29631	3	6
295789	7	29758	2	9
295854	1	408113	1	2
295916	4	30263	4	8
295931	1	408471	5	6
295998	3	30578	3	6
296025	1	30697	1	2
296048	10	30812	2	12
296084	1	30983	3	4
296105	2	31096	3	5
296149	7	409800	3	10
296202	1	410045	1	2
296219	11	296218	6	17
296220	9	31559	3	12
296222	7	31564	10	17
296287	6	31811	3	9
296351	7	296350	2	9
296412	10	411112	12	22
296441	5	32372	1	6
296457	1	32440	1	2
296458	6	32449	10	16
296540	13	411674	19	32
296550	7	296549	7	14
296556	5	32845	1	6
296605	6	412039	2	8
296610	5	33144	3	8
296642	4	412234	3	7
296692	3	33504	2	5
296706	9	412617	3	12
296754	4	296753	16	20
296769	4	413011	7	11
296798	1	413274	5	6
296848	7	413682	1	8
296852	2	33978	1	3
296860	2	34007	2	4
296922	2	414111	2	4
296926	2	34242	3	5
296968	5	414460	13	18
296971	2	414479	6	8
296983	11	414540	6	17
296999	3	414628	1	4
297000	21	414633	6	27
297046	3	415089	11	14
297083	2	415513	1	3
297096	2	34900	3	5
297116	3	34976	4	7
297208	6	35326	4	10
297246	2	416662	2	4
297316	30	416845	9	39
297319	7	416895	22	29
297367	2	35707	2	4
297383	6	417190	5	11
297401	5	417352	6	11
297430	4	35963	3	7
297502	6	417916	4	10
297515	7	417979	5	12
297530	7	418065	7	14
297594	8	297593	1	9
297642	2	418793	1	3
297663	5	36805	4	9
297800	3	419565	1	4
297805	11	419632	4	15
297843	3	419859	7	10
297857	1	419930	2	3
297883	1	420013	1	2
297894	4	420054	11	15
297969	1	420587	2	3
298019	5	298018	2	7
298034	1	420895	7	8
298092	3	38027	7	10
298139	2	38222	9	11
298147	1	421555	7	8
298160	1	38277	1	2
298199	3	421766	3	6
298245	1	38575	3	4
298269	7	422086	1	8
298355	7	422693	5	12
298370	3	422855	4	7
298475	5	39584	9	14
298478	8	423470	6	14
298482	9	423491	7	16
298492	4	39684	1	5
298523	5	423678	1	6
298527	2	423714	1	3
298570	5	40048	5	10
298615	5	424211	11	16
298639	6	40363	1	7
298666	6	424505	10	16
298708	6	40688	7	13
298756	5	425093	9	14
298761	12	425119	1	13
298841	15	41158	4	19
298854	4	41214	1	5
298917	10	426135	6	16
298936	4	41616	2	6
299029	4	426676	3	7
299066	6	426859	2	8
299072	13	426922	7	20
299130	3	427335	3	6
299193	3	427956	8	11
299207	1	428006	1	2
299213	1	42690	6	7
299233	4	42725	4	8
299247	1	42776	6	7
299250	3	42788	6	9
299255	3	428305	4	7
299286	12	428614	5	17
299302	3	428913	3	6
299306	2	428959	7	9
299324	3	43072	3	6
299391	5	43310	3	8
299406	6	43350	11	17
299428	9	430062	6	15
299461	3	430348	8	11
299472	1	43582	8	9
299683	2	431808	5	7
299710	1	432067	8	9
299762	8	432364	7	15
299811	6	432928	5	11
299878	1	299877	4	5
299890	3	433331	2	5
299947	2	45322	4	6
300009	1	433880	1	2
300027	4	300026	3	7
300041	5	434010	2	7
300068	15	434149	4	19
300117	2	46063	2	4
300161	2	434587	4	6
300176	2	46303	4	6
300187	2	46344	6	8
300203	1	46406	2	3
300262	2	46627	5	7
300271	2	435189	4	6
300387	8	47133	2	10
300413	1	47210	10	11
300460	4	47389	4	8
300485	14	436071	4	18
300490	1	436136	3	4
300492	2	47545	1	3
300527	5	436380	8	13
300529	2	436398	1	3
300568	2	436638	2	4
300577	3	436666	2	5
300653	3	437049	5	8
300666	10	437133	2	12
300697	1	437326	1	2
300727	1	48519	1	2
300753	1	48608	1	2
300758	5	48641	4	9
300830	4	49008	3	7
300854	1	49078	3	4
300889	4	49248	3	7
300905	1	438303	1	2
300926	2	49334	5	7
300935	5	438400	5	10
300972	6	49449	5	11
300997	5	49550	8	13
301118	3	439259	5	8
301179	3	439608	7	10
301215	1	439777	11	12
301404	4	440748	2	6
301483	2	51641	1	3
301515	1	441377	6	7
301519	8	51769	2	10
301542	5	441521	5	10
301578	4	441722	5	9
301612	4	52147	2	6
301663	3	52347	10	13
301676	5	442090	2	7
301690	2	301689	1	3
301693	2	442173	5	7
301715	2	52615	1	3
301759	1	52817	1	2
301787	3	52945	8	11
301864	1	53261	1	2
301916	3	443415	3	6
301933	5	53623	5	10
301990	2	53860	3	5
302005	4	53908	2	6
302018	4	443896	7	11
302027	3	53976	5	8
302036	2	443952	1	3
302068	1	444115	2	3
302075	3	54161	2	5
302131	2	54425	1	3
302132	2	444650	3	5
302150	17	444715	14	31
302193	2	445079	2	4
302195	5	445127	5	10
302235	9	54854	4	13
302276	2	445690	3	5
302292	9	445786	3	12
302321	3	445925	9	12
302336	1	55211	1	2
302366	2	55314	2	4
302401	1	55441	1	2
302406	2	841492	1	3
302435	5	446645	5	10
302449	1	446790	10	11
302452	1	446802	1	2
302462	6	55635	2	8
302478	2	446946	11	13
302483	13	446970	5	18
302488	20	55697	12	32
302496	40	447015	17	57
302523	6	841790	8	14
302532	12	55796	11	23
302541	5	447283	14	19
302560	14	447359	15	29
302595	1	55986	1	2
302638	5	842098	23	28
302663	10	448020	9	19
302686	5	56284	4	9
302687	8	448116	9	17
302730	2	302729	1	3
302739	7	302738	3	10
302770	4	448373	8	12
302808	5	302807	4	9
302848	12	56722	10	22
302959	4	57115	4	8
302963	30	449540	6	36
303023	10	449822	6	16
303095	4	57587	4	8
303108	3	450420	4	7
303113	2	57634	2	4
303130	2	57736	2	4
303132	2	450673	4	6
303139	1	57756	3	4
303141	5	57760	3	8
303158	4	57811	7	11
303172	2	57863	5	7
303193	19	451165	19	38
303364	4	303363	2	6
303375	4	452732	5	9
303434	1	58920	3	4
303457	2	844218	1	3
303462	2	453322	5	7
303473	6	453402	3	9
303488	2	453551	13	15
303490	5	453569	2	7
303497	1	453644	3	4
303512	1	453779	3	4
303536	13	453942	8	21
303547	11	59382	3	14
303573	8	454146	4	12
303629	5	454414	4	9
303638	4	454448	6	10
303641	7	303640	14	21
303653	13	454622	5	18
303664	5	59851	1	6
303665	7	59852	5	12
303673	1	59900	1	2
303675	4	59909	1	5
303676	1	454746	4	5
303762	7	60308	2	9
303778	3	303777	3	6
303790	3	60422	9	12
303796	2	60441	4	6
303807	18	60522	14	32
303813	4	60554	3	7
303836	3	455533	3	6
303857	2	455630	4	6
303863	3	60733	1	4
303870	4	455735	1	5
303884	5	60796	1	6
303893	1	455875	2	3
303919	11	60917	3	14
303979	1	61108	4	5
303992	10	456589	1	11
304002	1	456632	8	9
304003	76	456633	1	77
304024	8	456752	7	15
304035	1	61331	3	4
304044	2	456873	1	3
304073	5	304072	5	10
304086	4	61533	6	10
304102	4	457286	9	13
304145	2	457680	1	3
304194	5	61963	4	9
304237	10	458342	13	23
304300	4	458680	2	6
304309	5	846300	1	6
304326	3	62489	1	4
304331	3	62509	8	11
304374	4	62687	3	7
304403	1	459150	2	3
304586	33	459937	1	34
304666	2	63903	10	12
304689	1	846902	1	2
304739	2	460449	1	3
304749	1	64218	2	3
304762	5	64265	4	9
304855	2	64693	1	3
304894	7	64913	4	11
304901	9	64925	4	13
304917	3	64989	5	8
304920	4	461340	8	12
304941	3	65096	1	4
305002	2	65338	4	6
305012	2	65365	2	4
305013	2	65369	2	4
305071	2	305070	9	11
305102	2	65754	3	5
305284	3	66503	7	10
305286	1	66514	2	3
305356	4	463116	5	9
305364	1	66825	1	2
305373	7	463189	5	12
305412	3	463267	2	5
305428	3	67003	2	5
305435	1	67028	1	2
305526	3	67345	1	4
305553	5	67457	2	7
305559	11	67484	5	16
305562	1	67486	8	9
305653	1	464348	3	4
305683	1	464516	1	2
305707	1	464624	3	4
305764	2	68267	3	5
305808	2	465204	2	4
305913	3	68827	3	6
305957	7	466086	7	14
305962	2	69042	1	3
305964	2	305963	7	9
305992	2	69152	1	3
306020	1	466297	8	9
306040	4	466432	8	12
306085	3	69455	3	6
306189	5	467369	16	21
306242	1	849748	7	8
306266	3	70126	6	9
306302	1	70276	1	2
306323	1	468201	16	17
306328	1	70381	2	3
306355	1	468364	3	4
306383	5	70610	1	6
306452	11	70861	24	35
306578	2	470065	1	3
306867	5	471865	3	8
306930	4	472176	2	6
306932	8	472187	3	11
306942	1	72535	4	5
306943	6	72540	4	10
306986	2	472385	1	3
307014	6	472553	4	10
307076	5	472856	3	8
307143	2	473263	3	5
307155	1	473343	2	3
307167	3	73627	9	12
307200	1	73782	2	3
307205	7	73790	1	8
307236	4	73918	11	15
307277	6	74080	4	10
307331	9	474013	5	14
307334	1	474033	1	2
307338	3	74331	4	7
307369	1	74444	3	4
307392	3	74549	5	8
307575	10	475247	7	17
307614	4	75283	8	12
307627	8	75348	2	10
307642	2	75398	1	3
307661	2	475835	5	7
307663	2	475884	3	5
307728	2	75838	4	6
307729	7	476358	8	15
307731	3	75854	4	7
307738	6	476427	8	14
307763	4	76020	2	6
307783	7	76091	5	12
307881	7	477233	4	11
307919	7	477503	9	16
307971	3	76794	7	10
307998	6	307997	1	7
308046	6	853987	4	10
308088	4	77169	33	37
308102	2	77207	5	7
308156	3	479302	3	6
308173	2	479375	4	6
308295	9	480585	6	15
308298	8	480635	6	14
308323	3	480825	8	11
308340	2	78037	1	3
308400	4	78308	2	6
308432	6	78414	2	8
308455	5	78514	3	8
308456	7	481822	6	13
308498	1	481998	3	4
308507	2	78721	3	5
308542	1	482215	5	6
308559	1	855440	8	9
308578	1	482506	2	3
308592	3	79052	5	8
308631	2	79214	1	3
308721	1	483361	2	3
308746	3	308745	1	4
308772	3	79765	2	5
308786	1	79807	2	3
308827	1	79944	2	3
308832	3	79961	2	5
308844	3	483804	1	4
308869	9	80136	2	11
308876	1	484004	1	2
309034	4	484870	4	8
309086	2	309085	7	9
309140	3	485430	3	6
309147	3	485467	13	16
309236	7	485909	2	9
309250	2	485966	1	3
309267	5	81649	2	7
309274	2	486072	13	15
309355	4	857188	3	7
309400	5	82225	3	8
309443	1	82398	3	4
309489	6	82600	2	8
309529	13	487211	9	22
309573	2	487386	5	7
309574	6	487387	4	10
309647	2	309646	1	3
309649	1	857849	1	2
309660	10	857863	15	25
309800	11	488440	4	15
309809	7	488481	2	9
309922	3	489083	12	15
310008	13	489381	6	19
310034	17	489623	17	34
310053	3	83702	1	4
310056	13	310055	2	15
310059	4	489764	6	10
310091	7	489972	22	29
310203	5	490761	9	14
310231	11	859575	10	21
310295	18	859821	14	32
310378	3	84391	3	6
310388	3	492080	1	4
310396	13	492149	6	19
310419	2	492268	11	13
310579	6	493381	5	11
310632	13	493672	15	28
310655	3	84949	18	21
310668	6	493886	12	18
310737	2	494325	10	12
310767	7	494628	7	14
310785	11	861538	9	20
310809	4	310808	7	11
310836	27	495060	13	40
311022	6	496319	3	9
311136	8	85965	5	13
311193	16	497354	29	45
311223	1	497439	3	4
311229	9	862929	6	15
311230	6	497513	2	8
311327	8	497962	5	13
311460	8	498694	15	23
311498	16	498914	3	19
311567	3	499216	1	4
311613	13	499479	2	15
311681	12	500071	5	17
311771	7	500661	1	8
311777	4	500709	1	5
311821	1	87303	3	4
311823	2	501022	3	5
311885	3	501428	16	19
311905	2	501647	5	7
311916	2	87500	10	12
311918	2	87504	2	4
311920	5	87510	1	6
312111	4	502893	1	5
312193	2	88237	1	3
312270	2	503905	3	5
312313	6	88463	9	15
312429	22	504907	5	27
312459	4	88722	7	11
312507	9	505584	8	17
312521	3	88835	1	4
312557	5	88935	5	10
312595	2	506103	1	3
312642	7	89110	10	17
312656	1	89138	1	2
312664	1	506551	5	6
312707	18	506753	4	22
312721	3	506850	9	12
312766	6	89487	6	12
312779	2	507161	1	3
312850	3	507617	6	9
312894	1	90072	1	2
312895	3	90085	1	4
313059	3	90730	2	5
313182	1	91301	1	2
313267	11	91696	3	14
313274	2	91708	2	4
313287	2	91773	3	5
313292	5	509833	5	10
313332	2	91971	1	3
313442	1	92388	1	2
313509	7	313508	7	14
313605	2	92979	1	3
313623	3	313622	5	8
313659	4	93196	3	7
313690	5	93297	1	6
313704	3	511592	2	5
313739	1	93472	1	2
313757	2	511848	20	22
313832	1	93818	5	6
313887	4	512631	4	8
313925	6	94192	3	9
313928	6	94205	9	15
313961	1	94312	4	5
313974	4	513181	2	6
313995	8	94423	3	11
313999	1	513281	1	2
314001	8	94444	3	11
314055	4	94640	1	5
314097	1	513981	3	4
314099	10	514003	7	17
314191	3	514660	18	21
314199	4	514750	15	19
314212	4	95208	1	5
314240	4	95319	8	12
314282	4	95501	1	5
314309	6	95592	6	12
314336	4	95652	9	13
314362	3	515739	4	7
314432	3	95911	7	10
314443	10	516161	3	13
314450	2	516211	11	13
314460	5	516275	3	8
314471	4	516311	3	7
314498	3	516514	4	7
314580	1	96451	1	2
314595	1	96531	4	5
314617	1	314616	1	2
314660	3	96759	1	4
314693	6	517829	8	14
314707	2	517866	1	3
314732	2	518019	6	8
314850	1	518755	3	4
314859	19	518845	5	24
314973	3	519498	2	5
315021	3	98186	3	6
315127	4	98524	2	6
315176	8	520361	3	11
315219	5	520490	2	7
315237	1	873013	12	13
315258	3	520704	4	7
315301	1	315300	2	3
315318	7	99240	5	12
315383	10	521499	3	13
315414	8	99597	2	10
315505	4	522326	6	10
315516	4	100016	3	7
315561	5	522637	4	9
315571	1	522707	1	2
315613	8	100411	4	12
315620	2	100442	6	8
315640	8	100525	1	9
315698	3	100767	3	6
315742	5	524009	6	11
315757	5	101042	7	12
315758	8	524106	5	13
315771	4	101077	3	7
315800	5	524331	7	12
315806	2	524373	6	8
315885	4	525003	6	10
315890	1	101491	2	3
315929	14	101600	1	15
315990	3	101822	2	5
315994	5	101858	2	7
316015	1	525837	1	2
316019	6	316018	1	7
316024	4	101968	1	5
316085	3	102220	4	7
316091	5	102258	3	8
316128	5	526487	3	8
316134	2	526547	10	12
316142	7	526579	2	9
316154	1	526628	27	28
316386	1	316385	2	3
316535	1	103680	3	4
316542	5	528605	4	9
316566	5	528694	1	6
316574	1	103799	1	2
316594	2	103882	1	3
316634	1	104027	6	7
316639	1	529187	2	3
316710	42	529782	1	43
316767	10	530209	6	16
316873	1	104722	1	2
316961	11	531624	7	18
316963	1	105151	3	4
316969	1	105165	1	2
317019	7	531954	8	15
317069	4	105572	11	15
317088	9	105650	6	15
317107	3	532505	1	4
317153	6	532717	5	11
317213	6	106306	7	13
317242	1	106396	1	2
317255	6	533198	2	8
317266	2	106522	2	4
317328	6	533589	4	10
317332	4	106822	5	9
317390	3	107069	2	5
317437	5	107275	2	7
317508	3	534500	5	8
317527	7	107649	4	11
317536	2	107683	4	6
317580	8	107882	2	10
317852	4	108975	1	5
318085	11	536714	4	15
318168	8	536974	7	15
318225	1	110391	9	10
318252	8	110484	4	12
318368	2	538030	4	6
318375	8	111059	5	13
318419	13	111235	7	20
318437	10	111289	6	16
318467	3	538502	3	6
318497	8	111514	1	9
318506	7	111612	18	25
318511	2	538670	1	3
318525	3	111708	1	4
318541	9	538828	10	19
318605	2	539149	6	8
318621	9	539233	12	21
318636	2	112166	2	4
318700	15	112500	4	19
318723	14	112610	8	22
318752	7	112704	1	8
318763	2	112749	3	5
318777	4	112809	7	11
318782	5	539850	2	7
318785	3	112839	2	5
318906	1	113332	5	6
318917	3	113361	5	8
318939	6	318938	4	10
319048	4	113922	1	5
319104	1	114164	1	2
319135	1	114324	1	2
319163	3	114422	4	7
319168	2	541589	5	7
319242	4	542175	6	10
319364	4	543293	3	7
319369	4	543305	8	12
319444	1	115601	4	5
319450	9	543706	2	11
319457	3	115648	8	11
319489	3	544044	2	5
319603	1	116131	5	6
319630	1	545155	8	9
319694	3	545968	9	12
319701	2	546041	7	9
319719	2	116526	3	5
319736	2	546347	11	13
319781	6	546841	7	13
319786	4	546876	6	10
319810	1	547040	6	7
319825	5	547101	1	6
319853	10	547254	12	22
319854	4	116944	6	10
319910	26	117134	8	34
319927	2	547938	1	3
319997	5	548461	5	10
320003	1	548539	4	5
320007	7	548566	7	14
320043	7	548712	15	22
320063	3	117759	3	6
320064	3	548836	4	7
320070	3	320069	1	4
320085	5	548891	5	10
320117	7	117910	3	10
320145	20	549291	26	46
320154	1	884020	1	2
320155	6	118032	1	7
320177	3	118121	5	8
320197	6	320196	3	9
320357	4	550771	6	10
320359	19	118746	20	39
320455	2	119083	1	3
320499	3	320498	1	4
320526	2	119363	4	6
320568	10	119523	4	14
320575	6	119549	2	8
320601	2	551888	8	10
320608	1	119678	7	8
320614	2	551989	1	3
320616	5	119705	3	8
320660	3	119873	2	5
320662	7	320661	3	10
320678	1	119933	1	2
320775	2	120396	1	3
320781	4	552761	2	6
320802	22	552879	5	27
320837	5	553095	1	6
320853	8	553199	3	11
320994	2	121158	1	3
321001	6	121234	6	12
321014	6	885946	11	17
321065	5	554172	4	9
321154	8	554571	18	26
321186	10	321185	5	15
321205	5	554927	5	10
321213	7	121953	5	12
321275	2	555272	2	4
321276	2	555290	2	4
321292	9	555397	10	19
321311	1	122347	2	3
321352	3	122512	2	5
321394	3	321393	1	4
321404	3	886768	3	6
321423	3	122893	1	4
321433	4	556106	2	6
321441	3	556131	8	11
321446	20	556162	6	26
321556	2	123344	2	4
321571	4	321570	3	7
321601	3	123508	1	4
321626	1	123646	2	3
321640	5	123722	1	6
321659	4	123831	1	5
321697	2	123993	3	5
321737	3	557352	2	5
321739	1	124152	1	2
321749	1	557410	1	2
321796	2	124447	2	4
321826	1	557882	6	7
321868	1	321867	1	2
321899	2	124876	3	5
321901	2	887703	36	38
321916	1	124957	1	2
321979	10	125236	6	16
321986	1	321985	1	2
321987	9	125272	8	17
322015	1	125347	2	3
322021	5	125360	2	7
322024	4	558899	3	7
322032	3	558929	5	8
322042	6	559015	2	8
322053	1	125504	2	3
322079	12	125638	1	13
322089	4	559356	11	15
322094	3	125695	5	8
322105	2	322104	5	7
322111	3	125779	1	4
322140	3	559733	9	12
322156	19	559832	2	21
322162	2	322161	2	4
322258	20	560352	3	23
322307	17	560684	8	25
322340	3	560909	2	5
322342	2	126544	3	5
322346	1	126558	24	25
322350	5	126561	1	6
322373	1	561123	7	8
322376	6	126662	5	11
322417	2	561438	6	8
322418	4	126798	3	7
322469	4	561765	1	5
322482	1	561915	1	2
322529	7	562540	8	15
322594	31	563157	5	36
322605	3	563234	14	17
322608	7	127487	8	15
322627	7	563346	11	18
322640	3	127571	4	7
322648	4	563585	2	6
322665	10	127678	12	22
322676	4	563973	5	9
322700	5	889970	12	17
322776	3	127990	2	5
322779	1	564680	2	3
322836	4	128199	6	10
322855	2	128248	2	4
322898	5	565417	5	10
322956	1	565889	2	3
323047	10	128881	9	19
323060	1	566423	2	3
323076	3	566475	20	23
323099	3	129078	4	7
323162	4	567038	7	11
323180	7	129445	12	19
323222	7	567262	9	16
323250	2	129703	1	3
323262	2	129746	6	8
323313	1	129880	2	3
323330	4	567650	3	7
323369	3	130109	3	6
323414	4	130286	1	5
323439	6	568266	7	13
323451	5	130469	9	14
323454	5	130489	3	8
323458	7	568454	2	9
323469	2	130529	9	11
323498	1	130689	2	3
323526	7	568839	2	9
323553	4	130951	1	5
323568	11	131044	2	13
323591	4	569247	10	14
323607	7	131206	2	9
323640	6	323639	2	8
323664	1	131456	4	5
323682	2	569735	4	6
323723	2	131689	3	5
323737	1	569906	4	5
323769	2	131903	6	8
323808	4	132047	1	5
323810	5	570253	6	11
323862	1	570454	1	2
323892	2	132474	1	3
323946	6	323945	2	8
324002	1	570945	5	6
324080	3	133232	2	5
324094	5	571375	3	8
324258	3	134113	6	9
324331	1	134449	3	4
324371	2	134638	12	14
324503	2	135201	3	5
324519	3	135277	3	6
324545	1	135376	5	6
324671	1	574077	4	5
324686	5	136014	4	9
324692	2	136036	5	7
324699	5	136069	3	8
324700	3	574180	5	8
324738	1	136181	2	3
324748	1	574312	5	6
324818	5	574609	8	13
324825	4	574680	3	7
324826	6	574683	12	18
324828	3	136507	5	8
324838	10	136529	5	15
324842	9	136535	6	15
324854	1	136610	1	2
324868	12	574926	10	22
324896	9	136712	5	14
324897	4	136721	9	13
324932	6	575302	3	9
325047	3	894777	4	7
325072	9	325071	4	13
325095	2	576310	5	7
325102	7	137436	6	13
325178	12	576729	11	23
325226	6	137862	3	9
325236	1	577140	4	5
325268	8	577335	5	13
325269	6	577363	6	12
325329	11	577733	10	21
325339	6	577794	3	9
325355	4	325354	3	7
325372	1	138357	82	83
325459	8	138696	4	12
325516	1	138955	4	5
325540	2	139031	1	3
325545	4	896126	57	61
325547	3	325546	2	5
325621	4	579921	4	8
325623	1	579929	2	3
325650	4	139483	1	5
325689	4	580599	11	15
325691	2	580601	8	10
325752	4	139812	5	9
325784	6	139926	8	14
325791	9	581136	7	16
325805	3	581221	4	7
325822	3	581355	3	6
325911	6	581824	3	9
326095	2	140911	2	4
326148	1	141145	7	8
326184	1	141257	1	2
326193	6	583713	7	13
326250	3	141532	2	5
326264	2	141569	3	5
326359	1	584998	4	5
326386	4	585191	16	20
326388	5	141932	3	8
326389	7	585213	2	9
326453	1	585472	2	3
326472	2	326471	3	5
326494	4	585670	10	14
326529	2	586038	2	4
326556	3	586323	1	4
326566	3	586419	3	6
326631	3	142674	1	4
326647	3	586857	2	5
326689	6	587258	2	8
326743	10	143106	6	16
326778	23	588149	36	59
326850	1	143485	4	5
326926	5	588936	5	10
326985	1	326984	2	3
326994	3	144127	1	4
327068	1	144422	2	3
327071	6	589649	2	8
327086	3	589700	1	4
327157	3	144799	2	5
327199	2	144970	4	6
327201	9	590201	10	19
327210	4	590232	9	13
327233	13	145108	1	14
327239	4	145119	1	5
327291	1	145307	2	3
327364	1	145617	5	6
327398	3	327397	3	6
327420	6	145824	1	7
327468	14	146084	3	17
327505	6	327504	6	12
327507	7	146236	12	19
327565	2	591562	1	3
327573	2	1056191	1	3
327585	4	146547	6	10
327689	1	147018	2	3
327727	1	592164	1	2
327735	2	592186	5	7
327737	11	592190	6	17
327784	1	147395	1	2
327805	3	147463	2	5
327815	2	147499	1	3
327928	1	147961	2	3
327944	4	148034	3	7
327992	1	592992	4	5
328081	2	148601	2	4
328101	2	593441	26	28
328141	1	148791	2	3
328249	4	593958	6	10
328277	3	149356	3	6
328285	1	594116	1	2
328342	3	149630	3	6
328367	3	594513	1	4
328405	1	149918	3	4
328432	3	594930	2	5
328490	4	595368	4	8
328504	3	595476	3	6
328517	2	150410	5	7
328521	2	150443	1	3
328550	3	595691	4	7
328598	8	150739	5	13
328608	3	595970	5	8
328675	6	596428	4	10
328686	11	902818	5	16
328689	13	596527	7	20
328712	3	328711	3	6
328730	6	596794	3	9
328757	3	596960	9	12
328760	9	596969	2	11
328794	5	597200	4	9
328813	1	597441	2	3
328850	9	597723	3	12
328973	7	151876	2	9
329072	7	599130	8	15
329197	6	152514	1	7
329230	1	599893	9	10
329233	1	599901	6	7
329240	7	152611	5	12
329307	2	152828	1	3
329324	2	152889	4	6
329332	22	600444	2	24
329333	2	152934	1	3
329447	1	601406	6	7
329557	1	153853	3	4
329559	3	602361	3	6
329599	6	602770	7	13
329609	5	602886	7	12
329721	2	154489	3	5
329727	4	154525	4	8
329729	4	603720	7	11
329759	2	154608	3	5
329767	1	603945	4	5
329788	3	604047	2	5
329812	9	154790	2	11
329814	2	604187	7	9
329820	5	154827	3	8
329884	2	155134	4	6
329888	1	604729	3	4
329901	1	604873	4	5
329904	2	329903	1	3
329914	8	604974	3	11
329941	1	155461	1	2
330037	2	155852	4	6
330056	5	155917	16	21
330077	3	605985	1	4
330082	10	606010	2	12
330137	2	606411	5	7
330144	2	156261	3	5
330168	1	156328	3	4
330183	4	156391	1	5
330211	7	156551	3	10
330221	1	606922	4	5
330280	2	607425	6	8
330306	1	157051	2	3
330311	9	157079	2	11
330318	1	607630	2	3
330336	6	157204	6	12
330379	11	607885	3	14
330449	2	608199	5	7
330456	1	608236	1	2
330569	2	608619	3	5
330578	2	608644	12	14
330608	7	608760	1	8
330694	1	609071	3	4
330741	12	609293	12	24
330778	6	330777	3	9
330779	2	609485	3	5
330811	5	609568	11	16
330877	7	159390	6	13
330935	5	609893	4	9
330947	3	609912	2	5
331023	2	159859	3	5
331039	3	610214	3	6
331117	2	160151	2	4
331119	2	160155	1	3
331165	2	160268	1	3
331181	2	331180	2	4
331188	2	160330	1	3
331205	5	610658	4	9
331266	4	160567	1	5
331270	2	160585	5	7
331292	3	160667	1	4
331316	3	160717	2	5
331333	3	331332	5	8
331339	2	160801	1	3
331343	2	160808	4	6
331352	3	610993	6	9
331391	3	160952	2	5
331418	3	161017	9	12
331442	4	161089	3	7
331489	6	161260	5	11
331500	5	331499	3	8
331557	3	611493	5	8
331568	2	161497	1	3
331574	8	611555	5	13
331613	1	611682	1	2
331616	1	611686	3	4
331654	4	331653	2	6
331672	6	161746	1	7
331695	2	161816	1	3
331704	2	161831	1	3
331711	2	161865	1	3
331735	1	161924	2	3
331745	10	612011	12	22
331794	7	612185	6	13
331821	2	612234	2	4
331854	1	331853	2	3
331873	6	612354	1	7
331893	1	612438	2	3
331898	5	162339	3	8
331949	2	612588	3	5
331959	4	612601	3	7
331963	2	612608	2	4
331964	4	612609	3	7
331982	2	162548	1	3
332001	2	162569	3	5
332015	3	612776	5	8
332022	4	612812	4	8
332026	5	162641	4	9
332057	4	332056	6	10
332059	3	332058	2	5
332065	2	612963	2	4
332074	1	162752	3	4
332096	1	613080	2	3
332101	1	332100	1	2
332130	56	613173	3	59
332218	1	163144	2	3
332251	1	163236	2	3
332253	3	163245	2	5
332271	5	163311	3	8
332273	3	332272	5	8
332300	3	613854	3	6
332331	4	613989	2	6
332352	2	614115	3	5
332434	5	163777	4	9
332436	2	332435	2	4
332493	2	163954	8	10
332583	2	164168	3	5
332597	5	164209	2	7
332613	3	164263	6	9
332638	1	614944	1	2
332657	7	164375	1	8
332679	1	615094	7	8
332818	2	332817	9	11
332828	5	615607	4	9
332844	1	615670	3	4
332869	6	615793	9	15
332879	1	615819	1	2
332947	3	332946	1	4
332969	2	332968	3	5
333002	1	165312	6	7
333008	10	165333	6	16
333083	4	616598	3	7
333100	3	333099	4	7
333140	4	333139	1	5
333194	1	165873	3	4
333202	1	165901	6	7
333204	2	617164	5	7
333206	11	617170	17	28
333210	4	333209	9	13
333216	1	617181	8	9
333235	4	165971	3	7
333243	2	333242	2	4
333253	2	333252	1	3
333256	3	166017	2	5
333277	2	617404	8	10
333349	5	617735	3	8
333370	1	166259	4	5
333450	2	618281	3	5
333470	4	618373	3	7
333474	5	618385	8	13
333510	7	618500	16	23
333559	63	618768	1	64
333593	5	619006	11	16
333614	8	619159	8	16
333620	3	619244	2	5
333647	25	619407	3	28
333741	2	620185	15	17
333742	9	620195	1	10
333744	13	620214	1	14
333793	2	167466	3	5
333849	3	167651	19	22
333884	12	167718	3	15
333904	2	621173	5	7
333932	4	621282	5	9
333942	3	167887	1	4
333968	9	621422	12	21
333974	22	621436	29	51
334007	3	334006	8	11
334010	4	621562	3	7
334023	3	621599	6	9
334079	10	913117	83	93
334088	4	168236	8	12
334098	4	621857	6	10
334099	3	168262	1	4
334104	4	168274	2	6
334120	1	334119	3	4
334127	4	621991	1	5
334128	3	168356	2	5
334132	3	334131	1	4
334209	2	622234	6	8
334231	3	334230	3	6
334247	1	334246	1	2
334255	1	334254	6	7
334350	1	622641	1	2
334372	4	168922	3	7
334378	4	622779	1	5
334399	1	334398	1	2
334410	6	334409	5	11
334418	1	622894	4	5
334443	4	169117	2	6
334466	2	169193	1	3
334552	7	623336	2	9
334584	5	334583	4	9
334589	1	169462	2	3
334590	2	623429	3	5
334592	1	623430	5	6
334602	4	334601	3	7
334630	1	169536	1	2
334631	1	169538	2	3
334634	2	169542	3	5
334643	4	334642	1	5
334650	1	169581	6	7
334664	7	169599	1	8
334668	1	623576	3	4
334676	1	169642	1	2
334772	5	169826	1	6
334773	4	169829	2	6
334805	1	334804	5	6
334819	4	169946	1	5
334851	6	170019	4	10
334858	5	624089	4	9
334862	1	624103	1	2
334867	1	334866	6	7
334868	8	624112	9	17
334882	2	624195	2	4
334889	2	624221	7	9
334912	3	334911	2	5
334953	2	334952	13	15
334968	4	624468	6	10
334972	6	170261	1	7
334998	4	334997	3	7
335001	3	624611	5	8
335040	3	624738	1	4
335069	1	170432	4	5
335101	5	170503	6	11
335102	10	624863	6	16
335114	5	914453	4	9
335123	10	624953	7	17
335132	6	624973	5	11
335174	9	625064	6	15
335214	2	335213	7	9
335222	5	170706	9	14
335229	4	170734	2	6
335239	1	625241	2	3
335248	2	170771	2	4
335284	2	625328	5	7
335289	2	625333	4	6
335316	1	335315	4	5
335358	7	171007	1	8
335388	5	625595	4	9
335396	9	335395	1	10
335403	3	171122	2	5
335491	1	171341	2	3
335495	2	625878	3	5
335496	1	171348	3	4
335524	89	171403	3	92
335553	1	171451	3	4
335556	3	171460	1	4
335589	4	171501	3	7
335618	6	626262	4	10
335630	3	626291	11	14
335648	9	171602	4	13
335750	8	171866	6	14
335769	5	626646	5	10
335802	9	335801	10	19
335842	6	172112	4	10
335922	5	627116	5	10
335954	2	627283	6	8
335971	3	627324	2	5
335997	6	172586	5	11
336006	3	336005	3	6
336017	1	336016	1	2
336065	10	172765	3	13
336099	4	627694	7	11
336109	7	627728	11	18
336112	1	627737	2	3
336122	6	172895	5	11
336174	1	627863	1	2
336192	3	173090	1	4
336238	2	628041	3	5
336245	2	336244	3	5
336246	2	173236	1	3
336282	1	173320	4	5
336291	4	628185	8	12
336310	4	173423	4	8
336320	2	628291	6	8
336333	7	173495	2	9
336346	2	628497	2	4
336456	2	629213	7	9
336463	4	173985	5	9
336464	3	173994	1	4
336508	2	336507	6	8
336580	3	629903	1	4
336594	6	630023	1	7
336716	5	630668	3	8
336736	4	175120	3	7
336755	1	630913	1	2
336766	4	336765	2	6
336776	1	175275	3	4
336841	2	631388	2	4
336872	4	631509	2	6
336879	5	631531	4	9
336889	2	631627	3	5
336961	25	632074	10	35
336969	1	175969	1	2
336995	16	336994	11	27
337010	1	632449	6	7
337051	5	176235	3	8
337119	10	633420	8	18
337125	4	633453	3	7
337130	9	633502	2	11
337155	7	176663	2	9
337161	7	633895	8	15
337162	4	633936	9	13
337168	5	634005	3	8
337183	5	634147	3	8
337280	12	634975	3	15
337360	1	635450	4	5
337371	2	635586	6	8
337379	6	635636	6	12
337472	7	636541	10	17
337477	4	177692	3	7
337491	1	177744	1	2
337492	7	636815	4	11
337594	3	637495	4	7
337618	2	637587	2	4
337668	3	337667	1	4
337677	1	178457	6	7
337703	1	637999	1	2
337713	5	638082	2	7
337720	2	638119	3	5
337722	1	178642	2	3
337777	3	178846	4	7
337780	7	178853	4	11
337795	1	638485	4	5
337837	5	638811	9	14
337843	6	638850	4	10
337863	5	179167	3	8
337886	1	179238	4	5
337945	3	639429	5	8
337959	4	639531	2	6
338034	3	179820	3	6
338063	5	639987	2	7
338073	1	640034	3	4
338082	6	179949	7	13
338083	5	179950	9	14
338130	1	180095	2	3
338162	2	920459	3	5
338238	3	180545	2	5
338252	8	640719	5	13
338261	4	640781	3	7
338323	1	181032	1	2
338348	6	181153	2	8
338434	2	181462	14	16
338476	7	181607	4	11
338511	2	181742	2	4
338519	1	181779	1	2
338527	7	642065	1	8
338556	1	181907	4	5
338559	2	642229	4	6
338614	4	921457	13	17
338615	2	642605	2	4
338620	1	182169	2	3
338631	4	642696	3	7
338670	3	642950	5	8
338680	4	643000	5	9
338725	4	182704	3	7
338745	2	643551	2	4
338792	2	643854	4	6
338796	16	643911	12	28
338816	3	643975	2	5
338837	2	183196	1	3
338841	1	183218	1	2
338842	4	644160	1	5
338859	3	183293	1	4
338888	10	183464	2	12
338902	8	644787	2	10
338945	3	645061	6	9
338971	1	645239	3	4
338994	15	645469	6	21
339030	25	184040	7	32
339032	7	339031	11	18
339060	2	184164	8	10
339070	12	184204	14	26
339210	8	922956	14	22
339241	1	184854	11	12
339276	4	339275	2	6
339279	1	185051	10	11
339285	3	185066	8	11
339289	3	647003	1	4
339291	24	185108	13	37
339350	2	185434	2	4
339361	3	339360	9	12
339486	2	648056	1	3
339488	2	648074	1	3
339571	1	648890	2	3
339575	2	648946	2	4
339602	12	186404	3	15
339644	2	186562	1	3
339646	1	649395	2	3
339697	4	649704	15	19
339715	3	649865	4	7
339716	2	186780	1	3
339769	6	650151	9	15
339838	1	650409	37	38
339883	7	650632	1	8
339957	1	187574	1	2
339978	5	651337	2	7
340081	2	651968	1	3
340084	1	188026	1	2
340125	20	652312	20	40
340128	31	188180	2	33
340136	5	652355	2	7
340147	5	188280	22	27
340148	25	188281	3	28
340149	23	652409	23	46
340173	4	652507	2	6
340198	7	340197	3	10
340200	2	188455	1	3
340225	2	652664	1	3
340232	1	340231	1	2
340236	2	188605	3	5
340271	1	188738	1	2
340306	1	652996	1	2
340324	2	653016	4	6
340326	2	188929	5	7
340362	4	189037	5	9
340370	7	340369	15	22
340382	1	653193	1	2
340393	8	340392	6	14
340416	1	189225	4	5
340459	2	189413	1	3
340464	4	189441	3	7
340497	7	189591	4	11
340529	1	653703	3	4
340531	3	340530	7	10
340539	6	189702	6	12
340546	13	189737	19	32
340550	9	189748	1	10
340593	1	340592	1	2
340634	1	654282	3	4
340733	8	340732	2	10
340759	1	190494	3	4
340788	3	655387	5	8
340813	2	340812	3	5
340829	1	190740	2	3
340954	1	656785	1	2
340990	8	191251	3	11
341025	2	657390	14	16
341054	34	657598	17	51
341065	9	927152	29	38
341111	12	191708	5	17
341115	16	191731	1	17
341120	9	658094	19	28
341121	15	191756	12	27
341125	11	191768	4	15
341149	9	658307	6	15
341153	8	191895	15	23
341198	1	658693	2	3
341229	7	192133	10	17
341323	5	659603	13	18
341353	14	659842	8	22
341418	1	192855	3	4
341423	9	192888	8	17
341429	11	928050	14	25
341446	9	660344	6	15
341465	3	660456	2	5
341466	8	660464	13	21
341477	6	193066	8	14
341491	3	193131	4	7
341516	1	193223	1	2
341518	1	660938	4	5
341564	12	193421	11	23
341569	2	193439	5	7
341571	6	193445	2	8
341587	11	661393	43	54
341592	8	193552	7	15
341613	5	193614	12	17
341622	11	193653	3	14
341623	3	661617	13	16
341631	7	193676	13	20
341633	12	193686	6	18
341653	7	193727	11	18
341676	5	193823	1	6
341751	11	194108	6	17
341759	11	194132	8	19
341807	1	194307	1	2
341813	34	194339	9	43
341907	1	194718	1	2
341985	10	195178	4	14
341989	2	195204	14	16
341996	12	195243	14	26
342009	1	342008	11	12
342050	1	663490	18	19
342053	1	663499	14	15
342097	9	195703	2	11
342122	10	195793	1	11
342143	4	195897	10	14
342177	1	342176	2	3
342182	1	196039	2	3
342250	6	196289	2	8
342283	19	196425	6	25
342284	6	196429	21	27
342331	11	196587	8	19
342360	1	196663	3	4
342373	4	196748	3	7
342405	1	196877	3	4
342470	8	197069	7	15
342478	6	342477	4	10
342500	2	342499	2	4
342638	2	666378	2	4
342685	1	197900	2	3
342710	2	197979	3	5
342716	2	198031	1	3
342736	1	666859	6	7
342774	5	198266	4	9
342808	2	342807	3	5
342857	20	667574	18	38
342914	2	668019	5	7
342919	4	668039	1	5
342934	5	668100	5	10
342936	3	668103	23	26
342951	8	668166	4	12
343009	5	668334	11	16
343011	3	668345	2	5
343035	1	199152	1	2
343106	5	669008	1	6
343108	4	669012	5	9
343109	4	199411	6	10
343121	1	199441	8	9
343142	5	199528	8	13
343184	4	199667	1	5
343208	1	199762	1	2
343230	11	343229	15	26
343239	7	199893	3	10
343280	1	200034	3	4
343285	5	670208	3	8
343302	3	200139	4	7
343320	5	200189	4	9
343329	2	200203	3	5
343366	1	200327	3	4
343375	3	671009	6	9
343439	5	200575	3	8
343479	2	343478	1	3
343492	4	343491	2	6
343495	3	200696	3	6
343502	7	200749	3	10
343511	7	671901	5	12
343543	8	672044	27	35
343548	26	200848	21	47
343612	1	201051	6	7
343686	1	672875	2	3
343780	4	201516	2	6
343785	2	673413	2	4
343837	8	933296	1	9
343841	1	201703	4	5
343876	7	201812	12	19
343908	8	201897	4	12
343957	19	674420	17	36
344007	3	674642	15	18
344020	4	674705	2	6
344043	3	674867	2	5
344049	2	674916	7	9
344067	12	202360	1	13
344079	5	202403	8	13
344128	17	675452	12	29
344153	2	202643	1	3
344169	2	202693	3	5
344177	2	202718	4	6
344184	2	675775	4	6
344229	1	344228	6	7
344242	3	202959	2	5
344249	2	202990	2	4
344253	2	676358	19	21
344259	6	676418	4	10
344274	3	203057	5	8
344303	2	676588	4	6
344376	2	676893	1	3
344456	4	203793	1	5
344489	7	677522	13	20
344541	1	204160	2	3
344647	10	204625	5	15
344679	2	204815	5	7
344695	8	678857	5	13
344718	1	205005	15	16
344755	6	205142	3	9
344777	6	205246	4	10
344800	3	344799	6	9
344883	1	205651	2	3
344888	1	205671	1	2
344899	8	680181	3	11
344982	2	206026	3	5
345061	4	681069	6	10
345136	2	206582	4	6
345165	3	345164	1	4
345204	3	345203	2	5
345219	1	206902	7	8
345301	3	682061	3	6
345331	18	682178	11	29
345349	1	207406	3	4
345354	1	682261	6	7
345397	1	207602	5	6
345429	10	682672	10	20
345443	10	682786	3	13
345470	3	207965	1	4
345496	1	208067	3	4
345528	1	208255	2	3
345536	13	208277	1	14
345572	3	208389	6	9
345648	2	684028	12	14
345659	5	208710	1	6
345661	3	208730	1	4
345704	1	684315	6	7
345803	3	685103	1	4
345823	2	685274	4	6
345835	1	685302	1	2
345901	5	685648	5	10
345925	5	209778	1	6
345956	32	209881	8	40
346018	34	209988	9	43
346085	3	210117	13	16
346189	4	687410	10	14
346224	1	210628	6	7
346231	1	687734	5	6
346266	3	210806	3	6
346270	4	688239	6	10
346288	10	688364	3	13
346309	8	210929	1	9
346314	7	210944	2	9
346328	6	688755	1	7
346341	8	688913	3	11
346351	9	346350	5	14
346356	7	689032	3	10
346384	1	689356	3	4
346439	1	689781	2	3
346517	2	690496	3	5
346529	1	211692	8	9
346531	6	690586	7	13
346532	5	690623	11	16
346556	1	940119	10	11
346568	3	690833	2	5
346575	5	211819	10	15
346652	9	691451	5	14
346658	6	212113	6	12
346712	6	691814	3	9
346732	2	212366	2	4
346737	1	691894	5	6
346739	3	691899	4	7
346761	5	212442	4	9
346764	1	692056	1	2
346774	4	212494	3	7
346777	4	692199	2	6
346918	2	693437	3	5
347033	2	213550	1	3
347035	2	213559	5	7
347109	2	694707	1	3
347110	2	694710	4	6
347112	5	213904	1	6
347131	1	694918	2	3
347234	2	214317	1	3
347276	2	696033	1	3
347281	2	347280	3	5
347308	6	214664	6	12
347370	1	214934	1	2
347386	1	696812	2	3
347401	1	696887	3	4
347419	4	696986	1	5
347453	7	697201	10	17
347464	1	697271	1	2
347488	1	215410	2	3
347502	2	215464	2	4
347520	1	347519	5	6
347532	4	215594	1	5
347552	10	347551	9	19
347607	1	697787	5	6
347628	5	697897	6	11
347646	1	215980	2	3
347647	2	697986	13	15
347676	2	698149	6	8
347679	3	698186	3	6
347692	3	347691	2	5
347741	2	698517	4	6
347807	3	698895	5	8
347849	3	699180	2	5
347850	2	699186	7	9
348170	4	218016	4	8
348187	3	218079	11	14
348440	1	701640	1	2
348455	1	219009	7	8
348504	1	219232	3	4
348549	1	702109	3	4
348610	1	348609	3	4
348629	1	219690	1	2
348704	1	702796	11	12
348713	2	219993	2	4
348757	8	703076	1	9
348758	1	220191	2	3
348814	1	220443	5	6
348821	2	703370	2	4
348860	4	703580	2	6
348908	5	220843	1	6
348910	3	220859	2	5
348923	3	703983	3	6
348946	2	221005	2	4
348956	1	704251	3	4
349021	3	349020	6	9
349029	10	704553	1	11
349049	2	221449	2	4
349050	11	221460	1	12
349055	5	704772	3	8
349062	1	704818	2	3
349141	3	221800	1	4
349154	1	221896	3	4
349158	3	705533	1	4
349176	4	222007	3	7
349181	3	349180	3	6
349250	6	706193	5	11
349252	1	222279	2	3
349291	6	222469	2	8
349303	13	222522	3	16
349322	2	222580	4	6
349413	3	707772	6	9
349420	8	707849	5	13
349428	12	707868	2	14
349477	12	223227	3	15
349496	5	708495	6	11
349521	5	223406	3	8
349540	7	223464	6	13
349609	12	709497	3	15
349619	8	947121	10	18
349632	1	223871	2	3
349666	19	709914	3	22
349670	2	709919	3	5
349697	2	710190	8	10
349698	2	710200	2	4
349749	1	224290	1	2
349770	2	710530	5	7
349817	6	710856	2	8
349844	1	711005	3	4
350013	6	948134	17	23
350035	6	712580	3	9
350065	3	712842	2	5
350069	3	712868	4	7
350075	1	225377	3	4
350076	2	712909	6	8
350090	5	713153	7	12
350128	4	225604	1	5
350139	5	225632	1	6
350184	3	714108	6	9
350198	4	714225	3	7
350226	4	714463	1	5
350264	1	714675	4	5
350276	1	226167	4	5
350286	1	714815	12	13
350306	2	949096	1	3
350322	1	715111	1	2
350428	2	715614	2	4
350448	1	715753	4	5
350463	1	226953	2	3
350483	2	227081	2	4
350742	4	228202	3	7
350771	1	228331	1	2
350784	2	350783	1	3
350884	5	228773	1	6
350953	1	229083	1	2
351038	3	719042	9	12
351090	3	229698	4	7
351149	2	719468	7	9
351265	1	230306	2	3
351310	2	230503	2	4
351377	1	230810	2	3
351396	2	230884	1	3
351397	9	720475	1	10
351407	6	720515	1	7
351522	3	231459	2	5
351537	5	231566	1	6
351570	1	231716	3	4
351577	1	231749	3	4
351588	6	231785	9	15
351594	2	721587	3	5
351652	1	721869	3	4
351730	1	722442	1	2
351737	3	351736	6	9
351761	4	232630	5	9
351773	3	232682	4	7
351835	1	723033	8	9
351871	2	723237	6	8
351898	3	723436	4	7
351905	1	233237	20	21
351919	11	233289	2	13
351945	4	723617	3	7
351987	7	723964	2	9
351991	4	724003	6	10
351994	2	724008	2	4
351997	2	724018	2	4
352001	3	233589	4	7
352032	5	724273	8	13
352047	9	233776	2	11
352096	5	724847	5	10
352110	5	234034	2	7
352127	7	234081	2	9
352214	1	234418	5	6
352233	1	234464	1	2
352255	3	234532	1	4
352323	5	234731	4	9
352324	6	726800	9	15
352343	1	234824	7	8
352356	1	234843	2	3
352571	11	728654	5	16
352592	4	235652	1	5
352593	3	235657	4	7
352614	4	954508	7	11
352770	2	729723	1	3
352812	2	236407	1	3
352892	4	730234	5	9
352893	3	730236	7	10
352911	2	236701	15	17
352914	6	730308	7	13
352922	1	730414	1	2
352946	2	236828	1	3
352981	2	730783	5	7
352988	8	730830	3	11
352996	4	730850	5	9
353019	3	353018	4	7
353066	2	237282	4	6
353186	7	237842	2	9
353192	5	732104	3	8
353205	3	732303	15	18
353216	8	353215	4	12
353233	2	732484	17	19
353247	1	238125	4	5
353258	2	732706	6	8
353264	6	732810	1	7
353291	11	732908	3	14
353302	1	238300	2	3
353322	3	238377	2	5
353348	10	238468	6	16
353399	2	733835	3	5
353403	3	353402	2	5
353427	4	353426	6	10
353443	4	353442	2	6
353447	1	734206	3	4
353469	4	734434	6	10
353478	9	734549	8	17
353480	5	734628	5	10
353513	2	239079	1	3
353547	2	239285	2	4
353588	1	239451	1	2
353601	8	735508	8	16
353602	1	735525	4	5
353654	6	735970	3	9
353667	2	239827	1	3
353736	8	240100	7	15
353740	1	240106	1	2
353762	7	240201	1	8
353766	3	736517	3	6
353782	11	736622	4	15
353814	4	353813	3	7
353863	4	737100	8	12
353903	2	240851	3	5
353922	3	240921	2	5
353960	5	241080	1	6
353970	3	737802	8	11
353980	4	737829	5	9
353983	2	737868	3	5
353994	1	957907	2	3
354050	2	241384	2	4
354081	5	738466	4	9
354122	2	241688	4	6
354144	2	738737	1	3
354150	5	738816	3	8
354166	4	241861	2	6
354201	2	739008	1	3
354206	2	241951	1	3
354211	19	739072	1	20
354327	2	739562	15	17
354341	2	958570	4	6
354384	3	242641	1	4
354385	4	242648	1	5
354392	3	739804	5	8
354406	4	739913	4	8
354420	4	739946	6	10
354429	2	242789	1	3
354447	5	242903	5	10
354524	2	243266	3	5
354539	4	740660	4	8
354563	3	243443	3	6
354571	2	243491	5	7
354685	4	741238	9	13
354712	4	244015	1	5
354734	3	741474	1	4
354788	2	354787	4	6
354834	6	742015	1	7
354889	3	244684	1	4
354899	2	244714	3	5
354941	6	742453	12	18
354968	1	244962	3	4
354989	2	743028	4	6
354994	2	743067	7	9
355022	2	245183	1	3
355050	1	743309	3	4
355066	2	743372	5	7
355078	4	245370	3	7
355144	5	743823	4	9
355147	5	245678	4	9
355216	1	245987	2	3
355289	3	246250	1	4
355306	2	246317	3	5
355361	10	745316	2	12
355386	6	745419	18	24
355404	3	745521	1	4
355430	11	745750	6	17
355447	2	746020	3	5
355606	1	747300	12	13
355610	1	747347	7	8
355662	2	247504	9	11
355676	4	747900	4	8
355682	4	247559	1	5
355689	5	247571	3	8
355705	6	247610	2	8
355724	1	247685	5	6
355734	6	247716	2	8
355761	3	247795	1	4
355762	2	961811	9	11
355771	6	748489	1	7
355776	5	247846	5	10
355777	8	748517	2	10
355800	3	355799	1	4
355826	2	749118	4	6
355833	4	248105	3	7
355879	4	749455	8	12
355912	6	355911	3	9
355922	4	749709	3	7
355965	3	248510	1	4
356007	10	248665	8	18
356036	5	750575	2	7
356057	5	248869	3	8
356075	2	750791	2	4
356087	1	750830	4	5
356089	2	750832	2	4
356097	3	750859	1	4
356107	7	750891	2	9
356140	12	249134	1	13
356146	10	249142	1	11
356161	1	249193	9	10
356225	14	962943	6	20
356293	1	751695	1	2
356332	4	751863	1	5
356357	1	249793	4	5
356377	3	356376	2	5
356432	9	250037	7	16
356518	3	356517	2	5
356561	2	250490	1	3
356564	1	250501	1	2
356636	2	250695	3	5
356641	9	250721	1	10
356673	7	752883	3	10
356722	2	251142	4	6
356729	1	356728	1	2
356759	6	753332	4	10
356848	1	251610	1	2
356932	5	251927	1	6
356937	5	251945	7	12
356955	7	754052	2	9
356966	3	754108	14	17
356970	1	754127	1	2
356985	1	754227	3	4
357027	2	252257	8	10
357047	3	252338	1	4
357059	3	252384	3	6
357093	5	754744	3	8
357116	4	252650	2	6
357141	1	754962	2	3
357155	1	755040	1	2
357184	1	252882	3	4
357248	4	755462	2	6
357277	1	755614	9	10
357372	3	756016	3	6
357396	1	357395	1	2
357415	1	253856	3	4
357456	17	756257	7	24
357482	1	357481	1	2
357575	4	756882	16	20
357576	4	756887	10	14
357600	6	254684	12	18
357603	4	254719	4	8
357629	5	757191	11	16
357702	4	757474	18	22
357716	7	255129	3	10
357821	7	255502	6	13
357854	7	255631	12	19
357904	3	255790	4	7
357909	1	255821	3	4
357950	4	758443	5	9
357976	40	758556	17	57
358061	1	759043	7	8
358081	7	759265	9	16
358084	5	256444	2	7
358115	2	256590	5	7
358173	2	256774	3	5
358221	5	760214	6	11
358243	3	760444	6	9
358287	19	760710	3	22
358294	5	760809	4	9
358348	3	257475	3	6
358399	4	257693	4	8
358403	1	761961	3	4
358424	9	762160	4	13
358466	5	967405	7	12
358470	2	762361	13	15
358482	1	358481	2	3
358534	2	762938	2	4
358547	4	763074	7	11
358606	2	763764	4	6
358610	4	763789	4	8
358665	5	258677	6	11
358764	2	258971	7	9
358765	2	258979	1	3
358813	8	765414	11	19
358855	1	765875	2	3
358918	4	259443	4	8
358920	3	766518	4	7
358999	3	259675	11	14
359038	3	767377	4	7
359065	7	259918	2	9
359106	1	767907	1	2
359121	2	767991	29	31
359134	10	359133	10	20
359174	10	768320	9	19
359176	4	260278	12	16
359372	1	261134	2	3
359455	4	769567	14	18
359497	25	769892	20	45
359513	4	770000	10	14
359532	3	770074	10	13
359566	2	770281	2	4
359580	1	261929	2	3
359695	1	771073	7	8
359819	2	262894	3	5
359887	5	263201	7	12
359905	2	772171	1	3
359949	7	263441	4	11
359969	6	263532	2	8
359976	7	263572	1	8
360074	4	360073	5	9
360081	12	264011	7	19
360085	5	773127	1	6
360216	2	773706	4	6
360277	1	264789	4	5
360285	6	774026	15	21
360298	5	360297	2	7
360307	5	264946	2	7
360308	3	774193	6	9
360324	2	774268	3	5
360356	6	265218	6	12
360390	10	265433	1	11
360401	6	265465	2	8
360403	2	265473	3	5
360404	1	774814	1	2
360417	3	774900	3	6
360420	4	774913	1	5
360423	2	265531	4	6
360445	2	775032	3	5
360527	2	775519	1	3
360601	3	266362	2	5
360625	3	776150	12	15
360632	7	776213	2	9
360640	3	360639	3	6
360688	2	776517	3	5
360697	2	266765	1	3
360730	1	776709	2	3
360733	3	776723	5	8
360738	3	776751	2	5
360779	3	267063	2	5
360794	7	267137	4	11
360800	3	777121	4	7
360809	7	777192	13	20
360811	5	777196	6	11
360819	3	360818	1	4
360866	2	267402	1	3
360927	1	777809	2	3
360966	2	267794	6	8
360973	1	267808	3	4
360976	3	778129	2	5
361000	1	778251	10	11
361011	4	267943	2	6
361012	3	267947	4	7
361030	9	268006	3	12
361051	1	778502	3	4
361131	9	778878	2	11
361161	3	779104	1	4
361175	9	779173	3	12
361197	5	268600	2	7
361218	4	268678	1	5
361296	2	268950	1	3
361313	1	269015	1	2
361323	4	779894	12	16
361351	3	780025	2	5
361354	3	780045	1	4
361359	2	780101	2	4
361396	3	780351	2	5
361411	1	780454	6	7
361437	2	780715	3	5
361452	2	780809	7	9
361476	1	361475	1	2
361483	4	269697	8	12
361507	8	269766	9	17
361519	1	361518	6	7
361521	4	269808	4	8
361576	1	781474	1	2
361602	1	781635	2	3
361609	1	270109	1	2
361712	1	270541	2	3
361726	1	782284	1	2
361805	4	270935	1	5
361830	24	783371	3	27
361886	10	783895	7	17
361909	2	271272	4	6
361924	4	784323	5	9
361966	2	271455	6	8
361970	12	784614	14	26
361985	7	784723	7	14
361999	3	784919	4	7
362003	2	784978	9	11
362009	2	271580	4	6
362030	3	271655	6	9
362033	6	785290	4	10
362034	4	785296	1	5
362049	2	271783	4	6
362065	1	785637	8	9
362149	3	976778	2	5
362153	5	786326	7	12
362157	2	272201	2	4
362174	10	362173	6	16
362186	4	362185	6	10
362195	9	786792	4	13
362250	1	787268	2	3
362260	1	787375	4	5
362276	13	787467	2	15
362313	2	362312	11	13
362320	4	787871	1	5
362321	21	272741	1	22
362361	26	788133	13	39
362521	3	788883	2	5
362524	1	788884	30	31
362549	1	273479	2	3
362570	1	789087	2	3
362591	13	273643	4	17
362627	1	789345	10	11
362648	1	789427	5	6
362654	5	273840	2	7
362665	2	273876	3	5
362714	3	789573	1	4
362728	4	274057	3	7
362736	10	789659	9	19
362791	2	274345	1	3
362851	2	274590	1	3
362884	3	274748	2	5
362918	4	274874	3	7
362926	12	274902	3	15
362957	6	362956	3	9
363054	6	790895	1	7
363156	6	791267	8	14
363169	2	275914	2	4
363171	2	791320	1	3
363224	4	276131	7	11
363235	2	276158	4	6
363244	1	791554	1	2
363284	3	791682	5	8
363403	2	792127	1	3
363458	3	363457	4	7
363494	3	277080	9	12
363524	1	792542	2	3
363551	1	792647	1	2
363557	4	277347	2	6
363562	28	792675	10	38
363602	2	277512	1	3
363653	5	277739	2	7
363674	3	277836	1	4
363715	4	278004	4	8
363750	4	363749	1	5
363755	4	278190	2	6
363787	3	793656	2	5
363812	1	278414	11	12
363815	3	278420	3	6
363847	3	363846	1	4
363873	2	278677	4	6
363885	2	794130	3	5
363904	1	794205	6	7
363935	4	278936	3	7
363937	2	794380	8	10
363991	4	794594	2	6
364080	3	279487	1	4
364112	6	795377	5	11
364140	2	795578	1	3
364158	4	795770	2	6
364187	7	795964	9	16
364263	1	796766	5	6
364273	2	796857	5	7
364288	4	280280	2	6
364297	5	797123	5	10
364332	3	280454	1	4
364353	2	797526	4	6
364411	7	797960	15	22
364427	7	280729	3	10
364473	3	364472	2	5
364488	6	798753	1	7
364490	5	280895	1	6
364500	3	798865	14	17
364533	6	799244	5	11
364538	7	799284	4	11
364542	3	364541	2	5
364551	2	799326	10	12
364569	3	281118	1	4
364584	4	799603	3	7
364586	3	281154	2	5
364650	1	281354	2	3
364929	8	983080	1	9
364938	2	802237	5	7
364948	5	802336	1	6
365026	4	282531	2	6
365109	9	803089	3	12
365148	3	282912	3	6
365151	1	282924	1	2
365162	3	803429	6	9
365170	1	282985	2	3
365174	3	283002	4	7
365227	3	803795	3	6
365266	3	804045	7	10
365328	7	283585	3	10
365330	2	283590	1	3
365377	1	283796	2	3
365448	1	284092	3	4
365454	2	284130	1	3
365498	2	805554	6	8
365524	6	805767	3	9
365558	2	284586	3	5
365559	2	806065	6	8
365562	1	984706	2	3
365569	1	806128	5	6
365640	3	284939	4	7
365643	7	284953	2	9
365715	15	285263	1	16
365728	2	285315	2	4
365733	4	806981	10	14
365740	10	807033	11	21
365774	2	285517	14	16
365787	1	807214	1	2
365803	2	807325	3	5
365826	5	807472	4	9
365846	1	285852	1	2
365910	1	807940	4	5
365931	3	286314	2	5
365959	2	365958	4	6
366013	1	286656	6	7
366056	2	808755	2	4
366071	2	286897	1	3
366097	1	286987	4	5
366212	1	809439	3	4
366214	3	809448	7	10
366220	2	809488	1	3
366236	5	809607	3	8
366238	6	287524	4	10
366367	1	366366	2	3
366370	1	810103	5	6
366414	9	366413	1	10
366425	2	366424	3	5
366428	3	366427	1	4
366432	1	366431	4	5
366446	4	366445	3	7
366454	3	366453	3	6
366458	2	113	1	3
366469	2	366468	1	3
366477	1	131	1	2
366525	4	366524	5	9
366530	1	366529	1	2
366531	1	810185	3	4
366550	2	155	2	4
366554	2	157	3	5
366557	1	366556	6	7
366563	4	366562	1	5
366568	1	171	2	3
366570	1	366569	2	3
366585	2	366584	1	3
366587	2	180	2	4
366590	1	366589	3	4
366596	7	366595	2	9
366599	2	288025	3	5
366607	3	366606	4	7
366609	2	195	3	5
366611	2	366610	2	4
366621	2	366620	3	5
366623	4	366622	3	7
366630	2	366629	4	6
366637	2	366636	1	3
366644	1	366643	2	3
366650	6	233	3	9
366653	1	366652	1	2
366658	2	366657	4	6
366667	4	288042	2	6
366671	2	366670	2	4
366698	7	366697	2	9
366718	1	366717	6	7
366733	3	366732	7	10
366748	2	330	1	3
366750	2	366749	2	4
366756	2	366755	1	3
366765	6	366764	3	9
366775	1	366774	2	3
366777	3	366776	1	4
366783	5	366782	1	6
366785	7	366784	7	14
366801	3	366800	1	4
366816	4	366815	6	10
366823	6	366822	1	7
366828	3	366827	1	4
366842	4	366841	1	5
366847	10	366846	5	15
366857	5	409	3	8
366865	5	366864	8	13
366867	3	366866	4	7
366871	6	430	1	7
366874	12	366873	7	19
366888	2	366887	3	5
366890	2	366889	4	6
366892	1	366891	1	2
366906	1	366905	1	2
366908	2	366907	5	7
366912	3	366911	5	8
366916	2	366915	2	4
366920	9	366919	10	19
366927	1	366926	2	3
366931	5	492	2	7
366939	7	366938	4	11
366945	6	810340	1	7
366954	5	507	1	6
366957	1	366956	4	5
366972	7	366971	2	9
366975	1	366974	3	4
366980	1	366979	3	4
366983	5	366982	5	10
366986	2	366985	8	10
366992	14	366991	4	18
366998	1	366997	5	6
367000	2	366999	5	7
367003	2	549	1	3
367011	1	367010	1	2
367015	2	367014	2	4
367018	5	556	5	10
367020	5	367019	2	7
367023	8	367022	3	11
367028	3	367027	2	5
367034	5	367033	6	11
367044	5	367043	3	8
367045	2	573	4	6
367047	2	367046	4	6
367050	1	367049	3	4
367063	6	367062	3	9
367065	2	367064	4	6
367068	3	367067	8	11
367070	2	367069	1	3
367073	4	367072	5	9
367081	1	367080	2	3
367084	4	367083	5	9
367099	2	367098	4	6
367106	6	288132	1	7
367111	3	367110	3	6
367116	4	367115	3	7
367118	1	367117	2	3
367122	3	367121	2	5
367124	2	367123	3	5
367136	5	367135	5	10
367140	6	367139	6	12
367144	2	680	4	6
367152	2	367151	5	7
367155	8	367154	12	20
367161	4	688	3	7
367164	2	367163	1	3
367169	3	367168	1	4
367174	7	367173	2	9
367182	7	367181	5	12
367187	1	367186	3	4
367208	4	367207	8	12
367209	2	717	1	3
367227	2	367226	2	4
367264	8	367263	1	9
367267	2	367266	1	3
367275	1	367274	3	4
367279	2	367278	4	6
367280	19	796	2	21
367285	1	367284	2	3
367288	7	367287	5	12
367299	8	367298	6	14
367302	1	367301	2	3
367310	4	367309	4	8
367322	5	367321	3	8
367325	9	840	2	11
367342	4	367341	6	10
367343	2	854	2	4
367358	6	367357	2	8
367361	6	877	4	10
367362	4	878	5	9
367375	2	367374	3	5
367378	3	367377	7	10
367387	2	367386	10	12
367411	8	367410	1	9
367436	9	945	3	12
367441	6	952	5	11
367443	3	367442	5	8
367447	3	367446	5	8
367455	6	367454	6	12
367466	4	975	6	10
367483	1	367482	5	6
367492	2	367491	4	6
367494	5	367493	6	11
367497	3	367496	3	6
367502	2	367501	2	4
367520	7	1015	1	8
367528	4	367527	10	14
367537	3	367536	2	5
367545	3	1046	1	4
367584	4	367583	1	5
367590	1	367589	4	5
367598	6	367597	4	10
367608	5	367607	4	9
367610	4	1095	3	7
367616	2	1099	2	4
367631	1	367630	4	5
367648	2	367647	2	4
367673	4	367672	2	6
367676	4	367675	1	5
367678	3	1150	3	6
367700	6	367699	5	11
367704	2	367703	5	7
367719	4	288288	1	5
367726	1	367725	5	6
367733	6	367732	5	11
367737	3	367736	1	4
367742	1	810628	5	6
367748	1	367747	9	10
367753	5	367752	6	11
367759	3	367758	2	5
367763	2	1225	3	5
367773	3	367772	4	7
367779	1	367778	8	9
367785	3	367784	2	5
367790	2	367789	2	4
367793	2	367792	7	9
367808	2	367807	4	6
367811	2	367810	4	6
367818	2	367817	1	3
367832	4	367831	15	19
367833	3	1274	2	5
367847	1	367846	1	2
367854	5	367853	6	11
367860	3	367859	10	13
367869	2	367868	1	3
367880	9	367879	8	17
367889	3	1321	4	7
367891	1	367890	4	5
367896	2	367895	1	3
367899	1	367898	4	5
367900	6	1346	3	9
367903	1	367902	3	4
367905	5	367904	1	6
367910	5	367909	1	6
367911	3	288325	4	7
367913	2	367912	2	4
367928	1	1365	1	2
367936	4	367935	4	8
367938	5	367937	5	10
367940	5	367939	5	10
367949	2	1373	4	6
367953	4	810703	4	8
367963	1	367962	3	4
367966	8	367965	2	10
367971	2	1392	1	3
367972	3	367970	9	12
367977	4	367976	8	12
367980	1	367979	1	2
367986	9	367985	3	12
367996	3	367995	1	4
367997	5	367994	22	27
368011	7	1413	1	8
368035	6	368034	3	9
368039	7	368038	9	16
368047	14	368046	9	23
368051	13	1445	7	20
368053	16	368052	11	27
368055	10	368054	12	22
368062	7	368061	5	12
368087	3	368086	1	4
368089	2	288357	1	3
368107	2	368106	1	3
368111	3	368110	4	7
368114	1	368113	2	3
368116	6	368115	4	10
368118	4	368117	1	5
368120	6	1493	5	11
368134	1	368133	1	2
368135	1	810782	2	3
368146	2	368145	1	3
368149	1	368148	1	2
368162	4	1529	2	6
368164	1	368163	3	4
368168	2	368167	1	3
368170	2	368169	2	4
368171	7	1533	4	11
368172	2	1534	1	3
368181	6	368180	1	7
368192	2	368191	2	4
368205	11	1553	5	16
368226	11	1584	1	12
368234	7	368233	4	11
368248	1	368247	1	2
368255	1	368254	3	4
368261	1	368260	1	2
368269	2	368268	5	7
368277	11	368276	3	14
368290	3	368289	2	5
368297	1	368296	4	5
368303	8	368302	1	9
368307	4	368306	1	5
368310	1	368309	2	3
368321	3	368320	5	8
368324	2	368323	4	6
368329	1	1659	3	4
368334	4	368333	2	6
368335	4	1661	4	8
368338	4	368337	2	6
368349	4	368348	3	7
368351	6	368350	8	14
368365	4	368364	2	6
368369	1	368368	11	12
368383	3	368382	6	9
368399	5	368398	5	10
368401	5	368400	1	6
368403	4	1725	14	18
368416	8	368415	2	10
368425	2	368424	3	5
368440	3	368439	2	5
368446	5	368445	1	6
368449	3	368448	8	11
368463	2	368462	1	3
368466	1	368465	1	2
368475	3	368474	5	8
368478	1	368477	4	5
368480	5	368479	1	6
368483	1	368482	4	5
368504	5	368503	3	8
368509	6	368508	3	9
368517	1	368516	5	6
368518	3	1816	4	7
368530	7	1823	5	12
368534	2	1825	3	5
368537	4	368536	45	49
368545	4	368544	6	10
368548	1	368547	2	3
368551	6	368550	5	11
368553	4	368552	1	5
368557	3	368556	7	10
368559	1	368558	2	3
368565	5	368564	3	8
368567	2	368566	5	7
368591	9	368590	2	11
368593	6	1885	5	11
368596	5	1888	2	7
368606	6	288446	1	7
368609	5	368608	2	7
368611	5	368610	1	6
368620	8	368619	10	18
368657	1	368656	5	6
368661	4	810971	11	15
368665	3	368664	2	5
368671	1	1963	2	3
368676	3	368675	3	6
368679	3	368678	4	7
368691	1	368690	1	2
368693	3	368692	1	4
368697	1	1987	4	5
368704	2	368703	2	4
368716	3	368715	5	8
368732	1	368731	1	2
368742	3	368741	2	5
368747	2	368746	4	6
368748	5	811014	11	16
368750	5	2036	2	7
368755	2	368754	3	5
368768	4	368767	2	6
368780	1	368779	6	7
368788	3	368787	7	10
368804	8	368803	2	10
368823	1	368822	2	3
368837	4	368836	1	5
368841	1	368840	1	2
368843	2	368842	3	5
368846	7	368845	5	12
368849	2	2098	2	4
368859	15	368858	9	24
368864	4	368863	2	6
368872	2	368871	4	6
368874	10	368873	5	15
368880	8	368879	4	12
368896	23	368895	11	34
368902	5	368901	6	11
368904	4	2141	1	5
368914	2	368913	1	3
368930	5	368929	2	7
368937	2	368936	5	7
368940	2	368939	1	3
368942	3	2182	2	5
368946	2	368945	4	6
368949	2	368948	1	3
368956	2	368955	5	7
368971	4	368970	1	5
368987	3	368986	2	5
369004	3	369003	5	8
369018	1	369017	3	4
369021	3	369020	6	9
369030	10	369029	3	13
369033	10	369032	3	13
369035	5	811125	3	8
369041	2	369040	5	7
369043	6	369042	4	10
369046	3	369045	5	8
369057	4	369056	4	8
369064	2	2270	2	4
369075	13	369074	1	14
369079	3	369078	5	8
369089	3	369088	1	4
369092	6	369091	4	10
369094	4	369093	1	5
369107	3	369106	3	6
369113	4	369112	5	9
369117	1	2307	9	10
369126	10	369125	12	22
369129	9	369128	14	23
369147	1	369146	12	13
369168	3	369167	7	10
369172	5	369171	2	7
369174	2	369173	2	4
369177	9	2341	4	13
369186	10	369185	3	13
369192	5	369191	6	11
369193	6	2365	4	10
369196	2	369195	1	3
369199	4	2375	3	7
369201	2	369200	4	6
369203	7	369202	1	8
369207	1	369206	7	8
369209	4	369208	3	7
369211	4	369210	2	6
369213	7	369212	2	9
369216	1	369215	1	2
369224	7	369223	1	8
369242	5	2401	2	7
369248	8	369247	4	12
369254	8	369253	4	12
369261	5	369260	3	8
369273	3	369272	1	4
369282	2	2436	3	5
369284	3	369283	3	6
369288	6	369287	13	19
369303	4	369302	8	12
369307	1	369306	3	4
369318	2	369317	6	8
369344	1	369343	5	6
369348	5	369347	4	9
369350	5	369349	4	9
369356	2	369355	1	3
369362	5	2468	3	8
369366	2	2470	2	4
369368	8	369367	4	12
369380	4	369379	8	12
369382	8	369381	7	15
369385	3	369384	5	8
369390	1	369389	2	3
369392	4	369391	4	8
369402	8	369401	8	16
369408	33	369407	6	39
369414	3	369413	4	7
369416	2	369415	3	5
369422	2	369421	1	3
369424	4	369423	5	9
369441	6	369440	3	9
369454	3	369453	6	9
369458	8	369457	3	11
369462	3	369461	1	4
369468	3	369467	1	4
369472	2	369471	5	7
369480	1	369479	1	2
369482	4	369481	4	8
369506	2	369505	5	7
369518	9	369517	2	11
369521	2	369520	5	7
369524	4	369523	6	10
369526	5	369525	2	7
369535	18	369534	5	23
369540	1	369539	2	3
369545	1	369544	2	3
369547	2	369546	16	18
369551	2	369550	1	3
369567	3	369565	6	9
369568	4	2576	2	6
369576	5	369575	8	13
369583	13	369582	7	20
369596	3	369595	4	7
369602	2	811325	1	3
369605	1	2600	1	2
369610	1	369609	5	6
369615	3	369613	2	5
369617	2	369616	1	3
369634	4	2617	1	5
369639	4	369638	4	8
369643	6	369642	8	14
369645	7	369644	6	13
369651	2	369650	2	4
369653	3	369652	6	9
369658	2	369657	5	7
369664	6	369663	2	8
369673	3	369672	3	6
369675	10	369674	11	21
369686	1	369685	9	10
369690	2	369689	2	4
369696	3	369695	3	6
369700	3	369699	2	5
369710	3	2651	5	8
369719	5	369718	5	10
369721	2	369720	6	8
369724	1	369723	4	5
369726	3	369725	2	5
369736	6	369735	4	10
369748	2	369747	2	4
369749	6	2665	4	10
369759	1	369758	4	5
369761	8	811371	6	14
369763	4	369762	4	8
369770	3	369769	6	9
369773	2	2674	1	3
369776	3	369775	7	10
369778	5	369777	4	9
369780	4	369779	6	10
369786	12	369785	5	17
369793	4	369792	2	6
369797	4	369796	1	5
369821	4	369820	15	19
369830	7	369829	8	15
369840	7	369839	2	9
369843	6	2717	3	9
369845	5	369844	20	25
369852	3	369851	13	16
369854	10	369853	4	14
369857	3	369856	2	5
369859	15	369858	7	22
369867	14	369866	2	16
369869	7	369868	4	11
369872	2	369871	2	4
369892	7	369891	8	15
369897	16	369896	3	19
369905	4	369904	2	6
369907	14	369906	5	19
369911	11	369910	5	16
369913	1	369912	5	6
369925	2	369924	7	9
369929	11	369928	8	19
369937	4	369936	2	6
369941	6	369940	3	9
369946	3	369945	5	8
369957	1	369956	11	12
369967	4	369966	7	11
369970	2	369969	2	4
369974	4	288631	23	27
369976	6	369975	13	19
369979	12	369978	1	13
369981	1	369980	2	3
369985	10	369984	6	16
369987	8	369986	5	13
369990	8	369989	4	12
369993	3	369992	3	6
369995	2	369994	3	5
370001	4	370000	5	9
370003	3	370002	4	7
370009	2	370008	2	4
370012	1	370011	2	3
370015	5	370014	11	16
370018	4	370017	3	7
370023	2	370022	2	4
370025	4	370024	2	6
370031	7	370030	3	10
370042	2	370041	5	7
370044	3	370043	3	6
370048	5	370047	2	7
370060	4	370059	6	10
370062	3	370061	3	6
370063	2	2756	3	5
370065	10	370064	13	23
370071	5	370070	2	7
370074	4	370073	3	7
370084	2	370083	6	8
370103	8	370102	4	12
370110	4	2790	2	6
370112	10	2796	10	20
370115	5	370114	1	6
370126	10	370125	4	14
370135	4	370134	1	5
370137	3	370136	8	11
370145	2	370144	4	6
370148	4	370147	11	15
370151	5	370150	5	10
370160	8	2824	5	13
370164	2	370163	7	9
370168	6	370167	1	7
370171	1	2825	1	2
370176	4	370175	6	10
370178	3	370177	7	10
370183	2	370182	3	5
370187	6	2836	4	10
370199	1	2846	5	6
370206	1	370205	11	12
370217	6	370216	2	8
370219	1	370218	1	2
370223	5	370222	3	8
370236	2	370235	2	4
370248	6	370247	2	8
370252	1	811534	7	8
370260	1	370259	4	5
370262	9	370261	8	17
370275	10	370274	7	17
370279	9	370278	2	11
370284	4	370283	7	11
370292	4	370291	7	11
370297	1	370296	40	41
370303	6	370302	14	20
370319	3	370318	4	7
370324	8	2889	12	20
370334	3	370333	2	5
370335	7	2897	7	14
370338	22	370337	3	25
370340	4	370339	13	17
370342	1	370341	5	6
370354	9	370353	7	16
370360	6	2914	7	13
370369	3	370368	5	8
370381	2	370380	3	5
370384	6	370383	5	11
370388	3	370387	5	8
370410	3	370409	7	10
370420	5	370419	1	6
370423	3	811588	1	4
370434	2	370433	3	5
370440	4	370439	5	9
370444	1	370443	4	5
370455	16	370454	4	20
370456	2	288691	3	5
370476	1	370475	3	4
370479	1	370478	2	3
370485	1	370484	7	8
370489	1	370488	2	3
370491	3	370490	1	4
370501	3	370500	3	6
370505	3	370504	4	7
370507	11	370506	3	14
370509	3	370508	1	4
370512	2	370511	3	5
370515	7	370514	70	77
370518	5	370517	10	15
370530	2	370529	1	3
370535	7	370534	4	11
370537	5	370536	2	7
370539	6	370538	9	15
370549	3	370548	12	15
370558	3	370557	6	9
370564	5	370563	12	17
370568	7	370567	4	11
370573	8	370572	3	11
370575	2	370574	10	12
370577	12	370576	22	34
370595	3	370594	4	7
370605	11	370604	2	13
370629	18	370628	12	30
370631	26	370630	11	37
370636	4	370635	4	8
370642	6	370641	6	12
370643	2	3058	1	3
370645	1	370644	3	4
370647	4	370646	6	10
370651	5	370650	7	12
370657	3	370656	3	6
370664	3	370663	1	4
370668	6	370667	3	9
370670	7	370669	4	11
370675	3	370674	6	9
370685	4	370684	5	9
370690	13	370689	11	24
370693	5	370692	5	10
370695	19	370694	4	23
370705	5	370704	7	12
370710	11	370709	4	15
370727	7	370726	8	15
370735	12	370734	8	20
370737	5	370736	4	9
370739	3	370738	2	5
370741	4	370740	6	10
370746	2	370745	2	4
370749	8	370748	2	10
370756	3	370755	1	4
370764	4	370763	4	8
370770	3	370769	4	7
370772	11	370771	2	13
370777	2	370776	5	7
370782	1	370781	1	2
370784	7	370783	1	8
370796	2	370795	8	10
370798	4	370797	1	5
370803	2	370802	9	11
370812	2	370811	5	7
370813	2	811722	5	7
370819	3	3103	3	6
370832	4	288751	5	9
370834	1	370833	4	5
370837	7	370836	8	15
370847	7	3110	4	11
370856	2	370855	7	9
370861	4	811738	2	6
370866	1	370865	5	6
370876	9	370875	9	18
370882	6	370881	6	12
370888	7	370887	3	10
370892	3	370891	5	8
370894	4	370893	8	12
370897	4	370896	4	8
370903	4	370902	8	12
370912	7	370911	3	10
370915	3	370914	6	9
370917	5	370916	7	12
370933	4	370932	3	7
370936	7	370935	5	12
370938	8	370937	2	10
370940	5	370939	3	8
370945	5	288768	4	9
370964	2	370963	3	5
370977	5	370976	2	7
370979	5	370978	3	8
370982	1	370981	2	3
370986	4	370985	11	15
370989	2	370988	7	9
370992	5	370991	4	9
370994	2	370993	4	6
371014	3	3196	1	4
371016	3	371015	4	7
371018	3	371017	2	5
371021	7	288778	6	13
371032	1	371031	4	5
371040	2	371039	1	3
371053	3	811814	6	9
371060	5	371059	6	11
371067	2	371066	1	3
371070	7	371069	2	9
371091	2	371090	4	6
371094	5	371093	3	8
371096	3	371095	2	5
371099	8	371098	5	13
371117	3	3257	6	9
371119	10	371118	5	15
371128	8	371127	1	9
371133	5	371132	4	9
371148	3	288799	4	7
371151	9	371150	7	16
371153	8	371152	10	18
371162	3	371161	8	11
371164	7	371163	3	10
371168	5	371167	4	9
371170	2	371169	8	10
371177	2	371176	3	5
371180	2	371179	5	7
371182	3	371181	4	7
371192	2	371191	5	7
371207	8	371206	7	15
371209	11	371208	12	23
371227	1	288810	11	12
371234	9	371233	4	13
371237	6	371236	8	14
371240	10	371239	2	12
371243	5	371242	6	11
371253	7	3314	1	8
371265	4	371264	5	9
371268	8	371267	4	12
371272	4	371271	14	18
371276	5	371275	3	8
371282	5	371281	4	9
371289	4	371288	6	10
371291	3	371290	7	10
371316	5	371315	4	9
371334	11	371333	4	15
371355	2	371354	8	10
371358	9	371357	4	13
371364	3	371363	4	7
371367	5	371366	3	8
371370	4	371369	2	6
371379	2	3375	5	7
371387	7	371386	2	9
371391	7	371390	2	9
371393	11	371392	4	15
371400	13	371399	7	20
371403	4	371402	7	11
371404	7	3378	1	8
371407	4	371406	2	6
371418	5	371417	2	7
371420	3	371419	7	10
371423	5	371422	3	8
371431	7	371430	7	14
371433	11	371432	5	16
371438	3	371437	8	11
371443	1	371442	1	2
371444	7	288831	3	10
371449	3	371448	8	11
371454	10	371453	8	18
371458	2	371457	4	6
371460	1	371459	10	11
371464	4	371463	6	10
371487	5	371486	9	14
371492	8	371491	3	11
371511	5	371510	5	10
371526	5	371525	2	7
371541	3	371540	2	5
371542	8	3428	3	11
371545	3	371544	7	10
371556	3	371555	7	10
371565	6	371564	7	13
371568	11	371567	2	13
371575	5	371574	3	8
371582	3	371581	14	17
371611	4	371610	3	7
371614	7	371613	8	15
371625	1	371624	6	7
371632	8	371631	1	9
371648	3	371647	4	7
371658	2	371657	7	9
371669	1	371668	3	4
371673	7	371672	14	21
371675	3	371674	10	13
371680	6	371679	14	20
371699	4	371698	3	7
371711	3	371710	10	13
371715	6	371714	10	16
371722	3	371721	5	8
371726	5	371725	4	9
371729	2	371728	2	4
371745	12	371744	9	21
371751	7	371750	7	14
371757	3	371756	6	9
371765	2	371764	7	9
371779	9	371778	10	19
371785	6	371784	8	14
371791	14	371790	7	21
371805	1	371804	4	5
371807	12	371806	3	15
371821	5	3495	3	8
371825	7	371824	5	12
371827	3	371826	3	6
371834	10	371833	2	12
371839	7	371838	5	12
371841	2	371840	11	13
371848	3	371846	9	12
371851	7	371850	1	8
371853	12	371852	1	13
371856	15	371855	12	27
371872	8	371871	2	10
371874	9	371873	9	18
371876	11	371875	5	16
371886	7	371885	7	14
371901	6	371900	2	8
371910	3	812121	15	18
371914	15	371913	2	17
371925	8	3542	8	16
371941	3	371940	7	10
371946	9	371945	14	23
371948	3	371947	8	11
371952	80	371951	4	84
371959	3	371958	4	7
371962	5	371961	12	17
371964	4	371963	2	6
371969	9	3562	5	14
371986	1	3565	6	7
371990	25	371989	5	30
372009	6	372008	5	11
372011	2	372010	1	3
372025	8	372024	2	10
372031	9	372030	4	13
372032	7	812169	7	14
372034	5	3576	5	10
372036	8	372035	7	15
372042	3	372041	1	4
372045	2	372044	3	5
372047	9	372046	5	14
372049	2	288891	1	3
372052	3	372051	4	7
372062	12	372061	2	14
372064	7	372063	6	13
372091	2	288893	8	10
372094	2	372093	6	8
372108	5	372107	4	9
372115	5	372114	1	6
372118	3	372117	11	14
372121	5	372120	4	9
372125	5	372124	4	9
372128	9	372127	9	18
372130	12	372129	6	18
372135	5	372134	9	14
372141	5	372140	8	13
372144	9	988047	3	12
372148	7	288903	4	11
372154	3	372153	19	22
372163	5	372162	1	6
372166	11	372165	14	25
372171	10	372170	12	22
372175	2	288907	4	6
372179	8	372178	6	14
372196	7	372195	6	13
372198	4	372197	6	10
372213	2	372212	3	5
372218	3	372217	8	11
372228	5	372227	1	6
372229	9	3645	5	14
372233	4	372232	9	13
372240	5	372239	7	12
372242	2	372241	1	3
372243	4	3652	2	6
372259	2	372258	4	6
372260	4	3661	1	5
372268	6	372267	2	8
372289	4	372288	6	10
372291	4	372290	8	12
372299	22	372298	8	30
372302	10	372301	22	32
372305	3	372304	10	13
372312	15	372311	8	23
372318	4	372317	6	10
372332	5	372331	9	14
372340	1	372339	10	11
372344	4	812295	1	5
372352	4	372351	6	10
372364	6	372363	1	7
372369	4	372368	23	27
372371	22	372370	1	23
372381	3	372380	14	17
372383	8	372382	5	13
372396	5	372395	13	18
372399	5	372398	3	8
372403	2	372402	31	33
372417	14	372416	3	17
372421	6	372420	5	11
372434	4	372433	4	8
372437	9	372436	15	24
372444	3	372443	1	4
372451	11	3746	6	17
372470	4	372469	5	9
372473	7	372472	1	8
372478	8	372477	2	10
372485	2	372484	11	13
372487	13	372486	8	21
372488	5	288955	6	11
372492	7	372491	2	9
372507	2	372506	10	12
372522	7	372521	7	14
372535	3	372534	5	8
372539	4	372538	4	8
372541	6	372540	4	10
372554	4	372553	1	5
372557	1	372556	12	13
372580	1	372579	6	7
372585	5	372584	4	9
372606	4	372605	7	11
372609	6	372608	73	79
372625	5	372624	5	10
372632	9	812411	15	24
372638	14	372637	5	19
372685	8	372684	3	11
372689	2	372688	2	4
372695	6	372694	6	12
372705	5	372704	29	34
372728	5	372727	1	6
372729	1	3885	7	8
372747	3	289014	1	4
372752	4	372751	5	9
372774	4	372773	11	15
372794	12	372793	19	31
372808	9	372807	1	10
372815	5	372814	6	11
372846	2	372845	2	4
372848	2	372847	1	3
372851	6	372850	3	9
372883	11	372882	16	27
372912	4	372911	10	14
372971	32	372970	10	42
373058	2	4111	3	5
373063	1	373062	6	7
373071	10	373070	13	23
373089	1	373088	21	22
373093	14	812677	8	22
373101	7	4123	8	15
373102	4	4125	5	9
373106	25	373105	2	27
373119	22	373118	7	29
373124	7	373123	14	21
373128	5	373127	11	16
373132	7	373131	8	15
373158	5	373157	8	13
373160	7	373159	14	21
373165	4	373164	2	6
373167	5	373166	7	12
373169	12	373168	5	17
373172	14	373171	5	19
373178	8	373177	6	14
373182	8	373181	5	13
373184	7	373183	8	15
373186	7	373185	4	11
373190	9	373189	11	20
373195	8	373194	12	20
373196	12	812714	7	19
373209	5	373208	5	10
373212	49	373211	6	55
373217	5	373216	42	47
373220	9	373219	5	14
373231	10	373230	14	24
373233	7	4196	7	14
373235	5	373234	2	7
373237	3	373236	17	20
373239	6	812735	5	11
373244	5	373243	12	17
373248	3	373247	14	17
373251	4	373250	10	14
373253	5	373252	3	8
373263	2	373262	4	6
373266	2	373265	4	6
373272	8	373271	6	14
373282	5	373281	9	14
373285	11	373284	6	17
373289	9	373288	9	18
373295	10	373294	4	14
373298	8	373297	30	38
373300	5	4225	1	6
373338	5	373337	4	9
373350	6	373349	7	13
373351	13	289185	6	19
373358	5	373357	11	16
373361	32	373360	12	44
373365	8	373364	4	12
373373	3	373372	7	10
373379	14	373378	14	28
373382	3	4268	2	5
373392	1	373391	3	4
373398	7	373397	8	15
373403	5	373402	14	19
373420	1	373419	5	6
373424	3	4284	1	4
373426	7	373425	7	14
373429	5	373428	13	18
373432	4	289201	3	7
373433	6	289202	13	19
373435	6	373434	6	12
373444	11	373443	4	15
373448	12	373447	1	13
373460	3	373459	10	13
373469	5	373468	6	11
373471	7	373470	1	8
373485	3	373484	23	26
373487	34	289209	10	44
373494	11	373493	5	16
373495	2	4325	5	7
373505	10	373504	3	13
373507	8	4327	4	12
373526	6	373525	4	10
373533	5	373532	46	51
373552	1	373551	7	8
373571	3	373570	2	5
373575	20	812859	21	41
373577	1	373576	3	4
373581	15	373580	1	16
373587	3	373586	4	7
373593	5	373592	6	11
373604	4	373603	8	12
373606	6	373605	8	14
373619	15	4371	6	21
373625	6	373624	2	8
373630	7	373629	1	8
373632	8	289230	4	12
373638	11	373637	4	15
373640	4	373639	6	10
373645	5	373644	2	7
373647	2	373646	11	13
373656	9	373655	6	15
373659	4	373658	1	5
373670	3	373669	5	8
373677	2	373676	1	3
373701	7	373700	7	14
373703	6	373702	2	8
373711	8	373710	9	17
373714	3	373713	9	12
373721	6	373720	8	14
373725	5	373724	2	7
373732	3	373731	6	9
373739	5	373738	8	13
373748	5	373747	10	15
373753	5	4434	1	6
373763	5	373762	5	10
373769	14	373768	2	16
373772	9	373771	1	10
373785	2	373784	8	10
373787	4	373786	2	6
373788	8	4454	4	12
373806	6	373805	1	7
373812	2	373811	6	8
373819	2	373818	5	7
373821	3	373820	18	21
373828	5	373827	3	8
373831	8	373830	1	9
373843	3	373842	9	12
373848	6	373847	11	17
373854	7	373853	3	10
373867	17	373866	3	20
373870	4	373869	6	10
373873	4	373872	2	6
373878	1	373877	5	6
373881	4	373880	2	6
373893	8	373892	19	27
373899	1	373898	4	5
373912	5	373911	15	20
373920	5	373919	12	17
373925	14	4505	3	17
373945	11	373944	11	22
373952	14	373951	6	20
373957	1	373956	3	4
373972	3	373971	3	6
373978	5	373977	2	7
374009	1	374008	3	4
374017	6	374016	6	12
374019	7	374018	4	11
374022	2	374020	3	5
374024	12	374023	3	15
374027	3	374026	1	4
374030	8	374029	12	20
374036	5	374035	9	14
374039	8	374038	10	18
374071	13	374070	1	14
374079	1	374078	2	3
374081	8	374080	11	19
374083	5	374082	2	7
374092	4	4581	2	6
374099	4	374098	2	6
374101	2	374100	4	6
374108	2	374107	4	6
374112	2	374111	2	4
374115	1	374114	4	5
374127	4	374126	5	9
374130	6	374129	3	9
374177	8	374176	5	13
374179	2	374178	3	5
374188	3	374187	4	7
374192	10	374191	4	14
374201	1	374200	4	5
374205	4	4642	1	5
374221	5	374220	4	9
374230	3	374229	8	11
374234	5	374233	8	13
374242	8	374241	8	16
374254	16	374253	6	22
374257	5	374256	10	15
374258	12	4669	7	19
374263	16	374262	8	24
374268	10	374267	9	19
374269	9	4679	11	20
374274	5	374273	10	15
374283	18	374282	64	82
374327	6	374326	12	18
374329	7	374328	3	10
374340	1	374339	5	6
374354	2	374353	8	10
374358	6	374357	1	7
374376	16	374375	5	21
374384	2	374383	3	5
374389	12	374388	8	20
374392	6	374391	12	18
374395	9	374394	3	12
374398	5	374397	7	12
374401	6	374400	8	14
374411	9	374410	6	15
374417	15	374416	11	26
374427	2	374426	9	11
374453	2	374452	9	11
374455	8	374454	6	14
374471	3	374470	3	6
374502	25	813233	3	28
374505	14	374504	9	23
374511	6	374510	10	16
374533	14	374532	10	24
374540	7	374539	11	18
374542	1	374541	6	7
374554	5	374553	3	8
374577	8	374576	22	30
374601	4	289376	1	5
374620	6	374619	1	7
374630	4	374629	4	8
374633	8	374632	1	9
374637	3	374636	8	11
374644	9	374643	1	10
374653	2	374652	2	4
374660	5	374659	2	7
374668	2	374667	5	7
374674	6	374673	6	12
374683	4	374682	3	7
374704	14	374703	8	22
374709	13	374708	10	23
374718	9	4960	6	15
374729	17	4973	8	25
374731	4	374730	26	30
374733	5	4974	4	9
374743	10	4976	4	14
374760	1	374759	3	4
374769	1	374768	1	2
374774	6	4994	1	7
374803	6	374802	3	9
374806	1	374805	8	9
374816	3	374815	3	6
374825	1	374824	4	5
374833	6	374832	9	15
374841	3	374840	4	7
374845	5	813401	6	11
374852	9	374851	17	26
374857	6	374856	7	13
374864	4	374863	5	9
374866	4	374865	5	9
374881	1	374880	5	6
374887	1	374886	3	4
374924	1	374923	2	3
374946	1	374945	2	3
374949	2	374948	1	3
374954	12	374953	4	16
374967	1	374966	2	3
374970	2	813457	1	3
374980	1	374979	3	4
374983	6	374982	1	7
374985	8	374984	1	9
374995	4	374994	2	6
375005	1	375004	3	4
375018	1	375017	1	2
375045	1	375044	2	3
375066	3	375065	15	18
375079	7	289465	7	14
375082	3	375081	2	5
375103	7	375102	2	9
375134	9	375133	3	12
375138	3	375137	5	8
375143	3	375142	1	4
375177	7	375176	2	9
375183	1	375182	1	2
375208	1	375207	1	2
375222	3	375221	7	10
375226	6	375225	5	11
375246	8	375245	10	18
375250	9	375249	5	14
375252	2	289490	1	3
375255	7	375254	10	17
375260	12	375259	7	19
375271	3	375270	6	9
375287	10	375286	2	12
375291	9	375290	1	10
375293	2	375292	2	4
375295	3	375294	6	9
375299	8	375298	1	9
375310	5	375309	1	6
375326	9	375325	12	21
375329	8	375328	2	10
375330	2	5333	2	4
375346	3	375345	4	7
375349	11	289504	4	15
375351	4	375350	2	6
375357	7	375356	6	13
375376	15	375375	7	22
375382	9	375381	10	19
375384	11	375383	2	13
375386	14	375385	2	16
375397	2	375396	2	4
375406	2	375405	8	10
375416	2	375415	4	6
375417	6	813643	3	9
375421	6	375420	1	7
375423	3	375422	2	5
375426	1	375425	6	7
375430	4	375429	6	10
375441	2	375438	3	5
375450	1	375449	1	2
375471	4	375470	3	7
375475	13	375474	6	19
375485	3	375484	8	11
375488	3	375487	9	12
375493	4	375492	2	6
375500	12	375499	2	14
375502	9	375501	20	29
375503	6	5411	5	11
375504	5	289518	11	16
375506	12	5413	1	13
375509	4	375508	6	10
375524	1	375523	6	7
375535	5	375534	1	6
375542	6	375541	10	16
375566	2	375565	9	11
375571	8	375570	30	38
375581	4	375580	5	9
375591	6	375590	1	7
375593	1	375592	1	2
375599	3	375598	4	7
375615	6	375614	3	9
375618	3	375617	2	5
375623	3	375622	1	4
375651	3	375650	5	8
375655	6	375654	1	7
375669	5	5569	1	6
375673	4	375672	4	8
375676	5	375675	5	10
375681	3	375680	3	6
375683	4	375682	6	10
375685	4	813752	4	8
375689	7	289561	3	10
375694	3	375693	8	11
375711	2	289567	1	3
375729	1	375728	2	3
375731	3	375730	1	4
375740	2	375739	4	6
375742	6	375741	5	11
375748	5	375747	9	14
375751	1	375750	3	4
375753	1	375752	1	2
375772	5	375771	8	13
375775	1	375774	1	2
375786	1	5681	1	2
375797	5	375796	6	11
375799	2	375798	3	5
375810	4	375809	3	7
375812	1	5723	2	3
375815	4	375814	1	5
375827	1	375826	2	3
375830	3	5728	1	4
375842	1	375841	2	3
375847	3	375846	7	10
375849	7	375848	4	11
375855	1	375854	1	2
375857	3	375856	4	7
375864	7	375863	5	12
375872	4	375870	4	8
375875	4	375874	7	11
375880	3	5768	1	4
375897	1	5794	1	2
375904	7	375903	3	10
375913	8	375912	9	17
375916	5	375915	4	9
375920	4	375919	4	8
375946	6	375945	1	7
375949	4	813863	10	14
375952	2	375951	4	6
375957	12	375956	2	14
375966	1	375965	1	2
375974	4	375973	5	9
375977	11	375976	3	14
375980	1	375979	2	3
375986	5	375985	7	12
375990	1	375989	3	4
375993	2	375992	2	4
375999	3	375998	1	4
376001	1	376000	2	3
376008	3	376007	2	5
376012	4	376011	6	10
376015	5	376014	4	9
376018	3	376017	1	4
376022	11	376021	2	13
376027	4	376026	2	6
376053	7	376052	6	13
376056	4	376055	1	5
376065	6	376064	6	12
376069	10	376068	3	13
376074	3	376073	2	5
376077	1	376076	8	9
376081	1	376080	1	2
376108	2	376107	2	4
376115	2	376114	1	3
376117	3	376116	4	7
376119	2	376118	1	3
376121	3	376120	1	4
376126	1	376125	2	3
376136	8	376135	4	12
376142	2	813931	4	6
376148	1	376147	2	3
376151	2	376150	1	3
376156	2	376155	2	4
376163	1	376162	1	2
376170	15	376169	1	16
376175	3	376174	4	7
376187	2	376186	3	5
376190	2	376189	3	5
376195	1	376194	2	3
376199	2	376198	1	3
376204	3	376203	2	5
376223	2	6076	3	5
376226	1	376225	2	3
376237	5	376236	4	9
376241	3	376240	5	8
376249	3	376248	4	7
376256	2	376255	1	3
376257	3	813972	2	5
376259	1	376258	5	6
376262	4	6119	2	6
376265	3	376264	2	5
376268	3	6123	3	6
376270	3	376269	2	5
376283	2	376282	5	7
376293	7	376292	3	10
376299	2	376298	48	50
376307	1	376306	4	5
376312	11	376311	1	12
376315	1	376314	4	5
376336	1	376335	1	2
376338	1	376337	2	3
376355	1	376354	1	2
376358	2	376357	1	3
376368	6	376367	3	9
376394	2	376393	6	8
376398	2	376397	4	6
376401	4	376400	5	9
376414	5	376412	7	12
376429	44	376428	4	48
376431	6	376430	3	9
376433	2	376432	3	5
376438	9	376437	22	31
376454	5	376453	9	14
376463	7	376462	3	10
376467	1	6319	3	4
376484	2	376483	4	6
376486	2	376485	1	3
376488	1	814074	3	4
376491	7	376490	5	12
376512	4	6366	5	9
376515	1	376514	1	2
376522	2	814092	4	6
376539	1	376538	1	2
376544	1	376543	1	2
376551	1	6393	2	3
376556	1	376555	1	2
376568	2	376567	3	5
376575	13	376574	2	15
376580	2	6418	1	3
376595	3	376594	1	4
376627	7	376626	2	9
376651	3	376650	2	5
376652	1	6489	1	2
376671	1	376670	1	2
376683	3	376682	3	6
376700	1	6537	2	3
376710	1	376709	1	2
376717	1	376716	2	3
376722	2	376721	2	4
376735	1	376734	5	6
376742	3	376741	1	4
376775	2	376774	1	3
376777	1	376776	4	5
376784	4	376783	1	5
376792	1	376791	3	4
376794	3	376793	1	4
376799	1	376798	1	2
376806	1	376805	2	3
376825	1	289798	4	5
376832	1	6630	1	2
376836	2	376835	3	5
376844	1	376843	2	3
376851	1	376850	5	6
376864	2	376863	1	3
376878	4	376877	19	23
376879	2	814240	1	3
376882	1	6645	1	2
376896	20	376895	19	39
376903	5	376902	10	15
376906	1	376905	25	26
376917	2	376916	1	3
376925	2	6712	1	3
376929	1	376928	2	3
376946	1	376945	2	3
376952	1	376951	1	2
376973	3	376972	1	4
376984	6	376983	40	46
376992	5	376991	1	6
376994	4	6747	3	7
376999	1	376998	4	5
377011	1	377010	1	2
377014	2	377013	10	12
377026	1	377025	1	2
377040	1	377039	2	3
377053	2	377052	1	3
377079	1	377078	1	2
377084	2	377083	10	12
377102	1	6807	1	2
377117	1	377116	4	5
377119	1	6814	2	3
377123	1	377122	2	3
377131	3	377130	3	6
377166	1	6833	3	4
377172	1	377171	1	2
377179	1	377178	1	2
377181	2	377180	3	5
377190	1	377189	3	4
377193	4	377192	7	11
377195	2	377194	4	6
377201	6	377200	7	13
377211	8	377210	3	11
377213	2	6855	7	9
377215	5	377214	1	6
377217	5	377216	5	10
377220	2	377219	3	5
377221	2	289876	1	3
377230	2	377229	2	4
377237	6	377236	5	11
377245	1	377244	5	6
377247	1	6878	1	2
377252	3	377251	3	6
377254	1	377253	1	2
377264	2	377263	2	4
377269	3	377268	3	6
377271	1	377270	5	6
377276	1	377275	5	6
377278	1	377277	3	4
377283	4	377282	3	7
377293	6	377292	4	10
377319	1	377318	1	2
377338	2	377337	2	4
377343	3	6925	1	4
377346	3	377345	1	4
377368	1	6946	1	2
377377	1	377376	1	2
377383	2	377382	4	6
377389	2	377388	7	9
377398	2	377397	3	5
377403	1	377402	3	4
377409	1	6981	1	2
377411	3	377410	4	7
377414	5	377413	3	8
377427	6	377426	5	11
377430	2	377429	4	6
377434	1	377433	8	9
377438	1	377437	2	3
377455	3	377454	6	9
377458	6	377457	1	7
377462	7	377461	4	11
377484	1	377483	2	3
377487	4	377486	4	8
377488	1	7035	1	2
377501	2	377500	9	11
377508	2	377507	2	4
377511	3	377510	1	4
377520	5	377519	1	6
377524	2	377523	24	26
377534	5	377533	2	7
377538	4	377537	5	9
377541	8	377540	1	9
377544	3	377543	5	8
377553	2	377552	1	3
377565	1	377564	10	11
377570	9	377569	3	12
377575	2	377574	2	4
377582	1	377581	1	2
377586	1	377585	2	3
377597	1	377596	2	3
377602	1	377601	2	3
377607	3	377606	4	7
377611	2	377610	3	5
377613	2	377612	3	5
377616	1	377615	2	3
377618	5	377617	2	7
377620	6	377619	1	7
377623	16	377622	1	17
377629	6	377628	2	8
377631	7	377630	2	9
377640	10	377639	7	17
377644	14	377643	2	16
377648	6	7135	1	7
377659	8	289945	5	13
377676	10	7145	3	13
377678	5	377677	2	7
377680	10	377679	13	23
377689	5	377688	2	7
377696	1	377695	2	3
377712	4	377711	4	8
377716	2	377715	2	4
377723	6	377722	2	8
377725	2	377724	1	3
377730	5	377729	3	8
377733	3	377732	3	6
377736	2	377735	3	5
377739	2	377738	7	9
377752	2	377751	2	4
377757	2	377756	5	7
377758	3	289951	3	6
377761	5	377760	2	7
377769	2	7196	4	6
377775	2	377774	6	8
377778	2	377777	2	4
377781	3	377780	5	8
377785	2	377784	3	5
377787	5	377786	2	7
377789	3	377788	9	12
377792	6	377791	3	9
377799	13	377798	6	19
377802	4	377801	2	6
377808	2	377807	2	4
377810	2	377809	7	9
377818	12	377817	4	16
377824	10	377823	2	12
377827	2	377826	1	3
377831	10	377830	24	34
377833	7	377832	6	13
377835	10	377834	11	21
377849	3	377848	1	4
377854	8	377853	8	16
377857	4	377856	7	11
377860	12	377859	6	18
377864	7	377863	4	11
377866	20	377865	126	146
377868	5	377867	1	6
377872	5	377871	13	18
377882	3	377881	3	6
377886	1	377885	2	3
377888	4	377887	4	8
377894	1	377893	2	3
377898	5	7257	3	8
377899	8	7258	1	9
377901	1	377900	2	3
377912	2	377911	3	5
377928	6	7275	7	13
377933	3	377932	2	5
377939	3	377938	4	7
377942	3	377941	2	5
377945	3	377944	3	6
377948	3	377947	1	4
377949	1	7292	3	4
377956	3	377955	10	13
377964	3	377963	1	4
377967	3	377966	1	4
377975	2	377974	2	4
377979	3	377978	5	8
377981	4	377980	1	5
377993	3	377992	1	4
377999	2	377998	3	5
378009	12	378008	3	15
378016	2	378015	1	3
378023	1	378022	1	2
378025	3	7324	5	8
378028	1	378027	1	2
378030	5	378029	1	6
378038	3	378037	4	7
378053	3	378052	1	4
378056	1	378055	1	2
378065	1	378064	1	2
378072	3	7349	3	6
378086	2	378085	4	6
378089	7	378088	3	10
378122	7	378121	4	11
378125	1	378124	2	3
378133	6	378132	3	9
378141	2	378140	2	4
378153	3	378152	6	9
378160	2	378159	1	3
378168	2	378167	7	9
378172	6	378171	1	7
378176	3	378175	5	8
378181	9	378180	2	11
378202	3	378201	3	6
378214	5	378213	4	9
378218	5	378217	2	7
378223	6	7462	9	15
378227	3	378226	1	4
378233	3	814757	1	4
378239	7	378238	2	9
378244	5	378243	10	15
378247	8	378246	3	11
378254	3	378253	6	9
378257	5	378256	3	8
378261	3	378260	1	4
378264	6	378263	5	11
378266	12	378265	2	14
378276	2	378275	10	12
378281	4	378280	2	6
378288	11	378287	1	12
378296	3	7516	5	8
378304	7	378303	4	11
378307	5	378306	5	10
378310	10	7526	14	24
378314	3	378313	13	16
378315	9	290029	4	13
378321	3	378320	2	5
378325	7	7538	1	8
378330	4	378329	6	10
378336	5	378335	3	8
378340	4	378339	2	6
378342	5	378341	1	6
378344	4	378343	5	9
378348	3	378347	1	4
378350	5	378349	3	8
378354	9	378353	4	13
378357	3	378356	2	5
378358	2	7552	2	4
378361	3	7556	1	4
378363	4	7560	5	9
378369	6	378368	1	7
378374	2	7567	1	3
378376	9	378375	2	11
378382	2	378381	4	6
378396	7	378395	3	10
378398	3	378397	2	5
378400	4	378399	12	16
378411	1	378410	2	3
378417	4	378416	6	10
378426	1	378425	1	2
378439	1	378438	3	4
378453	4	378452	2	6
378457	2	378456	4	6
378459	7	378458	5	12
378471	5	378470	1	6
378473	2	378472	4	6
378475	5	378474	4	9
378479	1	378478	2	3
378482	1	378481	2	3
378492	5	7633	1	6
378502	1	378501	2	3
378503	2	814870	2	4
378507	1	378506	1	2
378517	3	7648	3	6
378518	3	7652	4	7
378521	4	378520	1	5
378529	5	378528	6	11
378531	8	378530	5	13
378539	7	378538	14	21
378545	9	378544	1	10
378551	3	378550	1	4
378556	16	814892	10	26
378569	6	378568	16	22
378573	7	378572	14	21
378578	2	378577	72	74
378586	1	378585	4	5
378589	5	378588	2	7
378594	1	378593	2	3
378607	8	378606	14	22
378610	2	378609	1	3
378612	1	378611	1	2
378615	1	378614	5	6
378632	4	378631	7	11
378634	11	378633	9	20
378637	10	378636	6	16
378652	7	378651	7	14
378659	4	378658	6	10
378664	2	378663	7	9
378675	8	378674	8	16
378676	7	7695	3	10
378681	5	378680	3	8
378682	6	814928	3	9
378686	9	814930	3	12
378691	5	378690	4	9
378701	8	378700	1	9
378705	3	378704	1	4
378709	8	378708	43	51
378717	3	378716	3	6
378721	3	378720	2	5
378734	4	814946	4	8
378737	7	7727	4	11
378745	4	378744	4	8
378768	4	378767	7	11
378771	8	7743	6	14
378783	2	7747	5	7
378792	3	378791	2	5
378795	7	378794	1	8
378799	4	7755	3	7
378811	5	378810	3	8
378814	3	378813	5	8
378820	3	378819	5	8
378828	5	378827	2	7
378830	4	378829	8	12
378838	5	7778	1	6
378859	5	378858	2	7
378872	7	7794	3	10
378881	3	378880	4	7
378885	4	378884	4	8
378890	13	378889	5	18
378892	4	378891	4	8
378900	1	378899	3	4
378906	7	378905	8	15
378907	2	378904	1	3
378917	3	378916	6	9
378920	3	7813	4	7
378922	3	378921	5	8
378929	3	378928	15	18
378931	6	378930	10	16
378937	5	378936	12	17
378951	10	815039	7	17
378961	2	378960	3	5
378965	1	378964	2	3
378974	4	378973	1	5
378978	2	7828	8	10
378987	2	378986	3	5
378996	7	378995	10	17
378998	5	378997	3	8
379006	5	7847	2	7
379008	21	379007	20	41
379013	4	379012	1	5
379036	3	379035	5	8
379039	6	379038	13	19
379046	2	379045	1	3
379063	1	379062	8	9
379064	1	7880	2	3
379066	3	7881	2	5
379076	3	379075	5	8
379090	2	379089	4	6
379098	1	379097	10	11
379101	5	379100	3	8
379107	5	379106	6	11
379109	10	379108	4	14
379116	2	379115	3	5
379129	2	379128	78	80
379137	9	379136	2	11
379139	3	379138	10	13
379141	6	379140	1	7
379148	2	379147	1	3
379157	1	379156	2	3
379159	6	379158	7	13
379164	2	379163	2	4
379165	7	815120	5	12
379170	2	379169	5	7
379177	5	379176	3	8
379182	12	379181	1	13
379185	3	379184	2	5
379187	4	379186	4	8
379189	7	379188	6	13
379196	3	379195	1	4
379201	2	379200	1	3
379204	1	379203	8	9
379217	5	379216	4	9
379223	1	379222	1	2
379225	4	379224	6	10
379233	1	379232	2	3
379237	6	379236	8	14
379244	4	379243	2	6
379267	9	379266	4	13
379280	1	379279	1	2
379289	5	379288	6	11
379296	10	7960	3	13
379302	3	379301	4	7
379307	4	379306	5	9
379312	5	379311	8	13
379315	6	379314	1	7
379322	8	379321	23	31
379326	8	379325	9	17
379330	15	379329	7	22
379334	3	379333	2	5
379338	4	379337	2	6
379341	1	379340	9	10
379358	3	8008	2	5
379370	4	379369	2	6
379372	2	379371	2	4
379379	7	379378	4	11
379381	4	379380	3	7
379399	1	379398	3	4
379401	7	379400	3	10
379402	1	8033	2	3
379407	1	379406	5	6
379421	16	379420	6	22
379427	5	379426	10	15
379432	1	379431	1	2
379465	1	379464	2	3
379467	1	379466	12	13
379492	2	379491	3	5
379499	2	379498	1	3
379501	8	379500	4	12
379507	2	379506	3	5
379523	8	379522	3	11
379540	3	379539	3	6
379541	3	815252	1	4
379545	2	379544	1	3
379558	8	379557	11	19
379564	4	290176	2	6
379568	2	379567	4	6
379570	7	379569	4	11
379576	5	379575	5	10
379580	1	379579	5	6
379581	6	8131	8	14
379582	9	8135	2	11
379585	4	8141	12	16
379588	3	379587	1	4
379597	4	379596	6	10
379599	3	379598	1	4
379601	1	8152	2	3
379604	7	379603	3	10
379612	3	379611	7	10
379617	11	379616	3	14
379630	2	379629	2	4
379649	4	379648	4	8
379653	7	379652	8	15
379663	1	379662	2	3
379666	10	8189	4	14
379674	4	379673	3	7
379676	2	379675	6	8
379689	1	379688	3	4
379692	12	379691	4	16
379694	3	379693	5	8
379709	2	379708	4	6
379713	21	379712	6	27
379720	3	379719	4	7
379744	2	379743	7	9
379748	3	379747	2	5
379755	7	379754	18	25
379757	1	379756	8	9
379761	5	379760	1	6
379762	3	8248	1	4
379767	2	379766	4	6
379785	3	379784	2	5
379787	6	379786	3	9
379795	4	815331	4	8
379808	3	379807	2	5
379813	3	379812	3	6
379821	2	379820	3	5
379826	3	8293	4	7
379828	2	379827	2	4
379831	6	379830	2	8
379839	1	379838	1	2
379845	2	379844	1	3
379861	5	379860	3	8
379881	1	8333	1	2
379883	1	379882	2	3
379888	2	8334	3	5
379894	5	379893	6	11
379898	10	379897	4	14
379900	6	379899	3	9
379905	4	379904	1	5
379907	2	379906	4	6
379909	4	379908	2	6
379918	3	379917	3	6
379921	4	379920	4	8
379924	3	379923	3	6
379927	1	379926	2	3
379932	3	379931	2	5
379937	43	379936	2	45
379940	10	379939	9	19
379941	3	8362	3	6
379943	3	379942	3	6
379944	3	815379	5	8
379947	7	379946	2	9
379953	7	379952	4	11
379969	6	290239	4	10
379972	1	8377	18	19
379979	1	379978	2	3
379985	2	379984	2	4
379996	2	8385	2	4
380003	1	380002	4	5
380011	6	380010	1	7
380014	3	380013	6	9
380030	1	380029	1	2
380042	1	380041	6	7
380048	1	815424	2	3
380051	3	380050	3	6
380054	3	380053	5	8
380056	9	380055	4	13
380058	4	8421	6	10
380072	4	380071	1	5
380083	1	8471	1	2
380088	14	8477	4	18
380099	8	380098	5	13
380102	1	380101	3	4
380105	4	380104	2	6
380120	2	380119	2	4
380133	3	380132	2	5
380154	4	380153	2	6
380169	5	380168	3	8
380172	2	380171	3	5
380174	3	380173	5	8
380176	3	380175	4	7
380183	8	380182	2	10
380195	2	380194	1	3
380206	2	380205	3	5
380219	2	380218	2	4
380222	2	380221	1	3
380230	2	380229	1	3
380236	7	380235	1	8
380238	4	380237	8	12
380243	9	290287	6	15
380245	2	380244	4	6
380262	3	380261	7	10
380268	1	380267	1	2
380324	15	815555	3	18
380339	1	380338	3	4
380341	3	380340	1	4
380344	1	380343	4	5
380357	2	380356	1	3
380361	1	380360	5	6
380369	1	380368	3	4
380377	3	380376	14	17
380381	3	380380	5	8
380410	6	290319	5	11
380418	14	8691	1	15
380421	2	380420	5	7
380422	6	290321	2	8
380429	4	380428	7	11
380433	7	380432	5	12
380447	2	290325	3	5
380457	4	380456	1	5
380461	7	380460	8	15
380463	5	380462	1	6
380467	1	380466	4	5
380470	4	380469	3	7
380482	5	380481	2	7
380486	2	380485	3	5
380490	1	380489	4	5
380494	6	380493	1	7
380504	2	8764	4	6
380505	7	8767	2	9
380511	1	380510	1	2
380518	2	380517	3	5
380524	6	380523	6	12
380527	3	380526	6	9
380528	2	290342	4	6
380531	3	380530	3	6
380533	3	380532	1	4
380535	1	380534	1	2
380540	3	380539	1	4
380545	1	380544	12	13
380563	1	380562	1	2
380566	2	380565	2	4
380582	6	380581	6	12
380585	1	380584	4	5
380588	1	380587	6	7
380592	1	380591	10	11
380600	3	380599	2	5
380616	1	8829	4	5
380626	2	380625	3	5
380634	3	8850	4	7
380649	10	380648	5	15
380659	6	380658	1	7
380661	12	380660	3	15
380663	1	380662	1	2
380665	1	8893	3	4
380667	3	380666	8	11
380669	8	815694	6	14
380673	9	380672	12	21
380674	12	815695	6	18
380676	7	8902	1	8
380688	3	380687	2	5
380690	1	8920	1	2
380691	3	290378	8	11
380696	4	8924	4	8
380705	5	380704	4	9
380718	3	380717	4	7
380722	10	380721	7	17
380726	3	380725	3	6
380731	2	380730	5	7
380737	5	8958	1	6
380739	4	8963	9	13
380745	5	8966	4	9
380750	11	380749	6	17
380753	2	380752	4	6
380766	3	380765	3	6
380773	3	380772	3	6
380777	3	380776	2	5
380784	7	380783	9	16
380786	7	380785	6	13
380789	2	380788	1	3
380791	6	380790	72	78
380793	9	380792	7	16
380800	4	9025	3	7
380804	3	380803	4	7
380810	2	380809	4	6
380825	4	380824	4	8
380836	2	380835	3	5
380846	7	380845	10	17
380849	26	380848	2	28
380871	2	380870	2	4
380880	4	380879	3	7
380885	1	380884	1	2
380895	2	380894	5	7
380900	3	380899	3	6
380912	1	380911	1	2
380925	5	380924	3	8
380940	2	380939	2	4
380956	13	380955	3	16
380958	2	380957	3	5
380960	3	9149	2	5
380973	2	380972	3	5
380978	4	380977	4	8
380982	3	380981	4	7
380990	7	380989	2	9
380999	2	380998	1	3
381001	6	9167	3	9
381025	4	9186	4	8
381028	5	381027	3	8
381043	2	381042	2	4
381050	3	381049	4	7
381051	13	9212	1	14
381054	7	381053	2	9
381060	1	381059	12	13
381080	3	381079	3	6
381110	5	381109	3	8
381115	1	381114	7	8
381118	6	381117	1	7
381121	27	381120	1	28
381132	7	381131	1	8
381138	1	381137	4	5
381141	11	381140	2	13
381157	3	381156	2	5
381162	7	381161	9	16
381165	6	381164	3	9
381170	5	381169	5	10
381178	2	381177	1	3
381180	4	381179	2	6
381187	4	381186	3	7
381189	4	9340	76	80
381192	5	381191	5	10
381228	2	381227	3	5
381273	3	381272	2	5
381285	6	381284	5	11
381301	4	381300	3	7
381309	4	381308	4	8
381310	6	815926	2	8
381315	3	381314	4	7
381326	3	381325	1	4
381330	7	381329	2	9
381338	8	381337	5	13
381344	3	381343	15	18
381349	5	381348	1	6
381352	7	381351	5	12
381357	4	381356	1	5
381366	13	381365	6	19
381369	2	381368	11	13
381374	4	381373	12	16
381384	1	815951	4	5
381386	9	9603	3	12
381393	4	381392	9	13
381399	2	381398	7	9
381400	5	9615	1	6
381402	4	381401	1	5
381408	9	381407	4	13
381431	4	381430	7	11
381436	12	381435	3	15
381442	1	381441	7	8
381444	1	381443	5	6
381451	7	381450	1	8
381456	2	381455	3	5
381461	3	381460	2	5
381466	3	815982	2	5
381469	7	381468	7	14
381472	4	381471	3	7
381475	4	381474	1	5
381478	4	381477	1	5
381484	6	381483	3	9
381494	1	381493	3	4
381498	1	381497	1	2
381504	8	381503	4	12
381519	3	381518	9	12
381524	1	381523	2	3
381526	5	990970	4	9
381544	4	381543	4	8
381555	2	381554	2	4
381559	5	381558	2	7
381561	5	381560	1	6
381563	4	381562	9	13
381570	10	381569	4	14
381575	7	9766	1	8
381577	2	381576	3	5
381579	6	381578	7	13
381586	6	9780	1	7
381592	5	381591	2	7
381598	7	9790	3	10
381601	4	381600	5	9
381607	5	381606	8	13
381612	1	381611	3	4
381613	9	9807	4	13
381619	2	381618	6	8
381625	12	381624	7	19
381650	3	9850	1	4
381656	1	381655	4	5
381667	3	381666	4	7
381672	5	381671	2	7
381684	6	381683	5	11
381710	7	381709	5	12
381711	16	9945	16	32
381713	21	381712	7	28
381715	2	381714	4	6
381734	1	381733	3	4
381749	2	381748	3	5
381750	4	9967	5	9
381779	4	381778	6	10
381782	5	381781	4	9
381783	2	816118	3	5
381789	1	381788	3	4
381796	14	381795	4	18
381804	5	381803	1	6
381818	4	381817	3	7
381830	3	381829	2	5
381858	6	381857	4	10
381863	5	381862	1	6
381871	1	381870	2	3
381878	1	381877	2	3
381880	2	381879	7	9
381882	1	381881	2	3
381883	5	10098	11	16
381904	4	381903	2	6
381911	2	381910	1	3
381913	3	381912	3	6
381915	4	381914	2	6
381921	7	381920	4	11
381929	6	381928	11	17
381930	4	816168	9	13
381971	2	381970	2	4
381981	2	10178	12	14
381984	1	381983	3	4
381989	5	381988	9	14
381994	2	381993	3	5
382006	2	382005	3	5
382014	1	382013	1	2
382017	1	382016	1	2
382054	6	382053	4	10
382057	10	382056	6	16
382065	4	382064	4	8
382075	2	10265	3	5
382083	5	382082	2	7
382085	1	382084	2	3
382092	1	382091	3	4
382097	7	382096	8	15
382099	2	382098	6	8
382111	4	10302	1	5
382117	1	382116	1	2
382132	2	382131	3	5
382141	4	10328	14	18
382155	3	382154	8	11
382170	1	382169	5	6
382172	4	382171	1	5
382175	8	382174	1	9
382177	4	382176	2	6
382180	2	382179	2	4
382193	7	10383	1	8
382199	2	382198	2	4
382230	4	382229	1	5
382233	4	382232	1	5
382237	1	382236	5	6
382242	3	382241	3	6
382245	4	382244	7	11
382248	3	382247	2	5
382250	5	10446	5	10
382252	1	382251	2	3
382265	1	816321	1	2
382280	1	382279	3	4
382282	1	382281	5	6
382285	9	382284	9	18
382295	4	382294	2	6
382298	2	290714	19	21
382307	2	382306	4	6
382309	4	382308	7	11
382317	1	382316	2	3
382319	2	382318	3	5
382325	3	382324	6	9
382329	3	382328	5	8
382333	1	10531	3	4
382334	1	10533	2	3
382336	1	382335	2	3
382341	4	382339	11	15
382361	2	382360	2	4
382363	4	382362	3	7
382386	2	382385	1	3
382388	3	382387	5	8
382401	2	382400	3	5
382406	2	382405	7	9
382410	2	382409	1	3
382412	3	382411	1	4
382418	1	382417	3	4
382427	6	382426	10	16
382433	5	382432	2	7
382440	1	382439	3	4
382465	1	382464	1	2
382503	3	382502	2	5
382515	1	382514	1	2
382526	10	382525	7	17
382528	5	10724	4	9
382540	6	382539	7	13
382545	5	382544	5	10
382552	1	382551	3	4
382567	5	382566	16	21
382589	4	382588	3	7
382607	18	382606	7	25
382640	7	10829	8	15
382652	6	382651	1	7
382661	3	382660	2	5
382677	6	382676	11	17
382684	3	382683	3	6
382690	2	382689	2	4
382700	5	382699	2	7
382712	2	382711	2	4
382714	1	382713	5	6
382716	1	382715	1	2
382721	1	382720	1	2
382728	1	382727	3	4
382731	1	10935	2	3
382738	7	382737	5	12
382745	1	382744	3	4
382748	1	382747	1	2
382750	2	816538	26	28
382753	3	382752	1	4
382761	2	382760	1	3
382765	11	816544	2	13
382776	2	382775	6	8
382781	2	382780	6	8
382784	6	382783	1	7
382797	2	382796	1	3
382811	4	816561	1	5
382820	1	382819	2	3
382821	3	816564	2	5
382843	2	382842	5	7
382851	5	382850	3	8
382859	3	382858	15	18
382873	3	11049	12	15
382879	2	382878	7	9
382885	3	816582	2	5
382887	2	382886	1	3
382889	2	382888	3	5
382895	2	382894	4	6
382898	5	382897	4	9
382901	3	382900	3	6
382908	5	382907	3	8
382919	2	382918	4	6
382922	5	11090	3	8
382927	3	290870	2	5
382929	2	382928	4	6
382932	3	382931	6	9
382944	2	382943	3	5
382961	5	382960	1	6
382963	3	11133	3	6
382970	6	382969	7	13
382977	8	382976	2	10
382981	10	382980	5	15
382989	5	382988	2	7
383010	5	383009	2	7
383012	6	383011	1	7
383021	3	383020	6	9
383027	5	383026	5	10
383030	4	383029	5	9
383038	2	290896	2	4
383046	2	383045	3	5
383049	1	383048	1	2
383052	2	383051	1	3
383055	2	383054	5	7
383070	24	290907	4	28
383075	1	383074	1	2
383081	4	383080	1	5
383082	1	11259	3	4
383088	3	383087	1	4
383095	3	383094	1	4
383098	2	383097	1	3
383099	2	290915	12	14
383101	5	383100	16	21
383103	6	383102	2	8
383106	3	383105	9	12
383109	5	383108	4	9
383115	7	383114	3	10
383121	2	383120	3	5
383133	1	383132	4	5
383138	1	383137	2	3
383150	3	383149	3	6
383153	1	383152	2	3
383161	10	383160	5	15
383168	1	383167	4	5
383175	3	383174	4	7
383177	4	383176	4	8
383181	11	383180	3	14
383183	2	383182	3	5
383186	5	383185	2	7
383188	5	383187	3	8
383199	3	383198	1	4
383203	3	383202	3	6
383208	2	383207	4	6
383211	5	383210	1	6
383224	2	383223	3	5
383229	2	383228	2	4
383234	1	11410	1	2
383244	3	816749	2	5
383255	3	383254	3	6
383275	6	290963	3	9
383278	4	11454	3	7
383280	2	383279	4	6
383284	4	383283	6	10
383293	5	383292	3	8
383300	1	383299	3	4
383305	3	383304	2	5
383328	8	383327	1	9
383341	2	383340	1	3
383353	2	383352	4	6
383372	2	383371	1	3
383373	2	11582	3	5
383375	1	383374	2	3
383385	2	383384	8	10
383396	1	383395	2	3
383408	3	383407	1	4
383418	4	383417	1	5
383429	3	11631	4	7
383437	2	383436	3	5
383442	3	383441	1	4
383459	2	383458	3	5
383462	2	383461	1	3
383465	2	11656	2	4
383471	1	383470	4	5
383496	6	383495	2	8
383510	4	383509	1	5
383524	1	383523	1	2
383529	2	383528	2	4
383538	1	11704	2	3
383544	3	383543	1	4
383551	7	383550	4	11
383566	2	383565	1	3
383569	3	383568	2	5
383586	1	383585	3	4
383592	3	383591	3	6
383595	3	383594	4	7
383600	1	383599	6	7
383608	2	11764	3	5
383634	2	383633	2	4
383641	1	383640	6	7
383643	3	383642	6	9
383665	3	383664	11	14
383668	11	383667	1	12
383676	2	383675	1	3
383678	9	383677	5	14
383680	2	383679	2	4
383690	3	383689	3	6
383694	5	383693	2	7
383698	2	383697	2	4
383703	4	383702	3	7
383708	2	383707	1	3
383712	4	383711	4	8
383726	3	383725	4	7
383748	5	11879	1	6
383753	1	383752	2	3
383754	1	816948	1	2
383758	2	383757	4	6
383773	3	383772	4	7
383777	5	383776	3	8
383780	2	383779	3	5
383798	2	383797	1	3
383801	2	383800	2	4
383805	2	383804	2	4
383809	1	383808	2	3
383815	5	383814	7	12
383818	1	383817	12	13
383827	1	11967	1	2
383837	1	383836	1	2
383850	3	383849	10	13
383863	1	383862	4	5
383865	3	383864	7	10
383867	1	383866	3	4
383869	1	383868	1	2
383871	2	816991	7	9
383874	2	12009	2	4
383878	2	383877	1	3
383887	5	383886	1	6
383910	1	383909	3	4
383919	4	383918	3	7
383922	1	12071	1	2
383924	1	383923	4	5
383931	4	383930	6	10
383938	6	383937	5	11
383945	3	12084	9	12
383952	1	383951	7	8
383955	6	383954	4	10
383957	3	383956	1	4
383959	6	383958	2	8
383965	1	383964	2	3
383968	2	383967	6	8
383970	4	383969	3	7
383980	1	383979	1	2
383983	9	383982	1	10
383987	2	383986	2	4
383997	2	383996	2	4
384007	1	384006	2	3
384013	1	384012	1	2
384026	2	12133	1	3
384049	3	384048	1	4
384063	3	384062	3	6
384068	2	384067	2	4
384086	4	384085	1	5
384087	3	291138	1	4
384089	9	384088	4	13
384099	5	384098	2	7
384104	2	384103	10	12
384116	3	12238	2	5
384122	10	384121	6	16
384132	2	384131	3	5
384139	1	384138	1	2
384145	2	12302	21	23
384151	4	384150	1	5
384158	1	384157	2	3
384167	1	12329	3	4
384176	2	384175	2	4
384178	3	12341	2	5
384203	3	384202	1	4
384207	2	384206	3	5
384210	1	12376	1	2
384212	15	384211	3	18
384220	1	384219	6	7
384223	4	12391	3	7
384236	3	384235	13	16
384238	4	384237	8	12
384255	10	384254	13	23
384257	6	384256	1	7
384263	2	384262	2	4
384265	1	384264	4	5
384269	9	384268	2	11
384286	2	12459	5	7
384301	3	384300	3	6
384305	6	384304	1	7
384307	1	384306	2	3
384313	3	384312	1	4
384323	2	384322	6	8
384339	1	12525	2	3
384344	3	384343	6	9
384346	3	12533	32	35
384354	1	384353	1	2
384363	2	384362	7	9
384371	1	384370	2	3
384374	2	384373	2	4
384380	1	384379	1	2
384395	2	384394	4	6
384400	3	384399	1	4
384404	1	291244	5	6
384406	2	12608	2	4
384408	1	384407	3	4
384410	12	384409	6	18
384417	4	384416	6	10
384423	2	384422	3	5
384432	8	384431	3	11
384434	1	384433	1	2
384441	4	384440	2	6
384444	2	384443	8	10
384447	3	384446	2	5
384469	5	384468	2	7
384482	7	384481	4	11
384492	5	384491	2	7
384507	3	384506	4	7
384509	6	384508	8	14
384512	2	384511	4	6
384530	3	384529	1	4
384533	7	384532	3	10
384540	9	384539	2	11
384545	1	384544	3	4
384554	1	384553	3	4
384556	7	384555	8	15
384558	2	384557	7	9
384562	1	384561	1	2
384588	6	384587	1	7
384591	7	384590	4	11
384595	4	384594	8	12
384602	2	384601	7	9
384605	2	384604	6	8
384612	5	384611	4	9
384623	5	384622	2	7
384625	4	384624	7	11
384627	5	384626	4	9
384635	2	817303	3	5
384638	1	384637	1	2
384647	3	384646	31	34
384657	4	12820	5	9
384668	6	384667	2	8
384683	2	384682	4	6
384688	3	12838	3	6
384690	1	384687	1	2
384691	4	12839	2	6
384695	4	384694	6	10
384696	10	12850	5	15
384704	6	384703	11	17
384706	12	12874	3	15
384710	5	384709	9	14
384713	7	384712	12	19
384718	5	12900	8	13
384722	1	384721	22	23
384729	6	384728	3	9
384743	4	384742	7	11
384745	6	384744	3	9
384748	2	291330	6	8
384750	2	384749	3	5
384757	2	384756	1	3
384759	1	384758	2	3
384765	7	817354	3	10
384777	3	384776	2	5
384781	8	384780	5	13
384791	16	384790	17	33
384794	7	384793	9	16
384795	5	817363	10	15
384805	10	384804	6	16
384809	9	384808	5	14
384815	3	12966	2	5
384819	6	384818	4	10
384830	1	12972	1	2
384845	2	384844	1	3
384848	2	384847	3	5
384852	5	384851	1	6
384856	28	384855	3	31
384860	4	384859	2	6
384870	2	291352	2	4
384882	2	384881	3	5
384887	3	13033	1	4
384890	3	384889	3	6
384912	5	384911	5	10
384930	1	13090	3	4
384939	1	384938	1	2
384941	3	384940	5	8
384950	2	384949	3	5
384966	5	384965	9	14
384968	4	384967	5	9
384972	2	384971	5	7
384985	5	384984	1	6
384988	1	384987	3	4
384994	4	384993	3	7
385007	4	385006	1	5
385011	2	385010	6	8
385021	1	385020	2	3
385023	1	385022	3	4
385028	2	385027	10	12
385032	3	385031	4	7
385036	2	385035	2	4
385038	1	385037	5	6
385040	2	385039	2	4
385049	2	385048	2	4
385051	1	385050	7	8
385054	2	385053	3	5
385064	1	385063	1	2
385069	2	385068	3	5
385107	3	13320	1	4
385112	9	385111	3	12
385117	2	291429	4	6
385120	2	385119	11	13
385123	4	13332	2	6
385136	32	385135	5	37
385142	4	385141	4	8
385144	1	385143	2	3
385150	6	13355	1	7
385155	2	385154	2	4
385178	1	385177	3	4
385185	2	385184	4	6
385202	2	385201	1	3
385248	1	385247	1	2
385251	3	385250	2	5
385264	1	385263	1	2
385268	3	385267	1	4
385282	1	385281	1	2
385285	1	385284	3	4
385291	4	385290	2	6
385299	2	385298	1	3
385307	1	385306	1	2
385310	1	13511	2	3
385312	2	385311	3	5
385314	1	13525	1	2
385322	3	385321	1	4
385324	1	385323	1	2
385338	2	385337	2	4
385341	1	385340	3	4
385345	1	385344	2	3
385354	10	385353	8	18
385374	2	385373	1	3
385376	5	385375	4	9
385383	1	385382	2	3
385388	5	385387	1	6
385401	8	385400	6	14
385419	2	385418	2	4
385423	1	385422	1	2
385425	1	385424	2	3
385432	1	385431	6	7
385455	1	385454	2	3
385462	1	385460	5	6
385464	1	385463	1	2
385466	3	385465	5	8
385475	4	385474	3	7
385490	4	385489	8	12
385495	3	385494	3	6
385498	2	385497	5	7
385501	3	385500	5	8
385507	2	385506	3	5
385510	5	385509	5	10
385514	9	385513	11	20
385519	10	385518	10	20
385530	2	385529	1	3
385535	5	385534	1	6
385542	2	385541	2	4
385544	6	13785	1	7
385546	2	385545	4	6
385552	6	385551	4	10
385557	11	385556	2	13
385565	2	385564	3	5
385567	2	385566	2	4
385573	4	385572	2	6
385586	6	385585	6	12
385590	1	385589	2	3
385591	6	13831	6	12
385600	1	385599	1	2
385610	1	13843	1	2
385613	2	385612	1	3
385627	5	385626	1	6
385632	2	385631	1	3
385638	4	385637	4	8
385643	14	385642	2	16
385646	7	385645	7	14
385654	11	385653	4	15
385659	6	385658	140	146
385667	5	385666	4	9
385669	4	385668	3	7
385678	4	13934	7	11
385685	7	13942	6	13
385689	9	385688	2	11
385697	1	385696	3	4
385699	1	385698	1	2
385730	4	385729	1	5
385740	6	13998	2	8
385748	4	385747	2	6
385773	22	385772	3	25
385792	4	385791	3	7
385794	5	385793	6	11
385799	24	14044	6	30
385803	4	385802	3	7
385808	9	14065	7	16
385810	5	385809	3	8
385814	4	385813	3	7
385816	2	385815	5	7
385819	11	385818	5	16
385820	10	14078	1	11
385828	2	14089	2	4
385834	4	14105	2	6
385838	1	385837	2	3
385848	12	385847	3	15
385850	1	385849	5	6
385857	8	385856	2	10
385861	1	385860	5	6
385863	5	385862	9	14
385865	1	385864	5	6
385867	12	385866	14	26
385869	1	14140	2	3
385874	5	385873	2	7
385877	2	385876	6	8
385879	1	14148	6	7
385886	5	385885	2	7
385889	6	14165	1	7
385893	12	385892	6	18
385897	7	385896	3	10
385904	4	385903	4	8
385906	2	385905	2	4
385927	5	14199	2	7
385929	2	385928	3	5
385933	14	291654	4	18
385941	2	385940	1	3
385945	4	385944	3	7
385955	2	385954	6	8
385980	2	14245	3	5
385983	2	385982	5	7
385985	9	385984	1	10
385987	4	385986	4	8
385994	2	385993	3	5
385998	1	385997	4	5
386001	10	386000	3	13
386005	1	386004	2	3
386008	2	386007	2	4
386020	1	14283	4	5
386023	3	386022	3	6
386026	2	14285	4	6
386028	2	386027	7	9
386034	7	386033	4	11
386035	3	14310	4	7
386038	8	386037	5	13
386045	5	386044	4	9
386048	7	386047	1	8
386054	9	14324	4	13
386058	3	386057	4	7
386066	1	14333	3	4
386071	2	386070	1	3
386076	2	386075	2	4
386096	4	386095	4	8
386102	35	386101	13	48
386104	7	386103	4	11
386107	7	386106	5	12
386114	3	386113	2	5
386124	5	386123	4	9
386130	2	386129	1	3
386132	8	386131	2	10
386143	1	386142	5	6
386146	1	386145	3	4
386153	1	386152	1	2
386159	2	386158	1	3
386167	2	386166	1	3
386171	2	14424	1	3
386189	3	386188	3	6
386191	4	386190	4	8
386202	5	386201	4	9
386203	2	14470	4	6
386207	2	386206	2	4
386214	1	386213	5	6
386216	2	386215	2	4
386229	4	386228	9	13
386238	2	386237	2	4
386245	4	386244	3	7
386250	4	386249	7	11
386262	3	386261	2	5
386265	10	386264	13	23
386267	5	386266	8	13
386275	29	386274	1	30
386284	1	386283	3	4
386299	1	386298	1	2
386302	13	386301	7	20
386310	3	386309	3	6
386323	1	386322	2	3
386332	4	386331	6	10
386338	5	386337	3	8
386344	8	386343	6	14
386349	2	14584	1	3
386359	5	386358	1	6
386363	3	14604	3	6
386368	2	386367	2	4
386370	2	386369	2	4
386378	1	386377	1	2
386384	2	386383	3	5
386403	10	386402	2	12
386418	5	386417	1	6
386431	7	386430	2	9
386435	4	386434	3	7
386448	4	386447	3	7
386450	1	386449	2	3
386454	4	386453	4	8
386456	2	386455	5	7
386462	2	386461	2	4
386469	1	386468	1	2
386475	3	386474	1	4
386489	3	386488	3	6
386491	3	386490	3	6
386493	1	386492	2	3
386495	2	386494	5	7
386508	1	386507	1	2
386511	2	386510	1	3
386520	3	386519	3	6
386524	4	386523	4	8
386541	1	386540	3	4
386574	5	386573	5	10
386581	5	14840	4	9
386587	4	386586	1	5
386589	1	386588	3	4
386593	6	386592	3	9
386597	1	386596	3	4
386601	2	14858	1	3
386603	3	386602	2	5
386613	2	386612	2	4
386617	3	386616	4	7
386620	2	386619	6	8
386634	5	386633	6	11
386638	1	818075	3	4
386646	3	386645	2	5
386652	4	386651	3	7
386657	4	14906	4	8
386660	1	386659	6	7
386662	5	386661	3	8
386666	2	386665	2	4
386669	35	291845	30	65
386677	1	386676	2	3
386691	3	386690	1	4
386706	2	386705	1	3
386712	3	386711	4	7
386715	2	386714	3	5
386720	2	386719	4	6
386722	2	386721	1	3
386726	8	386725	1	9
386739	4	386738	4	8
386748	3	386747	2	5
386764	1	386763	10	11
386768	2	386767	2	4
386777	1	386776	1	2
386788	2	386787	4	6
386799	3	15055	3	6
386800	2	15060	1	3
386802	1	818139	1	2
386806	5	386805	2	7
386807	7	15072	1	8
386838	1	386837	3	4
386840	1	386839	1	2
386857	2	386856	2	4
386859	2	386858	7	9
386865	2	15169	1	3
386869	2	386868	2	4
386887	5	386886	2	7
386895	1	386894	1	2
386912	2	386911	1	3
386917	3	386916	2	5
386948	7	386947	3	10
386961	1	386960	1	2
386966	7	386965	12	19
386968	1	386967	1	2
386979	2	386978	1	3
386993	5	386992	1	6
387006	1	387005	2	3
387015	1	387014	52	53
387023	10	387022	3	13
387037	1	291954	16	17
387048	3	387047	4	7
387055	5	387054	1	6
387064	6	387063	6	12
387070	1	15418	2	3
387085	1	387084	1	2
387087	1	387086	3	4
387091	3	387090	37	40
387099	1	387098	1	2
387103	4	387102	1	5
387106	5	387105	3	8
387111	2	387110	1	3
387119	4	387118	5	9
387138	7	387137	4	11
387142	5	387141	4	9
387151	5	387150	6	11
387154	2	387153	1	3
387156	4	387155	8	12
387158	5	15477	16	21
387160	3	387159	5	8
387162	3	387161	2	5
387164	8	387163	5	13
387174	2	387173	2	4
387178	2	15490	1	3
387180	2	387179	6	8
387183	1	387182	4	5
387184	1	15496	3	4
387188	2	387187	4	6
387193	4	387192	3	7
387195	1	387194	10	11
387200	3	15508	2	5
387210	7	387209	4	11
387212	1	387211	1	2
387220	2	387219	2	4
387237	1	387236	9	10
387245	1	387244	3	4
387256	8	387255	2	10
387263	3	387262	3	6
387265	9	387264	4	13
387267	2	387266	1	3
387269	1	15575	1	2
387277	7	387276	2	9
387286	2	387285	21	23
387291	4	291999	6	10
387294	5	387293	5	10
387295	4	15604	2	6
387299	8	387298	1	9
387305	11	387304	12	23
387307	3	387306	7	10
387309	3	387308	3	6
387312	5	387311	4	9
387315	12	387314	3	15
387318	2	387317	1	3
387346	13	387345	4	17
387356	3	387355	3	6
387371	7	292016	2	9
387377	4	387376	7	11
387381	3	387380	2	5
387388	2	387387	8	10
387390	7	387389	4	11
387393	3	387392	5	8
387396	12	387395	8	20
387400	1	387399	6	7
387404	4	387403	2	6
387406	1	387405	1	2
387413	1	387412	6	7
387420	2	387419	1	3
387423	7	387422	11	18
387436	10	387435	4	14
387444	5	818417	1	6
387457	2	387456	1	3
387469	2	15721	2	4
387475	9	15727	10	19
387478	6	387477	14	20
387491	2	387490	5	7
387493	3	387492	1	4
387496	1	387495	1	2
387501	2	387500	1	3
387506	3	387505	4	7
387529	3	387528	1	4
387531	4	387530	3	7
387545	2	387544	1	3
387551	4	387550	4	8
387578	2	387577	2	4
387582	1	387581	3	4
387591	4	15881	8	12
387597	1	387596	8	9
387605	1	387604	3	4
387608	1	387607	4	5
387629	4	387628	7	11
387631	6	292091	4	10
387639	9	387638	4	13
387650	10	387649	1	11
387665	1	387664	3	4
387695	4	16007	2	6
387697	6	387696	4	10
387720	8	387719	2	10
387736	4	387735	5	9
387745	3	16057	5	8
387749	1	387748	1	2
387763	1	387762	2	3
387774	2	387773	1	3
387780	2	387779	4	6
387782	3	292147	13	16
387791	3	387790	2	5
387804	3	387803	1	4
387808	1	387807	2	3
387825	5	387824	4	9
387827	3	387826	3	6
387838	3	387837	2	5
387843	4	387842	12	16
387846	3	387845	3	6
387848	9	387847	24	33
387854	2	387853	1	3
387858	2	387857	2	4
387860	3	387859	1	4
387877	3	16177	5	8
387890	3	16202	1	4
387895	4	387894	7	11
387898	5	387897	1	6
387901	1	387900	1	2
387903	1	387902	4	5
387914	2	387913	2	4
387917	6	387916	2	8
387930	1	387929	2	3
387936	7	387935	2	9
387939	3	387938	1	4
387943	6	387942	2	8
387964	3	387963	4	7
387967	3	387966	6	9
387973	5	387972	2	7
387996	2	387995	2	4
387997	1	16318	2	3
388006	1	388005	3	4
388009	3	16336	3	6
388013	1	388012	2	3
388026	2	388025	1	3
388041	1	388040	3	4
388061	2	388060	3	5
388063	2	388062	5	7
388073	1	388072	1	2
388075	2	388074	3	5
388089	3	16433	3	6
388094	3	388093	4	7
388097	1	388096	1	2
388108	1	388107	4	5
388110	1	16464	2	3
388113	3	388112	2	5
388119	7	388118	1	8
388131	3	388130	1	4
388141	1	388140	2	3
388159	5	388158	6	11
388161	5	16501	18	23
388165	1	388164	1	2
388174	1	388173	5	6
388182	5	388181	4	9
388191	2	388190	2	4
388193	4	16546	7	11
388195	2	388194	2	4
388209	7	388208	2	9
388211	1	388210	1	2
388222	2	388221	3	5
388227	4	388226	8	12
388229	1	16599	9	10
388233	4	388232	4	8
388243	4	388242	11	15
388248	2	388247	2	4
388250	3	388249	6	9
388254	8	388253	2	10
388260	5	388259	3	8
388273	8	388272	6	14
388277	9	388276	9	18
388279	7	388278	12	19
388290	2	388289	5	7
388291	19	818785	4	23
388294	4	388293	4	8
388303	8	388302	10	18
388306	6	388305	7	13
388309	7	388308	10	17
388312	1	388311	1	2
388326	2	388325	13	15
388333	4	388332	3	7
388335	4	388334	16	20
388337	6	388336	6	12
388354	9	388353	11	20
388355	11	16708	11	22
388359	3	388358	2	5
388362	5	388361	2	7
388368	2	16717	2	4
388372	2	388371	1	3
388374	2	388373	3	5
388377	1	388376	2	3
388382	1	388381	3	4
388393	3	388392	3	6
388402	1	388401	7	8
388405	7	388404	10	17
388410	1	388409	1	2
388412	4	388411	3	7
388416	3	388415	2	5
388418	2	16776	5	7
388437	3	388436	4	7
388449	1	388448	2	3
388459	1	16824	2	3
388462	1	388461	1	2
388467	2	388466	3	5
388469	2	388468	3	5
388475	2	388474	3	5
388483	9	388482	3	12
388486	6	388485	1	7
388488	1	818875	4	5
388492	8	388491	6	14
388495	6	388494	13	19
388499	3	388498	4	7
388502	5	388501	2	7
388504	7	388503	36	43
388509	9	388508	4	13
388516	1	388515	2	3
388519	4	388518	1	5
388523	3	388522	4	7
388527	5	388526	3	8
388530	3	388529	6	9
388532	10	388531	6	16
388534	15	388533	8	23
388548	7	388547	4	11
388554	7	388553	4	11
388558	12	388557	3	15
388561	6	388560	3	9
388563	9	388562	6	15
388571	3	388570	10	13
388573	3	388572	1	4
388579	5	388578	15	20
388587	8	388586	10	18
388590	7	388589	6	13
388595	6	388594	6	12
388601	2	388600	8	10
388610	8	388609	5	13
388616	4	388615	5	9
388619	4	388618	6	10
388621	3	388620	7	10
388623	3	388622	8	11
388627	2	16943	2	4
388630	6	388629	3	9
388634	1	388633	3	4
388640	10	388639	4	14
388649	16	388648	12	28
388656	7	388655	13	20
388660	1	388659	5	6
388664	3	16973	9	12
388670	10	388669	3	13
388676	1	388675	1	2
388699	7	17026	10	17
388712	3	388711	3	6
388728	2	388727	2	4
388730	1	388729	2	3
388739	4	17048	5	9
388741	7	388740	7	14
388745	2	388744	4	6
388748	3	388747	5	8
388754	4	17063	3	7
388789	9	388788	15	24
388792	3	388791	1	4
388798	5	388797	1	6
388816	2	388815	4	6
388824	5	388823	3	8
388826	5	388825	5	10
388836	8	818991	4	12
388838	1	388837	1	2
388847	4	388846	4	8
388850	2	388849	4	6
388852	1	388851	2	3
388861	2	388860	4	6
388874	4	388873	5	9
388881	2	388880	5	7
388885	1	388884	3	4
388888	6	388887	1	7
388890	1	388889	1	2
388893	2	388892	3	5
388904	5	388903	7	12
388907	4	17191	2	6
388915	1	388914	2	3
388926	1	17216	3	4
388933	3	388932	3	6
388936	1	388935	2	3
388952	1	17236	2	3
388954	1	17237	2	3
388961	1	388960	2	3
388974	8	388973	4	12
388977	9	388976	10	19
388980	2	17270	3	5
389000	1	388999	1	2
389009	1	389008	3	4
389012	1	389011	2	3
389019	18	389018	5	23
389024	1	389023	2	3
389033	1	389032	1	2
389043	12	389042	6	18
389049	2	389048	5	7
389053	3	389052	1	4
389055	2	17313	1	3
389057	3	389056	4	7
389060	1	389059	3	4
389062	2	389061	1	3
389071	6	389070	4	10
389075	5	819081	4	9
389077	2	389076	2	4
389080	4	389079	4	8
389088	2	389087	7	9
389092	1	389091	2	3
389102	5	389101	4	9
389116	2	389115	1	3
389117	1	17356	1	2
389123	1	389122	3	4
389124	5	819098	3	8
389129	1	389128	2	3
389132	3	389131	1	4
389138	4	17373	1	5
389146	11	389145	2	13
389162	3	389161	3	6
389168	7	389167	3	10
389171	5	389170	3	8
389179	2	389178	2	4
389181	2	389180	1	3
389189	5	389188	3	8
389193	4	389192	2	6
389195	7	389194	1	8
389202	11	389201	2	13
389211	4	389210	12	16
389214	10	389213	4	14
389216	6	389215	3	9
389219	9	389218	3	12
389222	3	389221	4	7
389224	3	389223	2	5
389234	5	819134	2	7
389239	2	389238	4	6
389241	1	389240	4	5
389243	4	389242	4	8
389254	1	389253	1	2
389266	2	389265	3	5
389269	7	389268	93	100
389273	3	389272	1	4
389277	6	389276	15	21
389283	6	389282	1	7
389295	1	389294	2	3
389312	2	389311	1	3
389317	1	389316	3	4
389324	1	389323	1	2
389325	5	17551	2	7
389330	1	389329	5	6
389337	5	389336	5	10
389344	3	389343	4	7
389346	3	389345	3	6
389349	5	389348	1	6
389365	3	389364	5	8
389370	2	389369	4	6
389380	2	389378	1	3
389391	1	17604	3	4
389396	4	17613	2	6
389401	1	389400	1	2
389407	1	389406	10	11
389431	13	389430	3	16
389433	2	389432	2	4
389439	2	389438	6	8
389443	4	389442	2	6
389444	9	819219	10	19
389452	3	389451	7	10
389457	3	389456	5	8
389460	9	389459	5	14
389473	2	389472	4	6
389488	12	389487	3	15
389490	4	17662	2	6
389492	9	292523	14	23
389496	4	389495	1	5
389506	12	389505	7	19
389535	3	389534	6	9
389538	4	292536	4	8
389541	9	389540	11	20
389545	1	389544	9	10
389547	4	292537	1	5
389552	2	389551	2	4
389557	2	17721	7	9
389564	3	389563	10	13
389566	13	389565	3	16
389574	4	389573	3	7
389582	3	389581	5	8
389590	1	389589	5	6
389613	12	389612	8	20
389616	8	389615	13	21
389622	11	17764	10	21
389624	4	389623	11	15
389626	11	389625	11	22
389641	3	389640	1	4
389642	3	292552	1	4
389645	3	389644	2	5
389651	1	389650	3	4
389654	2	389653	5	7
389660	1	389659	2	3
389664	1	389663	4	5
389673	3	389672	3	6
389675	5	389674	4	9
389699	5	389698	3	8
389708	3	389707	4	7
389710	1	389709	1	2
389725	1	17841	2	3
389733	1	17854	1	2
389735	2	389734	2	4
389772	1	389771	2	3
389779	2	389778	1	3
389809	2	389808	2	4
389818	4	389817	4	8
389823	2	389822	5	7
389825	19	389824	8	27
389830	4	389829	6	10
389832	3	389831	1	4
389838	4	17988	2	6
389842	1	389841	4	5
389843	1	17994	3	4
389849	11	389848	2	13
389853	3	389852	1	4
389856	2	292608	1	3
389864	10	389863	6	16
389867	4	389866	2	6
389872	3	389871	1	4
389884	15	389883	4	19
389886	1	389885	3	4
389889	3	389888	5	8
389902	2	389901	2	4
389920	3	389919	7	10
389922	7	389921	7	14
389930	3	389929	1	4
389931	3	18051	3	6
389948	2	18058	1	3
389952	2	389951	2	4
389968	1	819416	1	2
389983	1	389982	2	3
389985	6	389984	6	12
389993	12	389992	2	14
390001	5	390000	8	13
390003	1	390002	1	2
390011	1	390010	3	4
390016	1	390015	9	10
390024	2	819449	11	13
390029	4	390028	5	9
390043	5	292649	9	14
390058	9	390057	5	14
390061	10	390060	12	22
390064	24	390063	2	26
390067	13	18162	20	33
390072	2	390071	2	4
390076	8	390075	12	20
390079	18	390078	12	30
390080	14	18178	22	36
390094	1	390093	4	5
390097	10	390096	7	17
390099	5	390098	7	12
390101	4	390100	6	10
390118	3	390117	1	4
390129	2	390128	2	4
390133	2	390132	4	6
390134	2	18221	2	4
390142	1	390141	1	2
390149	6	390148	4	10
390159	1	390158	1	2
390166	1	390165	1	2
390168	1	18250	4	5
390185	6	390184	2	8
390187	1	390186	1	2
390198	3	390197	2	5
390202	8	390201	2	10
390206	1	390205	3	4
390207	4	819515	2	6
390213	1	390212	3	4
390228	1	390227	7	8
390230	1	390229	2	3
390245	1	18341	2	3
390249	1	390248	1	2
390263	2	390262	1	3
390275	1	390274	3	4
390279	1	390278	8	9
390285	2	390284	2	4
390289	4	390288	1	5
390293	1	18418	1	2
390321	4	390320	8	12
390352	2	390351	1	3
390354	9	18505	5	14
390359	2	390358	3	5
390363	3	390362	1	4
390369	2	390368	1	3
390378	2	390377	2	4
390381	1	390380	1	2
390388	2	390387	1	3
390397	6	390396	2	8
390403	7	390402	3	10
390405	1	390404	5	6
390413	2	390412	4	6
390418	3	390417	4	7
390420	1	390419	3	4
390422	5	390421	6	11
390425	4	292770	1	5
390426	2	819612	2	4
390447	1	390446	3	4
390449	2	390448	6	8
390464	2	390463	3	5
390466	10	390465	5	15
390473	6	390472	8	14
390486	2	390485	3	5
390497	3	819635	6	9
390510	7	390509	1	8
390524	1	390523	1	2
390526	4	390525	2	6
390528	2	390527	4	6
390530	2	18644	3	5
390535	1	390534	4	5
390549	3	18656	5	8
390557	7	18673	2	9
390587	2	390586	3	5
390614	1	18728	1	2
390623	5	390622	9	14
390648	1	390647	2	3
390656	3	390655	1	4
390660	2	390659	2	4
390668	2	390667	1	3
390673	3	390672	4	7
390691	1	18843	3	4
390702	2	390701	5	7
390727	2	390726	3	5
390731	2	390730	4	6
390745	4	390744	1	5
390760	3	390759	2	5
390773	3	390772	1	4
390775	6	993938	4	10
390777	1	390776	7	8
390780	2	390779	6	8
390785	3	390784	1	4
390787	1	18914	1	2
390799	7	390798	2	9
390806	4	292892	1	5
390812	25	18940	5	30
390825	2	390824	4	6
390833	4	819759	2	6
390837	2	390836	1	3
390841	2	18959	5	7
390846	5	18967	8	13
390850	2	390849	2	4
390856	2	390855	2	4
390858	6	390857	1	7
390891	6	390890	3	9
390915	2	390914	2	4
390918	3	19051	4	7
390922	6	390921	7	13
390939	5	390938	5	10
390941	2	819805	2	4
390947	8	390946	2	10
390953	14	19081	3	17
390955	2	390954	4	6
390957	2	390956	4	6
390964	2	390963	2	4
390970	2	390969	1	3
390982	6	390981	11	17
390984	2	390983	3	5
390986	2	390985	2	4
390991	4	390990	1	5
390993	4	19134	5	9
391006	3	391005	5	8
391013	4	391012	2	6
391019	4	819838	4	8
391022	2	391021	1	3
391024	1	391023	2	3
391027	6	391026	2	8
391032	3	391031	2	5
391036	3	391035	1	4
391050	9	391049	5	14
391066	3	391065	4	7
391071	2	391070	2	4
391076	2	391075	3	5
391080	1	391079	1	2
391084	2	391083	2	4
391088	11	391087	1	12
391089	3	819862	1	4
391092	4	391091	1	5
391096	10	391095	5	15
391099	3	292958	1	4
391101	7	391100	6	13
391105	2	391104	5	7
391114	1	391113	4	5
391118	4	391117	1	5
391121	1	19245	1	2
391133	6	391132	2	8
391145	1	391144	2	3
391158	5	391157	1	6
391166	1	391165	2	3
391173	2	19292	11	13
391183	6	391182	4	10
391190	3	391189	17	20
391201	4	391200	5	9
391222	8	391221	5	13
391224	2	391223	5	7
391226	1	292988	1	2
391229	2	391228	1	3
391244	5	391243	5	10
391249	1	391248	1	2
391263	5	391262	1	6
391268	3	391267	1	4
391274	3	391273	3	6
391277	8	391276	2	10
391282	1	391281	2	3
391289	1	391288	2	3
391294	1	391293	5	6
391299	2	391298	3	5
391307	5	391306	8	13
391314	6	293004	8	14
391320	5	391319	5	10
391329	5	391328	3	8
391331	5	819946	1	6
391337	3	391336	1	4
391338	3	19447	2	5
391342	2	391341	1	3
391345	2	293011	1	3
391347	1	391346	3	4
391349	1	391348	7	8
391357	2	391356	7	9
391361	3	391360	10	13
391365	14	391364	4	18
391368	2	391367	2	4
391379	11	19465	2	13
391387	5	391386	1	6
391393	3	391392	1	4
391395	11	391394	5	16
391403	8	819977	15	23
391405	10	391404	2	12
391408	7	391407	4	11
391412	5	391411	5	10
391414	5	19485	1	6
391423	2	391422	2	4
391426	8	391425	4	12
391429	2	391428	1	3
391433	1	391432	2	3
391440	3	391439	9	12
391443	5	391442	2	7
391470	8	391469	8	16
391472	7	391471	1	8
391484	6	391483	4	10
391488	4	391487	7	11
391502	2	391501	5	7
391507	6	19542	1	7
391511	5	391510	2	7
391515	2	391514	2	4
391517	2	391516	2	4
391521	6	391520	1	7
391523	4	391522	2	6
391527	1	391526	6	7
391537	3	391536	5	8
391538	5	19568	2	7
391542	4	391541	6	10
391552	5	391551	8	13
391554	4	391553	3	7
391561	5	391560	4	9
391572	4	391571	1	5
391575	2	391574	4	6
391577	6	391576	3	9
391584	4	391583	7	11
391601	6	391600	3	9
391603	5	391602	4	9
391605	3	391604	2	5
391610	9	391609	6	15
391622	4	391621	4	8
391626	1	391625	5	6
391628	4	391627	1	5
391632	3	19605	3	6
391642	7	293059	12	19
391645	9	391644	5	14
391650	1	391649	2	3
391652	4	391651	7	11
391653	1	19612	2	3
391655	13	19613	6	19
391657	11	391656	3	14
391668	13	391667	7	20
391676	4	820077	8	12
391678	4	391677	8	12
391688	4	391687	3	7
391694	2	391693	4	6
391696	5	19623	2	7
391699	3	293062	7	10
391707	13	391706	5	18
391712	4	391711	1	5
391715	4	391714	4	8
391718	11	391717	6	17
391725	6	391724	1	7
391727	2	391726	4	6
391728	2	19649	2	4
391736	6	391735	4	10
391744	4	391743	12	16
391747	1	391746	9	10
391753	2	19656	5	7
391760	1	391759	8	9
391765	3	391764	4	7
391769	1	391768	1	2
391806	3	391805	4	7
391810	7	19678	6	13
391830	1	391829	9	10
391838	5	391837	5	10
391845	17	391844	5	22
391855	3	391854	3	6
391856	8	391853	6	14
391858	3	391857	1	4
391868	3	391867	11	14
391869	5	19718	2	7
391871	9	391870	2	11
391873	2	391872	3	5
391879	3	391878	4	7
391888	1	391887	3	4
391892	1	391891	1	2
391899	1	391898	2	3
391908	1	391907	1	2
391910	1	391909	2	3
391937	5	19751	4	9
391947	7	391946	2	9
391951	3	391950	5	8
391954	2	391953	4	6
391962	2	391961	1	3
391964	2	391963	2	4
391976	1	391975	3	4
391978	1	391977	2	3
391988	3	391987	3	6
391993	4	391991	1	5
391997	2	391996	2	4
392000	3	391999	6	9
392012	7	392011	8	15
392023	2	392022	6	8
392025	5	392024	2	7
392027	6	392026	2	8
392037	9	392036	8	17
392041	3	392040	2	5
392052	5	19852	1	6
392054	3	392053	7	10
392057	4	392056	2	6
392059	21	392058	7	28
392062	14	392061	7	21
392065	1	392064	11	12
392068	3	392067	3	6
392078	8	293119	4	12
392111	5	392110	1	6
392113	2	392112	16	18
392117	7	392116	3	10
392119	6	392118	14	20
392121	1	392120	5	6
392123	5	19874	4	9
392129	13	392128	4	17
392131	1	392130	5	6
392168	3	293129	1	4
392175	4	392174	1	5
392186	2	392185	2	4
392193	5	19917	2	7
392197	4	392196	2	6
392207	4	392206	5	9
392211	3	392210	11	14
392214	1	392213	2	3
392217	1	392216	3	4
392228	2	392227	5	7
392236	2	392235	2	4
392252	13	392251	6	19
392261	3	392260	11	14
392269	8	392268	8	16
392271	3	392270	17	20
392287	3	392286	5	8
392289	2	392288	1	3
392297	2	392296	1	3
392299	3	19982	1	4
392308	1	392307	4	5
392323	4	392322	4	8
392324	6	20015	1	7
392328	2	392327	6	8
392332	3	392331	9	12
392334	5	293154	1	6
392337	13	392336	1	14
392341	4	392340	4	8
392354	1	392353	2	3
392356	2	392355	3	5
392366	6	392365	2	8
392371	5	392370	26	31
392377	7	392376	13	20
392386	4	20043	2	6
392393	5	392392	5	10
392397	6	392396	2	8
392399	4	392398	3	7
392402	5	392401	3	8
392404	3	392403	4	7
392410	1	392409	2	3
392412	2	392411	1	3
392433	14	392432	5	19
392435	6	392434	3	9
392445	3	392444	5	8
392448	2	392447	2	4
392451	3	392450	2	5
392463	1	392462	9	10
392464	3	20091	1	4
392470	3	392469	3	6
392473	3	392472	2	5
392476	3	392475	1	4
392477	2	392474	1	3
392479	8	392478	1	9
392488	8	392487	7	15
392489	1	293170	3	4
392491	2	392490	5	7
392494	10	392493	5	15
392497	4	392496	9	13
392501	4	392500	5	9
392504	5	392503	10	15
392511	4	392510	2	6
392514	5	392513	10	15
392530	6	392529	7	13
392533	3	392532	5	8
392542	4	392541	1	5
392545	7	392544	7	14
392550	3	392549	8	11
392553	1	392552	1	2
392559	15	392558	7	22
392561	5	392560	3	8
392565	3	392564	7	10
392572	1	392571	3	4
392576	5	392575	6	11
392579	4	20134	2	6
392584	4	392583	6	10
392592	2	392591	6	8
392602	8	392601	8	16
392603	4	20148	4	8
392615	2	392614	1	3
392618	1	392617	1	2
392628	2	820405	6	8
392637	5	392636	3	8
392655	8	392654	6	14
392661	9	392660	2	11
392665	10	20191	4	14
392670	4	20201	3	7
392674	4	392673	4	8
392677	5	392676	7	12
392681	2	392680	3	5
392687	3	392686	4	7
392689	2	392688	1	3
392710	3	392709	7	10
392712	8	392711	3	11
392721	2	392720	6	8
392723	3	392722	4	7
392730	7	392729	4	11
392733	4	392732	5	9
392736	2	392735	10	12
392739	13	392738	3	16
392741	2	392740	2	4
392745	9	820464	1	10
392747	4	392746	14	18
392750	5	392749	9	14
392754	5	392753	7	12
392757	27	392756	7	34
392762	8	392761	4	12
392765	4	392764	8	12
392768	4	392767	2	6
392787	7	392786	2	9
392789	5	392788	2	7
392795	8	392794	9	17
392804	18	392803	2	20
392818	4	392817	11	15
392821	14	20262	2	16
392829	2	392828	4	6
392854	4	20286	6	10
392869	4	392868	2	6
392872	3	392871	2	5
392874	4	392873	1	5
392880	1	392879	4	5
392887	1	20301	6	7
392897	66	392896	8	74
392905	3	392904	5	8
392910	10	293236	2	12
392914	9	820515	9	18
392919	16	392918	8	24
392932	13	392931	4	17
392945	3	392944	5	8
392953	5	20333	3	8
392958	2	392957	1	3
392978	7	392977	3	10
392981	7	392980	2	9
392986	5	20353	5	10
392991	8	392990	9	17
392995	11	392994	12	23
392997	12	392996	6	18
393000	3	820543	3	6
393011	2	393010	8	10
393014	6	393013	5	11
393020	4	393019	2	6
393034	6	393033	9	15
393037	5	393036	14	19
393048	11	393047	5	16
393053	3	393052	9	12
393071	1	393070	7	8
393079	5	393078	4	9
393102	2	20410	2	4
393104	3	393103	12	15
393113	4	820584	2	6
393118	3	393117	6	9
393123	6	820588	3	9
393127	1	20422	7	8
393129	11	393128	7	18
393140	1	293275	7	8
393141	3	20430	2	5
393150	9	393149	7	16
393156	2	393155	4	6
393158	5	393157	2	7
393163	3	393162	6	9
393171	3	393170	8	11
393196	3	393195	12	15
393201	13	393200	6	19
393215	8	393214	5	13
393222	12	393221	14	26
393226	16	293280	6	22
393230	4	393229	5	9
393235	5	393234	4	9
393240	2	393239	2	4
393242	6	393241	2	8
393257	2	393256	2	4
393259	5	393258	6	11
393264	4	393263	6	10
393267	4	393266	6	10
393270	15	393269	10	25
393276	16	393275	3	19
393287	3	393286	5	8
393304	2	393303	4	6
393306	3	393305	10	13
393308	10	393307	2	12
393314	17	293292	4	21
393316	9	393315	3	12
393328	2	393327	1	3
393331	5	393330	5	10
393335	1	393334	3	4
393353	9	393352	4	13
393357	5	393356	5	10
393361	5	393360	12	17
393371	5	393370	8	13
393391	2	393390	13	15
393395	6	393394	7	13
393401	4	820673	9	13
393405	3	393404	1	4
393416	1	393415	2	3
393420	2	393419	6	8
393426	1	20542	1	2
393431	10	393430	5	15
393474	2	820702	3	5
393514	4	393513	4	8
393522	8	393521	3	11
393532	5	393531	6	11
393538	4	393537	9	13
393547	7	393546	6	13
393551	1	393550	3	4
393558	5	393557	8	13
393562	8	20607	1	9
393593	10	393592	7	17
393608	10	393607	5	15
393611	11	393610	2	13
393615	8	393614	6	14
393618	16	393617	3	19
393620	6	293331	9	15
393622	6	393621	2	8
393641	7	393640	12	19
393650	4	393649	2	6
393666	7	393665	3	10
393670	3	20644	9	12
393672	2	393671	1	3
393693	4	393692	7	11
393711	2	293348	2	4
393713	1	393712	2	3
393716	15	20667	2	17
393717	2	20668	11	13
393727	2	393726	8	10
393736	3	393735	4	7
393744	9	393743	13	22
393747	6	393746	6	12
393767	1	393766	7	8
393781	2	393780	3	5
393803	8	393802	6	14
393806	2	20716	3	5
393808	10	393807	5	15
393812	5	393811	8	13
393832	8	393831	4	12
393840	4	393839	3	7
393851	11	393850	2	13
393857	7	393856	2	9
393862	3	820864	7	10
393873	9	393872	7	16
393880	10	393879	5	15
393885	8	393884	1	9
393892	3	393891	9	12
393893	7	820873	2	9
393901	11	393900	10	21
393903	4	393902	9	13
393911	12	20740	2	14
393915	7	393914	6	13
393917	12	820885	6	18
393924	1	393923	1	2
393931	1	20751	4	5
393945	1	393944	4	5
393967	3	393966	5	8
393980	5	393979	13	18
393982	3	393981	1	4
393991	3	20759	6	9
393992	5	20760	1	6
393995	11	393994	4	15
394002	6	394001	4	10
394005	2	394004	7	9
394023	11	394022	7	18
394027	10	394026	8	18
394029	15	394028	5	20
394031	12	394030	17	29
394041	3	820923	9	12
394043	3	394042	4	7
394045	12	394044	5	17
394050	4	394049	6	10
394074	2	394073	9	11
394076	2	394075	9	11
394101	14	394100	5	19
394124	10	394123	6	16
394128	1	394127	1	2
394144	9	394143	8	17
394150	9	394149	2	11
394152	4	394151	7	11
394162	3	394161	15	18
394167	10	394166	5	15
394178	2	394177	2	4
394180	16	394179	9	25
394190	3	394189	2	5
394209	2	394208	2	4
394221	3	20832	6	9
394224	9	820984	1	10
394229	8	394228	4	12
394235	3	394234	3	6
394239	8	394238	16	24
394241	15	394240	14	29
394250	2	394249	9	11
394252	10	394251	2	12
394257	2	394256	7	9
394262	17	394261	6	23
394268	16	394267	8	24
394275	3	394274	17	20
394287	5	394286	2	7
394292	15	394291	7	22
394295	7	394294	9	16
394318	2	394317	1	3
394325	3	394324	18	21
394331	1	394330	5	6
394336	4	394335	2	6
394343	2	394342	5	7
394349	6	394348	4	10
394353	1	394352	1	2
394364	4	394363	12	16
394368	10	394367	11	21
394370	8	293404	1	9
394379	3	394378	3	6
394381	2	394380	6	8
394384	6	394383	10	16
394388	1	394387	8	9
394392	14	394391	11	25
394396	1	394395	17	18
394403	9	394402	11	20
394410	6	394409	5	11
394418	10	394417	15	25
394424	3	394423	8	11
394427	3	20886	4	7
394435	11	394434	1	12
394445	4	394444	3	7
394449	9	394448	19	28
394457	12	394456	3	15
394458	4	821067	4	8
394461	4	394460	2	6
394466	5	394465	2	7
394468	11	394467	4	15
394471	4	394470	3	7
394477	15	394476	9	24
394478	5	20905	3	8
394486	1	394485	4	5
394491	8	394490	15	23
394495	10	394494	12	22
394498	7	394497	9	16
394501	7	394500	4	11
394503	13	394502	5	18
394513	2	394512	6	8
394527	5	394526	2	7
394536	9	821099	3	12
394543	4	394542	1	5
394545	6	394544	4	10
394559	1	394558	7	8
394572	8	394571	10	18
394574	1	394573	4	5
394585	3	394584	2	5
394592	14	394591	1	15
394596	3	394595	9	12
394601	5	394600	2	7
394606	7	293424	6	13
394610	2	394609	7	9
394612	21	394611	5	26
394624	7	394623	7	14
394625	4	20967	2	6
394631	1	394630	4	5
394640	3	394639	8	11
394648	9	394647	4	13
394658	1	394657	2	3
394660	7	394659	8	15
394672	2	394671	4	6
394678	2	394677	3	5
394681	4	394680	4	8
394689	1	394688	16	17
394712	3	394711	3	6
394726	8	394725	2	10
394728	6	394727	9	15
394730	2	394729	11	13
394734	6	394733	57	63
394737	1	394736	2	3
394739	5	394738	3	8
394746	8	394745	4	12
394751	4	21038	3	7
394770	1	394769	8	9
394772	10	394771	5	15
394775	2	394774	10	12
394780	3	821179	21	24
394784	1	394783	3	4
394787	9	394786	6	15
394791	2	394790	3	5
394797	4	394796	7	11
394807	7	394806	1	8
394809	9	394808	16	25
394813	14	394812	11	25
394824	2	394823	3	5
394826	5	821200	2	7
394827	4	21049	5	9
394830	9	394829	2	11
394833	1	394832	22	23
394837	4	394836	8	12
394854	3	394853	3	6
394857	1	394856	4	5
394871	10	394870	2	12
394873	2	394872	17	19
394876	4	394875	11	15
394890	7	21069	3	10
394893	5	394892	1	6
394895	4	394894	1	5
394911	15	394910	6	21
394918	2	394917	3	5
394921	8	394920	11	19
394922	6	21073	7	13
394924	6	394923	6	12
394926	7	394925	8	15
394931	5	394930	6	11
394936	1	394935	2	3
394953	9	394952	6	15
394962	2	394961	2	4
394968	9	394967	2	11
394984	14	394983	6	20
394993	2	394992	2	4
394995	12	394994	3	15
394997	2	394996	1	3
395001	8	395000	10	18
395003	4	395002	2	6
395009	8	395008	10	18
395019	7	821261	9	16
395033	14	395032	9	23
395039	10	395038	7	17
395046	5	395045	17	22
395048	4	395047	6	10
395070	6	821282	9	15
395074	5	395073	2	7
395089	11	395088	9	20
395095	7	395094	3	10
395098	4	395097	6	10
395101	5	821294	5	10
395103	2	395102	7	9
395107	1	395106	4	5
395111	7	395110	1	8
395115	12	395114	9	21
395117	4	21100	4	8
395120	3	395119	14	17
395144	8	395143	2	10
395161	2	395160	2	4
395167	1	395166	6	7
395171	13	293467	2	15
395176	1	395175	9	10
395178	9	395177	11	20
395183	4	395182	7	11
395190	3	395189	1	4
395195	1	395194	6	7
395216	8	395215	10	18
395218	9	395217	14	23
395221	7	395220	8	15
395227	6	395226	7	13
395239	4	395238	5	9
395243	9	395242	4	13
395250	9	395249	10	19
395268	3	395267	10	13
395274	18	395273	6	24
395284	6	395283	12	18
395289	7	395288	2	9
395294	9	293477	1	10
395297	13	395296	6	19
395305	6	395304	3	9
395336	22	395335	11	33
395361	1	395360	2	3
395362	10	21192	4	14
395364	11	395363	12	23
395366	7	395365	8	15
395385	9	395384	10	19
395395	8	395394	11	19
395420	8	395419	3	11
395424	6	395423	26	32
395427	11	293494	4	15
395429	8	395428	4	12
395437	11	293495	8	19
395447	1	395446	4	5
395448	4	21211	3	7
395451	3	395450	2	5
395460	3	395459	5	8
395467	6	395466	1	7
395469	3	395468	6	9
395477	25	395476	1	26
395481	3	21243	1	4
395494	3	395493	8	11
395501	3	395500	9	12
395509	27	395508	12	39
395529	35	395528	8	43
395534	10	395533	7	17
395552	5	395551	7	12
395562	10	21275	1	11
395573	2	395572	18	20
395577	2	395576	7	9
395581	3	395580	7	10
395583	6	21290	6	12
395586	13	395585	8	21
395598	6	395597	3	9
395604	5	395603	7	12
395628	8	395627	2	10
395635	1	395634	1	2
395645	56	395644	2	58
395650	2	395649	1	3
395652	6	395651	9	15
395654	2	21318	3	5
395658	3	395657	3	6
395660	1	395659	2	3
395665	7	21320	7	14
395676	5	395675	11	16
395686	9	21343	1	10
395688	7	21344	6	13
395697	4	395696	3	7
395701	5	395700	2	7
395709	3	395708	6	9
395717	3	395716	5	8
395720	7	395719	11	18
395738	2	395737	4	6
395764	2	395763	4	6
395777	47	395776	5	52
395811	6	395810	4	10
395818	9	395817	3	12
395822	7	395821	5	12
395837	4	395836	13	17
395839	7	395838	8	15
395862	13	395861	7	20
395864	10	395863	8	18
395875	12	395874	7	19
395877	8	395876	15	23
395887	3	21449	3	6
395913	12	395912	7	19
395919	15	395918	10	25
395927	7	395926	1	8
395932	4	395931	4	8
395935	4	21458	8	12
395942	2	395941	5	7
395944	8	821638	6	14
395945	7	21491	10	17
395947	5	395946	7	12
395950	5	395949	8	13
395952	3	395951	3	6
395964	7	395963	2	9
395966	8	395965	12	20
395967	6	821651	7	13
395972	5	21517	5	10
396001	9	396000	6	15
396003	6	396002	7	13
396006	6	396005	5	11
396018	5	821679	2	7
396043	4	293627	4	8
396078	2	396077	4	6
396085	2	396084	4	6
396118	10	396117	6	16
396122	4	396121	4	8
396136	6	396135	7	13
396138	6	396137	15	21
396144	3	396143	3	6
396149	3	396148	1	4
396151	6	396150	18	24
396156	1	396155	4	5
396165	3	293646	3	6
396168	3	396167	9	12
396185	3	396184	1	4
396186	4	21633	2	6
396188	3	396187	2	5
396193	3	396192	6	9
396206	1	21641	3	4
396215	5	396214	2	7
396221	5	396220	9	14
396223	6	396222	8	14
396228	3	396227	13	16
396242	7	21664	3	10
396243	4	21665	6	10
396248	2	396247	8	10
396250	1	293660	3	4
396255	6	396254	1	7
396270	11	396269	19	30
396276	3	396275	5	8
396301	5	821813	4	9
396322	45	396321	6	51
396325	5	821823	9	14
396337	7	396336	13	20
396355	8	396354	3	11
396371	4	396370	5	9
396374	6	396373	3	9
396376	7	396375	6	13
396383	4	396382	4	8
396385	6	396384	8	14
396393	7	396392	3	10
396408	3	396407	5	8
396412	6	396411	9	15
396414	9	293697	6	15
396423	5	396422	5	10
396425	4	396424	7	11
396428	5	396427	3	8
396431	8	396430	10	18
396442	4	396441	4	8
396446	2	396445	1	3
396454	4	396453	6	10
396459	6	396458	3	9
396461	2	396460	12	14
396465	9	396464	1	10
396470	11	396469	8	19
396476	7	396475	11	18
396484	12	396483	2	14
396498	11	293709	1	12
396502	4	396501	10	14
396504	4	396503	6	10
396518	6	396517	11	17
396520	5	396519	1	6
396522	7	821921	6	13
396542	16	396541	3	19
396545	6	396544	6	12
396551	6	396550	5	11
396554	4	396553	6	10
396556	14	21815	2	16
396558	6	396557	8	14
396561	14	396560	3	17
396564	6	396563	4	10
396568	3	396567	6	9
396574	5	396573	6	11
396577	5	396575	5	10
396582	5	396581	6	11
396591	3	396590	2	5
396601	13	396600	11	24
396610	6	396609	6	12
396613	14	396612	27	41
396618	3	396617	4	7
396623	2	396622	8	10
396625	16	396624	8	24
396627	5	396626	5	10
396630	6	396629	2	8
396650	5	21852	5	10
396664	5	396658	7	12
396666	18	396665	5	23
396675	8	21868	1	9
396677	4	396676	5	9
396690	17	396689	18	35
396698	9	21879	3	12
396709	9	396708	6	15
396714	7	396713	2	9
396729	5	396728	7	12
396734	7	21887	1	8
396743	5	396742	6	11
396748	8	396747	7	15
396763	5	396762	4	9
396767	9	396766	24	33
396769	15	396768	7	22
396771	13	396770	4	17
396773	2	396772	8	10
396782	12	396781	8	20
396809	1	396808	6	7
396811	3	396810	5	8
396821	10	396820	3	13
396826	7	396825	6	13
396829	9	396828	2	11
396831	1	396830	3	4
396838	7	396837	2	9
396840	5	396839	5	10
396857	4	396856	8	12
396875	2	396874	6	8
396878	5	21957	1	6
396891	5	396890	1	6
396904	60	396903	1	61
396907	5	822080	5	10
396919	4	396918	1	5
396923	1	396922	2	3
396925	2	396924	11	13
396927	10	396926	2	12
396935	8	396934	6	14
396947	11	396946	3	14
396950	4	396949	10	14
396953	1	396952	3	4
396958	2	396957	3	5
396960	3	396959	1	4
396968	1	396967	5	6
396975	1	21978	1	2
396979	3	396978	4	7
396981	10	396980	21	31
396984	4	396983	4	8
397002	12	397001	8	20
397019	7	397018	2	9
397024	6	397023	13	19
397026	5	21986	2	7
397045	6	397044	2	8
397074	2	397073	5	7
397086	4	397085	3	7
397093	2	397092	6	8
397096	6	397095	2	8
397106	3	397105	3	6
397109	4	397108	6	10
397122	3	397121	7	10
397130	2	397129	3	5
397132	3	397131	7	10
397145	7	293807	2	9
397150	1	397149	1	2
397164	2	397163	4	6
397179	6	397178	4	10
397193	1	293816	2	3
397220	3	397219	2	5
397231	9	397230	4	13
397233	3	397232	4	7
397235	1	822210	1	2
397238	6	397237	3	9
397240	2	397239	1	3
397244	1	397243	1	2
397257	4	397256	2	6
397262	1	22135	1	2
397282	7	397281	1	8
397285	6	397284	2	8
397295	5	397294	2	7
397297	2	397296	3	5
397316	4	397315	6	10
397349	3	22170	1	4
397351	12	397350	6	18
397361	8	397360	6	14
397364	3	397363	1	4
397367	1	22186	3	4
397373	11	397372	5	16
397375	1	397374	4	5
397379	6	397378	3	9
397381	17	397380	29	46
397382	8	22190	1	9
397385	3	397384	7	10
397399	1	397398	1	2
397405	2	397404	3	5
397407	7	397406	6	13
397415	1	397414	3	4
397416	7	22212	10	17
397433	2	397432	4	6
397435	5	397434	4	9
397445	1	397444	2	3
397456	1	397455	1	2
397462	1	397461	1	2
397499	2	397498	7	9
397504	4	397503	8	12
397527	3	397526	3	6
397532	2	397531	7	9
397534	3	397533	1	4
397590	1	397589	1	2
397595	4	397594	2	6
397604	1	397603	6	7
397606	1	397605	3	4
397612	10	397611	7	17
397615	1	397614	7	8
397625	1	397624	6	7
397627	8	397626	2	10
397632	16	397631	1	17
397645	6	397644	2	8
397654	6	397653	6	12
397668	2	397667	4	6
397679	1	397678	5	6
397683	1	22316	3	4
397689	8	397688	3	11
397694	5	397693	8	13
397703	2	397702	11	13
397705	7	397704	9	16
397710	3	397709	7	10
397714	11	397713	5	16
397722	4	397721	3	7
397726	9	397725	5	14
397728	2	397727	5	7
397730	3	397729	9	12
397736	13	397735	7	20
397745	4	397744	7	11
397747	10	397746	2	12
397751	7	397750	1	8
397754	2	397753	5	7
397756	9	397755	7	16
397759	15	397758	13	28
397767	2	397766	3	5
397779	6	397778	4	10
397791	10	397790	9	19
397793	3	397792	6	9
397808	1	397807	3	4
397811	3	397810	3	6
397813	2	397812	5	7
397817	10	397816	2	12
397818	5	22361	9	14
397827	5	397826	2	7
397833	4	397832	9	13
397841	6	397840	3	9
397847	1	397846	3	4
397859	9	22392	6	15
397861	9	397860	7	16
397863	2	397862	2	4
397866	5	397865	2	7
397882	6	397881	18	24
397884	4	397883	3	7
397892	2	397891	2	4
397897	4	397896	2	6
397907	3	397906	6	9
397924	2	397923	5	7
397938	2	397937	79	81
397941	5	397940	6	11
397947	3	397946	4	7
397953	4	397952	3	7
397955	4	397954	3	7
397965	9	22447	9	18
397968	8	397967	9	17
397970	1	397969	4	5
397980	4	822454	6	10
397984	13	397983	6	19
397986	2	397985	9	11
397990	9	397989	10	19
397993	13	397992	3	16
397998	3	397997	2	5
398019	9	398018	4	13
398022	11	398021	1	12
398039	6	398038	2	8
398042	29	398041	6	35
398049	7	398048	5	12
398051	9	398050	7	16
398058	6	398057	9	15
398064	32	398063	18	50
398069	3	398068	8	11
398074	7	398073	3	10
398080	4	398079	5	9
398085	6	398084	3	9
398087	9	398086	3	12
398095	6	398094	1	7
398098	2	398097	8	10
398100	3	398099	2	5
398103	2	398102	10	12
398105	3	398104	4	7
398109	6	398108	7	13
398111	12	398110	7	19
398116	5	293939	1	6
398125	5	398124	5	10
398128	4	398127	3	7
398151	8	398150	3	11
398156	5	398155	2	7
398161	6	398160	38	44
398164	5	398163	3	8
398170	5	398169	16	21
398174	3	398173	3	6
398177	1	398176	6	7
398188	7	398187	5	12
398190	10	398189	13	23
398195	3	398194	10	13
398196	24	22575	10	34
398199	3	398198	4	7
398201	7	398200	6	13
398207	12	398206	6	18
398209	3	398208	3	6
398216	24	398215	4	28
398221	19	398220	3	22
398246	8	398245	4	12
398253	1	398252	2	3
398255	1	398254	5	6
398257	4	398256	2	6
398259	3	398258	4	7
398267	5	398266	8	13
398270	7	398269	2	9
398278	7	398277	4	11
398288	11	398287	3	14
398294	3	398293	2	5
398298	10	398297	6	16
398300	2	398299	9	11
398303	1	398302	1	2
398310	2	398309	1	3
398318	2	398317	6	8
398320	3	398319	1	4
398334	7	398333	3	10
398338	9	398337	9	18
398340	8	398339	8	16
398342	5	398341	3	8
398347	11	398346	17	28
398353	9	398352	1	10
398356	3	398355	10	13
398362	3	398361	2	5
398368	3	398367	2	5
398373	9	22681	6	15
398376	5	398375	1	6
398389	1	398388	6	7
398396	2	398395	6	8
398400	4	398399	11	15
398402	4	398401	1	5
398412	3	398411	2	5
398423	2	398422	3	5
398425	4	398424	6	10
398428	2	398427	2	4
398432	9	398431	7	16
398434	2	398433	1	3
398436	1	398435	6	7
398447	4	398446	2	6
398448	3	294007	3	6
398450	2	398449	3	5
398454	3	398453	7	10
398466	6	398465	1	7
398472	2	398471	2	4
398481	5	822631	3	8
398496	3	398495	1	4
398501	6	398500	3	9
398517	3	398516	6	9
398531	7	398530	1	8
398533	3	398532	7	10
398535	3	398534	3	6
398537	1	822651	1	2
398553	3	22797	2	5
398556	2	398555	1	3
398559	1	398558	4	5
398565	6	22802	2	8
398567	2	398566	2	4
398569	4	398568	1	5
398574	3	398573	7	10
398593	1	398592	1	2
398599	6	398598	6	12
398602	1	398601	2	3
398606	9	398605	1	10
398607	1	22824	3	4
398618	8	398617	4	12
398623	3	398622	3	6
398625	1	398624	1	2
398629	1	398628	2	3
398633	5	398632	2	7
398637	2	398636	3	5
398639	2	398638	1	3
398645	3	22850	5	8
398656	8	398655	1	9
398664	7	398663	7	14
398666	8	398665	3	11
398669	1	398668	3	4
398678	3	22876	4	7
398691	4	22882	1	5
398694	2	398693	2	4
398702	9	398701	6	15
398710	1	398709	4	5
398713	2	398712	7	9
398716	2	398715	6	8
398721	2	398720	2	4
398729	1	398728	2	3
398736	2	398735	1	3
398738	1	398737	6	7
398740	3	398739	4	7
398742	4	398741	3	7
398747	1	398746	3	4
398773	2	398772	2	4
398783	2	398782	1	3
398790	3	398789	2	5
398792	4	398791	3	7
398794	3	22920	5	8
398798	9	398797	10	19
398801	5	398800	5	10
398809	10	398808	2	12
398821	4	398820	1	5
398825	2	822763	1	3
398833	23	398832	1	24
398838	1	22937	1	2
398841	2	398840	6	8
398844	2	398843	6	8
398852	5	398851	8	13
398857	6	398856	2	8
398860	3	398859	8	11
398864	3	398863	5	8
398866	2	398865	8	10
398872	4	398871	5	9
398877	4	398876	1	5
398882	11	398881	1	12
398886	2	22963	1	3
398900	11	398899	6	17
398903	5	398902	9	14
398905	7	398904	13	20
398908	11	398907	4	15
398912	1	22971	7	8
398914	5	398913	5	10
398915	7	294081	9	16
398921	1	22978	13	14
398925	12	398924	1	13
398927	5	398926	12	17
398931	13	398930	4	17
398940	1	398939	3	4
398944	3	22991	1	4
398953	4	398952	5	9
398973	10	398972	4	14
398975	2	398974	95	97
398978	59	398977	5	64
398984	6	398983	23	29
398991	6	398990	19	25
398994	10	822839	6	16
399003	5	399002	13	18
399005	9	399004	7	16
399025	5	399024	2	7
399029	6	399028	7	13
399031	4	399030	2	6
399051	2	399050	4	6
399067	4	399066	8	12
399078	4	399077	2	6
399089	15	399088	6	21
399093	4	399092	7	11
399107	3	822889	6	9
399114	9	399113	3	12
399118	10	399117	7	17
399125	4	399124	3	7
399127	8	399126	8	16
399131	20	399130	1	21
399136	7	399135	8	15
399141	6	399140	2	8
399150	11	399149	11	22
399154	7	399153	6	13
399156	3	399155	6	9
399161	7	399160	8	15
399171	9	399170	3	12
399176	9	399175	7	16
399183	4	399182	5	9
399186	4	399185	9	13
399190	4	399189	6	10
399194	1	399193	7	8
399197	16	399196	1	17
399199	4	23100	8	12
399201	10	399200	5	15
399204	10	399203	13	23
399210	3	399209	6	9
399213	10	399212	5	15
399221	3	399220	6	9
399226	11	399225	4	15
399235	5	23113	2	7
399242	5	399241	5	10
399245	2	399244	4	6
399267	6	399266	2	8
399272	5	399271	8	13
399275	7	399274	7	14
399279	9	399278	3	12
399281	5	23131	3	8
399299	10	399298	2	12
399305	7	399304	29	36
399318	11	399317	24	35
399320	4	399319	3	7
399324	8	399323	8	16
399331	10	399330	4	14
399338	7	399337	8	15
399345	5	399344	11	16
399348	18	399347	8	26
399357	4	399356	4	8
399360	4	399359	1	5
399363	5	399362	6	11
399374	4	23148	2	6
399376	9	399375	10	19
399386	8	399385	2	10
399396	4	399395	9	13
399404	8	399403	2	10
399412	7	294143	4	11
399413	4	23166	9	13
399421	10	23172	8	18
399425	6	23173	8	14
399440	8	399439	4	12
399443	17	399442	15	32
399448	2	399447	8	10
399450	3	399449	7	10
399458	6	399457	4	10
399467	5	399466	4	9
399492	3	823056	2	5
399494	1	23199	2	3
399497	6	399496	2	8
399507	3	399506	11	14
399524	3	823073	1	4
399529	15	399528	6	21
399541	4	399540	5	9
399544	8	399543	2	10
399550	5	399549	9	14
399553	6	399552	8	14
399556	20	294162	2	22
399574	2	399573	1	3
399576	3	399575	2	5
399582	3	399581	1	4
399584	4	399583	30	34
399586	3	399585	10	13
399598	2	399597	3	5
399600	2	399599	3	5
399610	17	294169	7	24
399612	3	399611	2	5
399634	9	823112	1	10
399637	11	399636	3	14
399643	3	399642	3	6
399648	4	294177	5	9
399656	5	399655	14	19
399664	6	399663	2	8
399666	2	399665	1	3
399671	6	399670	9	15
399675	7	399674	9	16
399683	10	399682	16	26
399685	4	399684	6	10
399692	2	399691	3	5
399695	8	399694	26	34
399703	1	399702	1	2
399704	8	23276	3	11
399715	5	23279	4	9
399733	9	399732	4	13
399736	7	399735	8	15
399752	5	399751	3	8
399763	8	399762	9	17
399766	3	823171	5	8
399768	3	399767	3	6
399771	2	399770	4	6
399775	2	399774	15	17
399783	5	399782	3	8
399787	6	399786	8	14
399794	1	399793	4	5
399798	1	399797	9	10
399800	1	399799	1	2
399802	10	399801	4	14
399813	4	399812	6	10
399814	9	23331	3	12
399816	6	399815	3	9
399824	2	823189	4	6
399828	1	399827	7	8
399829	5	23334	6	11
399836	9	294193	2	11
399843	9	399842	2	11
399848	1	399847	2	3
399862	1	399861	9	10
399865	6	399864	4	10
399877	3	23365	6	9
399880	7	399879	4	11
399882	8	23366	3	11
399902	4	399901	1	5
399906	7	399905	5	12
399907	5	823230	6	11
399915	4	399914	8	12
399917	15	399916	6	21
399920	4	399919	2	6
399924	7	399923	2	9
399931	3	823236	3	6
399941	8	399940	1	9
399945	7	823242	10	17
399957	6	823246	2	8
399967	3	399966	3	6
399985	8	823255	1	9
399989	1	399988	4	5
399995	1	399994	2	3
399999	2	23436	3	5
400032	4	400031	2	6
400038	9	400037	8	17
400041	4	400040	4	8
400048	6	400047	1	7
400055	5	23460	5	10
400062	4	400061	3	7
400064	6	400063	2	8
400066	2	400065	8	10
400071	4	400070	1	5
400076	3	400075	5	8
400082	2	400081	10	12
400087	4	400086	5	9
400108	5	400107	7	12
400112	7	400111	5	12
400115	2	400114	4	6
400118	5	400117	25	30
400123	2	400122	3	5
400127	11	400126	9	20
400135	8	400134	5	13
400138	3	400137	2	5
400148	5	23525	3	8
400161	8	400160	23	31
400167	5	996644	10	15
400173	4	400172	11	15
400185	6	400184	9	15
400198	5	23556	11	16
400200	2	400199	3	5
400203	3	400202	3	6
400208	7	400207	5	12
400215	3	23562	2	5
400222	7	23565	7	14
400225	1	400224	8	9
400235	7	23574	2	9
400242	9	23581	2	11
400267	2	400266	3	5
400268	3	294273	1	4
400272	3	400271	1	4
400275	2	400274	4	6
400278	7	23620	6	13
400289	7	400288	4	11
400290	5	23631	1	6
400293	2	400292	5	7
400295	4	400294	10	14
400297	1	400296	2	3
400300	4	400299	2	6
400304	9	400303	12	21
400309	4	400308	27	31
400312	2	23643	3	5
400315	3	400314	2	5
400318	9	400317	2	11
400336	3	400335	1	4
400344	9	400343	2	11
400361	6	400360	8	14
400369	7	400368	5	12
400371	2	400370	4	6
400376	11	400375	5	16
400378	7	400377	8	15
400381	7	400380	4	11
400388	21	400387	4	25
400391	7	400390	2	9
400393	10	294286	7	17
400396	6	400395	5	11
400412	1	400411	3	4
400424	2	400423	2	4
400433	4	400432	4	8
400438	1	400437	2	3
400442	23	400441	8	31
400448	1	400447	3	4
400452	9	400451	9	18
400456	10	400455	7	17
400475	4	400474	4	8
400485	5	400484	3	8
400493	2	400492	1	3
400498	5	400497	2	7
400502	8	400501	1	9
400507	4	400506	7	11
400529	6	400528	2	8
400531	3	400530	3	6
400534	2	400533	3	5
400538	15	400537	4	19
400550	2	400549	3	5
400556	1	400555	3	4
400562	4	400561	3	7
400565	4	400564	5	9
400590	4	400589	4	8
400613	2	23816	3	5
400648	5	400647	4	9
400654	2	400653	4	6
400659	3	23841	4	7
400665	4	400664	2	6
400667	4	400666	4	8
400669	2	400668	1	3
400674	6	400673	3	9
400675	1	294338	7	8
400678	7	400677	3	10
400692	5	400691	8	13
400697	2	23877	6	8
400706	3	23890	1	4
400710	5	400709	3	8
400713	6	400712	4	10
400721	2	400720	6	8
400724	10	400723	5	15
400727	3	400726	2	5
400731	3	400730	4	7
400737	5	400736	2	7
400750	13	400747	6	19
400752	2	400751	2	4
400754	3	400753	4	7
400762	4	400761	8	12
400764	4	400763	3	7
400766	4	400765	3	7
400786	10	400785	5	15
400796	1	400795	8	9
400800	5	23969	2	7
400802	9	23972	6	15
400805	9	400804	2	11
400817	5	400816	2	7
400822	6	400820	8	14
400832	6	400831	6	12
400836	2	400835	1	3
400842	5	400841	4	9
400844	10	400843	10	20
400850	8	400849	3	11
400856	7	400855	5	12
400858	5	400857	4	9
400862	11	400861	5	16
400865	12	400864	2	14
400869	1	400868	5	6
400871	1	400870	2	3
400873	1	400872	2	3
400876	4	400875	4	8
400880	2	400879	4	6
400886	5	400885	3	8
400889	1	400888	3	4
400891	9	400890	14	23
400895	3	400894	11	14
400897	6	400896	2	8
400899	4	400898	4	8
400904	2	400903	7	9
400908	4	400907	2	6
400911	4	400910	11	15
400913	2	400912	10	12
400917	25	400916	25	50
400919	3	400918	6	9
400926	2	400925	1	3
400931	9	400930	8	17
400940	3	294396	6	9
400957	5	400956	7	12
400976	4	400975	2	6
400985	14	400984	2	16
400988	5	400987	4	9
400995	4	400994	2	6
401006	2	401005	4	6
401024	4	24093	3	7
401028	3	401027	1	4
401040	14	401039	4	18
401056	1	401055	2	3
401062	6	401061	6	12
401068	1	401067	3	4
401075	4	401074	5	9
401083	2	401082	1	3
401091	8	294416	6	14
401094	4	401093	9	13
401096	4	401095	8	12
401099	3	401098	2	5
401103	3	401102	4	7
401110	1	401109	3	4
401113	2	401112	1	3
401121	7	823706	3	10
401129	2	401128	3	5
401135	7	401134	2	9
401139	5	401138	6	11
401141	4	24145	1	5
401145	3	401144	2	5
401146	10	823711	3	13
401148	8	401147	5	13
401151	4	401150	7	11
401160	1	401159	4	5
401166	1	823716	5	6
401168	3	401167	13	16
401174	2	401173	3	5
401176	4	401175	3	7
401179	5	401178	1	6
401204	6	401203	3	9
401213	2	401212	1	3
401219	1	401218	2	3
401227	4	24210	1	5
401234	6	401233	5	11
401237	9	401236	4	13
401240	10	401239	2	12
401244	28	401243	5	33
401249	3	401248	3	6
401254	5	401253	5	10
401258	5	401257	1	6
401263	4	401262	6	10
401268	3	823756	3	6
401281	1	823759	2	3
401287	6	401286	3	9
401289	1	401288	6	7
401300	5	823774	3	8
401303	7	401302	3	10
401310	1	823783	1	2
401312	2	401311	2	4
401317	12	401316	2	14
401328	3	401327	3	6
401335	11	401334	13	24
401338	15	401337	10	25
401341	1	401340	2	3
401343	3	401342	101	104
401355	4	401354	7	11
401367	47	401366	1	48
401369	4	401368	7	11
401372	1	401371	2	3
401379	4	401378	7	11
401381	2	401380	6	8
401383	3	823803	22	25
401394	2	401393	3	5
401399	2	401398	1	3
401402	9	401401	2	11
401404	4	401403	1	5
401429	1	401428	5	6
401449	3	401448	3	6
401453	4	401452	11	15
401460	5	24383	2	7
401463	1	401462	2	3
401465	2	401464	8	10
401474	3	401473	1	4
401477	8	401476	1	9
401482	4	24393	4	8
401485	1	24398	2	3
401500	1	401499	4	5
401502	2	401501	8	10
401509	2	401508	4	6
401511	4	401510	2	6
401514	1	401513	5	6
401521	2	401520	4	6
401523	4	401522	1	5
401525	3	24415	6	9
401528	1	401527	22	23
401532	11	401531	4	15
401534	20	401533	6	26
401536	8	401535	1	9
401540	3	401539	4	7
401550	9	401549	9	18
401563	9	401562	9	18
401587	6	401586	8	14
401589	8	401588	8	16
401595	5	401594	3	8
401607	27	24463	4	31
401609	2	401608	6	8
401610	2	294486	2	4
401612	2	401611	1	3
401618	1	401617	2	3
401622	2	401621	4	6
401625	2	401624	1	3
401628	2	401627	5	7
401634	2	401633	2	4
401638	2	401637	8	10
401641	1	401640	2	3
401655	1	401654	4	5
401657	1	401656	12	13
401659	4	401658	6	10
401661	4	401660	3	7
401664	6	401663	2	8
401667	2	401666	2	4
401691	10	401690	2	12
401694	6	401693	1	7
401696	3	401695	6	9
401720	2	401719	5	7
401729	4	401728	11	15
401736	2	401735	4	6
401742	1	401741	4	5
401766	2	401765	2	4
401770	6	401769	3	9
401778	7	401777	1	8
401780	4	401779	3	7
401782	2	401781	5	7
401788	3	401787	2	5
401791	3	401790	3	6
401797	7	401796	1	8
401809	4	401808	1	5
401814	10	401813	2	12
401820	5	401819	8	13
401831	7	401830	5	12
401834	2	401833	1	3
401837	6	401836	5	11
401839	16	401838	6	22
401841	5	401840	4	9
401845	2	401844	3	5
401862	7	401861	4	11
401865	1	401864	3	4
401867	9	24687	8	17
401878	1	401877	13	14
401889	2	401888	5	7
401897	2	401896	1	3
401902	7	401901	4	11
401915	3	401914	2	5
401923	3	401922	3	6
401946	3	401945	4	7
401952	11	401950	25	36
401959	17	24770	3	20
401969	1	401968	4	5
401974	10	401973	3	13
401981	6	401980	4	10
401983	3	401982	2	5
401986	3	401985	3	6
401991	3	401990	2	5
401995	1	401994	1	2
402004	1	402003	5	6
402007	25	294558	2	27
402011	1	402010	4	5
402013	4	24794	1	5
402020	2	402019	1	3
402023	4	402022	6	10
402028	5	402027	1	6
402029	5	24809	2	7
402046	2	402045	1	3
402048	6	24831	1	7
402051	2	402050	1	3
402061	1	24843	4	5
402064	2	24846	2	4
402072	1	402071	2	3
402076	2	402075	3	5
402082	7	24865	8	15
402094	5	402093	1	6
402105	5	402104	29	34
402110	4	402109	17	21
402112	4	402111	17	21
402120	2	402119	4	6
402132	2	402131	1	3
402133	7	24907	3	10
402139	3	402138	2	5
402141	3	402140	8	11
402143	3	402142	1	4
402145	3	402144	2	5
402169	4	402168	1	5
402172	7	402171	2	9
402174	3	402173	1	4
402177	5	402176	5	10
402179	1	402178	1	2
402181	5	402180	5	10
402185	4	402184	6	10
402236	2	402235	2	4
402243	6	824139	1	7
402246	1	402245	5	6
402253	6	402252	11	17
402257	2	402256	5	7
402258	2	997264	6	8
402260	2	402259	3	5
402267	2	402266	1	3
402272	7	402271	4	11
402273	4	824151	2	6
402276	3	25016	2	5
402281	4	402280	1	5
402290	3	402289	2	5
402327	16	402326	6	22
402333	7	402332	5	12
402336	4	402335	6	10
402338	5	402337	1	6
402343	2	294629	5	7
402354	3	402353	1	4
402357	1	402356	4	5
402361	5	402360	2	7
402363	4	402362	3	7
402365	1	402364	1	2
402370	2	402369	7	9
402380	4	402379	9	13
402396	1	25107	5	6
402404	5	402403	5	10
402414	5	402413	5	10
402417	4	402416	3	7
402422	8	25131	6	14
402431	2	402430	4	6
402436	3	402435	7	10
402444	10	402443	7	17
402451	2	402450	11	13
402455	3	402454	10	13
402459	3	402458	2	5
402461	7	402460	17	24
402466	18	402465	8	26
402468	3	402467	8	11
402471	3	402470	3	6
402478	11	402477	10	21
402481	9	402480	7	16
402497	10	402496	6	16
402506	2	402505	4	6
402512	3	402511	13	16
402515	3	402514	2	5
402520	9	402519	2	11
402524	18	402523	63	81
402532	12	402531	3	15
402543	4	402542	9	13
402545	4	294665	2	6
402547	1	402546	3	4
402555	2	402554	117	119
402557	8	25200	2	10
402561	3	402560	3	6
402570	2	402569	6	8
402576	5	25217	2	7
402590	4	402589	6	10
402594	1	402593	3	4
402607	3	402606	4	7
402609	1	25223	5	6
402611	41	402610	6	47
402617	5	402616	3	8
402622	5	402621	4	9
402624	7	402623	4	11
402626	1	402625	3	4
402638	1	402637	2	3
402666	7	402665	1	8
402670	3	402669	3	6
402673	8	25263	2	10
402684	2	402683	1	3
402693	1	402691	12	13
402700	4	402699	3	7
402707	1	402706	7	8
402711	8	402710	5	13
402722	2	402721	1	3
402726	3	402725	5	8
402736	2	402735	2	4
402739	4	824313	3	7
402743	9	402742	3	12
402745	1	402744	2	3
402748	7	25343	22	29
402755	9	402754	9	18
402761	6	402760	3	9
402764	5	402763	2	7
402784	4	402783	7	11
402798	1	402797	1	2
402813	2	997415	7	9
402820	4	402819	6	10
402822	2	402821	4	6
402837	1	402836	1	2
402841	25	402840	11	36
402845	1	402844	2	3
402854	1	402853	2	3
402858	1	402857	2	3
402862	2	402861	2	4
402881	1	402880	2	3
402902	9	402901	5	14
402920	3	402919	2	5
402931	4	402930	3	7
402938	2	402937	2	4
402943	6	402942	13	19
402952	3	402951	2	5
402958	7	402957	7	14
402960	4	402959	2	6
402966	1	402965	1	2
402967	3	402964	5	8
402973	5	402972	3	8
402983	2	402982	2	4
402986	2	402985	8	10
403009	2	403008	3	5
403027	3	403026	3	6
403033	3	403032	11	14
403045	3	403044	2	5
403056	1	403055	2	3
403061	1	403060	6	7
403070	3	403069	2	5
403073	1	403072	1	2
403098	4	403097	6	10
403121	1	403120	2	3
403123	4	403122	3	7
403125	2	403124	3	5
403131	1	403130	2	3
403133	3	403132	3	6
403159	3	403158	5	8
403161	3	403160	2	5
403167	2	403166	7	9
403171	1	403170	1	2
403176	2	403175	5	7
403183	4	403182	2	6
403190	1	403189	1	2
403193	6	403192	1	7
403195	2	403194	7	9
403203	1	403202	1	2
403208	2	25833	5	7
403213	1	403212	1	2
403216	1	403215	1	2
403222	2	25837	1	3
403224	1	25838	1	2
403232	1	403231	1	2
403255	5	25861	4	9
403272	1	403271	1	2
403274	3	403273	5	8
403293	12	403292	2	14
403298	6	403297	4	10
403300	3	403299	4	7
403303	3	403302	3	6
403307	14	403306	4	18
403323	3	403322	3	6
403329	3	403328	1	4
403344	1	25914	2	3
403355	1	403354	3	4
403357	2	403356	1	3
403362	2	403361	1	3
403371	1	403370	1	2
403384	22	403383	2	24
403386	1	403385	1	2
403399	1	403398	1	2
403401	12	403400	4	16
403426	3	403425	9	12
403427	4	26006	2	6
403432	1	403431	1	2
403435	8	26012	4	12
403437	1	403436	1	2
403476	1	26041	2	3
403485	1	403484	1	2
403487	1	403486	1	2
403492	2	403491	2	4
403511	2	403510	1	3
403514	3	403513	1	4
403527	2	403526	2	4
403531	1	403530	2	3
403533	2	403532	2	4
403548	2	403547	3	5
403559	7	403558	4	11
403562	1	26137	2	3
403568	3	403567	1	4
403571	1	294888	3	4
403609	3	403608	3	6
403615	5	403614	6	11
403620	2	403619	1	3
403633	1	26197	2	3
403637	5	403636	2	7
403639	1	403638	1	2
403643	5	403642	12	17
403658	2	403657	1	3
403660	1	403659	3	4
403674	1	403673	2	3
403700	2	403699	6	8
403702	2	403701	1	3
403718	7	403717	3	10
403721	10	403720	1	11
403728	2	403727	1	3
403735	5	403734	6	11
403761	6	403760	2	8
403770	31	403769	4	35
403782	2	403781	17	19
403794	1	403793	1	2
403801	1	403800	1	2
403829	3	26377	1	4
403851	1	403850	4	5
403854	5	403853	6	11
403861	7	403860	9	16
403863	2	403862	7	9
403865	2	26406	3	5
403872	1	403871	8	9
403884	1	403883	4	5
403885	5	26423	1	6
403887	2	403886	3	5
403893	2	403892	2	4
403916	6	403915	2	8
403919	4	403918	5	9
403925	1	26457	2	3
403931	10	403930	1	11
403935	1	403934	3	4
403939	4	403938	1	5
403966	5	403965	2	7
403975	2	26515	4	6
403983	2	403982	3	5
403995	7	403994	2	9
403999	3	824847	3	6
404012	8	404011	3	11
404015	1	404014	7	8
404018	5	404017	4	9
404025	11	404024	1	12
404030	9	404029	8	17
404035	1	404034	2	3
404042	2	824877	6	8
404044	6	404043	1	7
404048	5	404047	9	14
404059	4	824894	3	7
404062	7	404061	3	10
404067	2	404066	3	5
404072	2	824900	1	3
404078	1	404077	3	4
404083	3	404082	2	5
404094	5	404093	5	10
404107	6	404106	3	9
404110	7	404109	6	13
404113	3	26628	1	4
404120	4	404119	5	9
404124	2	404123	3	5
404127	6	404126	12	18
404130	3	404129	10	13
404132	2	404131	4	6
404140	3	404139	1	4
404141	4	26648	1	5
404144	14	404143	1	15
404151	4	404150	7	11
404158	3	404157	7	10
404165	1	404164	1	2
404178	1	404177	5	6
404191	1	824936	5	6
404193	2	404192	4	6
404202	3	404201	2	5
404208	1	26711	1	2
404212	2	404211	3	5
404217	1	404216	1	2
404225	1	404224	2	3
404228	3	404227	4	7
404230	4	26727	1	5
404231	6	26728	4	10
404236	5	404235	3	8
404241	10	404240	1	11
404247	4	404246	3	7
404255	4	404254	2	6
404258	1	404257	5	6
404260	5	404259	5	10
404262	1	404261	2	3
404264	5	404263	3	8
404278	3	404277	1	4
404294	44	404293	14	58
404297	3	26774	2	5
404301	1	404300	5	6
404305	1	824970	3	4
404314	2	404313	1	3
404316	2	404315	4	6
404318	9	404317	5	14
404321	2	404320	6	8
404326	8	404325	3	11
404328	1	824977	20	21
404336	1	404335	2	3
404338	5	404337	7	12
404340	1	404339	1	2
404344	4	404343	4	8
404349	3	404348	3	6
404353	2	404352	4	6
404355	1	404354	30	31
404357	4	26812	1	5
404361	6	26815	10	16
404371	5	404370	5	10
404374	5	404373	5	10
404377	3	404376	5	8
404381	5	404380	5	10
404386	2	404385	4	6
404388	2	404387	5	7
404391	2	404390	1	3
404402	9	26848	2	11
404408	6	404407	2	8
404415	3	26863	6	9
404418	4	404417	5	9
404420	6	825018	1	7
404422	2	404421	3	5
404429	8	404428	3	11
404431	6	404430	7	13
404441	1	404440	5	6
404445	1	26890	2	3
404452	5	404451	7	12
404456	3	404455	6	9
404460	1	404459	4	5
404467	8	404466	9	17
404471	4	404470	8	12
404479	11	26942	1	12
404482	9	404481	8	17
404484	6	404483	8	14
404491	12	404490	2	14
404500	3	404498	3	6
404513	2	404512	6	8
404526	3	404525	1	4
404529	2	404528	6	8
404532	9	404531	4	13
404534	4	26990	1	5
404536	5	26993	1	6
404540	5	404539	8	13
404546	3	404545	1	4
404548	5	404547	4	9
404551	3	404550	1	4
404558	5	404557	4	9
404563	4	27016	5	9
404568	3	404567	6	9
404570	1	404569	5	6
404574	2	404573	1	3
404584	3	27037	1	4
404599	1	404598	3	4
404604	18	404603	4	22
404610	6	404609	2	8
404612	1	404611	6	7
404615	4	404614	5	9
404619	7	404618	7	14
404621	1	404620	5	6
404624	1	404623	4	5
404636	8	404635	2	10
404638	3	404637	2	5
404640	2	27068	2	4
404646	2	404645	1	3
404657	8	404656	7	15
404669	1	27109	1	2
404672	31	404671	10	41
404681	8	27117	2	10
404683	5	27124	1	6
404693	5	27143	1	6
404700	1	404699	1	2
404702	2	27148	1	3
404706	1	404705	1	2
404716	2	404715	3	5
404727	1	404726	4	5
404737	1	404736	3	4
404748	1	404747	10	11
404750	20	404749	9	29
404781	3	404780	3	6
404791	8	404790	5	13
404794	15	27238	5	20
404799	10	404798	7	17
404801	7	27241	3	10
404806	3	404805	7	10
404810	1	404809	1	2
404817	1	404816	1	2
404829	1	404828	3	4
404836	2	404835	3	5
404853	2	404852	1	3
404859	3	404858	2	5
404861	4	404860	2	6
404865	1	404864	5	6
404867	1	404866	1	2
404882	2	404881	6	8
404888	4	404887	3	7
404890	7	404889	5	12
404916	4	404915	9	13
404927	2	404926	7	9
404931	3	404930	1	4
404934	3	27348	6	9
404938	5	27356	5	10
404942	9	404941	6	15
404947	3	27363	2	5
404950	1	404949	3	4
404952	1	295182	4	5
404959	2	404958	6	8
404962	6	404961	7	13
404964	11	295183	5	16
404974	3	404973	1	4
404994	24	295187	13	37
405002	1	27419	3	4
405012	9	405011	5	14
405025	1	405024	21	22
405034	1	405033	1	2
405036	6	405035	13	19
405049	2	405048	4	6
405057	3	27464	1	4
405059	1	405058	1	2
405060	7	27469	11	18
405070	3	405069	1	4
405075	2	405074	1	3
405083	1	405082	1	2
405094	17	405093	1	18
405100	2	405099	3	5
405131	2	405130	1	3
405147	8	405146	5	13
405152	9	825338	5	14
405158	1	405157	1	2
405178	2	405177	1	3
405181	4	405180	2	6
405191	4	405190	3	7
405197	3	405196	3	6
405203	2	405202	3	5
405220	6	405219	3	9
405234	9	405233	3	12
405236	1	27629	2	3
405245	1	405244	1	2
405248	1	405247	6	7
405251	6	405250	10	16
405253	11	405252	8	19
405273	3	405272	1	4
405278	1	27673	1	2
405289	1	405288	1	2
405305	2	405304	8	10
405307	6	405306	4	10
405311	3	405310	6	9
405312	4	27705	3	7
405317	8	27712	6	14
405318	2	27713	8	10
405321	5	405320	4	9
405348	3	405347	3	6
405352	5	405351	1	6
405354	4	405353	3	7
405358	1	405357	4	5
405364	1	405363	1	2
405397	6	405396	2	8
405413	2	405412	6	8
405423	1	295268	2	3
405433	1	405432	4	5
405441	2	405440	4	6
405444	3	405443	2	5
405448	1	405447	3	4
405452	1	27829	2	3
405459	1	405458	3	4
405467	2	405466	3	5
405479	14	405478	2	16
405484	8	405483	4	12
405498	6	825489	3	9
405501	3	405500	3	6
405509	5	405508	5	10
405510	4	825495	2	6
405512	3	405511	2	5
405520	1	405519	4	5
405528	3	405527	1	4
405530	3	405529	1	4
405533	2	405532	3	5
405542	2	405541	4	6
405553	6	405552	3	9
405556	7	405555	5	12
405557	4	27911	2	6
405560	4	27917	2	6
405562	6	405561	7	13
405564	1	405563	1	2
405568	1	405567	2	3
405570	1	405569	2	3
405574	1	27934	2	3
405582	5	405581	4	9
405584	2	27943	2	4
405587	1	405586	6	7
405595	14	27962	6	20
405608	3	405607	1	4
405612	3	405611	1	4
405614	3	405613	3	6
405619	5	405618	1	6
405623	4	405622	1	5
405629	3	405628	1	4
405633	4	405632	1	5
405640	10	405639	8	18
405644	4	405643	10	14
405647	5	405646	4	9
405651	6	405650	2	8
405656	8	405655	17	25
405659	6	405658	6	12
405661	2	405657	13	15
405662	7	28040	6	13
405663	3	28043	3	6
405667	7	405666	5	12
405670	3	405669	7	10
405676	11	405675	5	16
405678	3	28057	5	8
405682	5	405681	1	6
405685	2	405684	5	7
405692	1	825565	2	3
405699	2	405698	12	14
405713	1	405712	1	2
405725	3	405724	3	6
405745	4	405744	2	6
405746	1	28124	1	2
405755	2	405754	2	4
405757	5	998396	2	7
405761	3	405760	3	6
405766	3	405765	3	6
405772	5	405771	1	6
405783	3	405782	4	7
405797	1	405796	15	16
405806	1	405805	4	5
405811	2	295354	1	3
405827	3	405826	1	4
405830	1	405829	1	2
405835	2	405834	2	4
405836	3	28224	1	4
405841	7	405840	10	17
405854	5	405853	8	13
405856	4	405855	6	10
405862	2	405860	2	4
405891	17	405890	14	31
405895	2	405894	3	5
405897	26	295381	21	47
405903	8	405902	8	16
405905	9	405904	2	11
405910	23	405909	8	31
405914	9	405913	12	21
405925	1	28276	5	6
405939	1	405938	2	3
405952	2	405951	4	6
405957	10	28305	13	23
405976	3	28321	9	12
405983	13	825660	2	15
405990	3	405989	5	8
405991	5	28326	4	9
405994	15	405993	9	24
406008	2	406007	2	4
406010	10	406009	10	20
406034	22	406033	14	36
406045	5	28379	9	14
406049	3	406048	5	8
406052	1	406051	38	39
406053	7	28385	33	40
406063	1	406062	33	34
406068	5	406067	5	10
406079	7	406078	12	19
406080	3	28403	5	8
406082	3	406081	6	9
406091	4	406090	3	7
406097	2	28417	8	10
406100	2	406099	10	12
406106	6	406105	6	12
406110	10	406109	8	18
406112	7	406111	3	10
406120	11	406119	14	25
406125	1	406124	1	2
406127	3	406126	3	6
406136	11	28438	1	12
406139	4	406138	17	21
406164	3	406163	5	8
406169	2	406168	5	7
406177	1	406176	3	4
406179	4	406178	1	5
406186	2	406185	6	8
406197	3	406196	6	9
406199	5	28508	1	6
406207	3	406206	3	6
406216	3	406215	4	7
406223	9	406222	6	15
406228	1	406227	5	6
406231	12	406230	6	18
406234	7	406233	2	9
406241	6	406240	4	10
406242	6	28527	2	8
406260	5	406259	18	23
406273	5	406272	2	7
406298	6	406297	4	10
406301	5	406300	4	9
406307	4	406306	10	14
406315	15	406314	8	23
406322	5	28582	3	8
406325	3	406324	5	8
406327	9	406326	5	14
406335	10	406334	7	17
406364	22	28614	2	24
406371	5	406370	10	15
406376	2	406375	8	10
406379	2	406378	5	7
406382	6	406381	3	9
406392	11	28648	2	13
406411	6	406410	9	15
406437	7	28691	20	27
406439	6	28692	6	12
406444	1	406443	10	11
406452	13	406451	3	16
406456	4	406455	5	9
406459	1	406458	9	10
406479	4	406478	3	7
406483	1	28748	2	3
406486	4	406485	5	9
406491	3	406490	5	8
406495	6	406494	5	11
406500	3	406499	7	10
406520	5	406519	7	12
406522	6	406521	6	12
406532	2	406531	1	3
406541	5	406540	7	12
406546	6	406545	6	12
406556	1	406555	1	2
406557	3	406553	1	4
406566	15	406565	5	20
406568	3	406567	3	6
406572	3	28821	7	10
406573	4	28823	4	8
406575	4	406574	6	10
406579	6	406578	8	14
406596	8	406595	5	13
406619	3	406618	5	8
406627	4	406626	4	8
406632	2	406631	1	3
406636	1	825922	9	10
406641	9	406640	15	24
406648	18	406647	10	28
406655	8	28885	5	13
406660	10	406659	11	21
406666	24	825934	27	51
406673	2	406672	1	3
406678	12	825936	22	34
406687	22	406686	19	41
406691	6	406690	22	28
406696	11	406695	30	41
406700	5	406699	21	26
406704	9	406703	17	26
406718	5	406717	2	7
406725	7	406724	23	30
406729	10	406728	14	24
406730	5	28920	21	26
406746	26	406745	7	33
406754	2	406753	17	19
406756	32	406755	9	41
406759	9	295573	5	14
406763	4	406762	2	6
406766	10	406765	3	13
406775	8	406774	7	15
406781	9	406780	10	19
406787	3	406786	3	6
406795	1	406794	2	3
406807	5	406806	2	7
406814	2	406813	2	4
406826	6	406825	2	8
406831	9	406830	7	16
406834	3	406833	4	7
406841	1	406840	8	9
406843	4	406842	7	11
406857	9	406856	1	10
406874	8	406873	12	20
406885	5	29045	4	9
406891	4	406890	3	7
406900	1	406899	12	13
406907	8	29056	12	20
406917	8	406916	7	15
406926	6	406925	22	28
406928	1	406927	6	7
406932	4	29074	1	5
406934	3	406933	9	12
406940	1	29080	5	6
406944	8	406943	5	13
406948	7	406947	1	8
406956	7	29096	5	12
406967	5	406966	11	16
406976	2	406975	3	5
406979	3	406978	3	6
406983	5	406982	2	7
406986	1	406985	1	2
406992	1	406991	4	5
406998	5	406997	1	6
407002	11	407001	11	22
407005	2	407004	2	4
407020	3	407019	10	13
407027	5	407026	3	8
407034	5	407033	1	6
407040	6	407039	2	8
407057	1	407056	3	4
407059	5	407058	1	6
407063	7	407062	2	9
407065	2	407064	3	5
407078	6	407077	1	7
407083	5	407082	3	8
407087	8	407086	3	11
407096	1	407095	4	5
407099	5	407098	3	8
407102	3	407101	10	13
407113	5	407112	1	6
407115	3	407114	2	5
407117	10	826103	10	20
407120	3	29205	4	7
407123	5	407122	4	9
407125	4	826105	4	8
407127	2	407126	4	6
407134	7	826107	1	8
407142	6	407141	5	11
407163	10	407162	6	16
407165	15	407164	17	32
407169	10	407168	5	15
407176	5	407175	5	10
407179	2	407178	4	6
407185	14	407184	1	15
407191	6	407190	10	16
407193	11	29236	1	12
407200	8	407199	9	17
407204	7	407203	3	10
407206	5	29240	1	6
407212	6	407211	6	12
407217	4	407216	3	7
407218	2	29247	2	4
407226	10	29259	3	13
407230	5	407229	10	15
407232	4	407231	5	9
407277	21	29274	7	28
407280	5	407279	3	8
407290	3	29286	1	4
407291	5	29287	4	9
407295	17	407294	7	24
407305	1	29305	3	4
407310	4	29307	1	5
407320	3	407319	3	6
407322	2	407321	9	11
407327	8	407326	12	20
407332	9	407331	2	11
407334	4	407333	7	11
407336	4	407335	4	8
407351	14	29342	3	17
407363	5	407362	5	10
407366	5	407365	3	8
407367	11	29357	2	13
407378	2	407377	6	8
407380	5	29375	11	16
407388	2	407387	5	7
407390	4	407389	1	5
407392	2	407391	15	17
407411	5	407410	2	7
407420	1	29422	8	9
407428	10	407427	1	11
407435	4	407434	3	7
407438	1	29441	2	3
407442	4	407441	5	9
407443	2	29448	2	4
407448	8	407447	15	23
407452	4	407451	4	8
407454	3	407453	3	6
407478	4	29473	6	10
407482	2	407481	10	12
407488	3	407487	2	5
407493	1	407492	3	4
407495	1	407494	5	6
407498	15	29497	6	21
407500	2	407499	5	7
407506	2	29513	2	4
407509	2	407508	3	5
407512	3	407511	2	5
407514	2	407513	5	7
407527	5	407526	3	8
407537	3	407536	5	8
407544	1	407543	3	4
407546	10	407545	7	17
407549	24	29552	6	30
407551	7	407550	9	16
407559	5	407558	7	12
407561	11	407560	6	17
407563	9	407562	5	14
407565	19	407564	1	20
407568	9	407567	4	13
407579	13	407578	2	15
407584	10	407583	4	14
407590	11	407589	11	22
407596	52	407595	4	56
407599	4	407598	3	7
407605	5	407604	3	8
407607	6	407606	6	12
407610	7	407609	17	24
407614	4	295731	9	13
407625	4	407624	8	12
407631	7	407630	1	8
407641	4	407640	1	5
407663	2	29633	4	6
407666	1	407665	3	4
407668	1	407667	4	5
407672	7	407671	5	12
407687	1	407686	3	4
407694	1	407693	2	3
407696	2	407695	2	4
407705	3	407704	9	12
407715	3	29672	7	10
407718	9	407717	4	13
407725	8	407724	1	9
407730	1	29691	1	2
407736	6	407735	6	12
407738	4	407737	1	5
407767	11	29717	5	16
407778	4	407777	3	7
407781	10	407780	10	20
407787	3	407786	3	6
407795	5	407794	4	9
407798	7	407797	12	19
407815	2	407814	10	12
407829	5	407828	5	10
407842	6	29759	7	13
407859	3	407858	1	4
407868	10	29782	13	23
407872	9	407871	11	20
407875	3	407874	35	38
407883	2	407882	5	7
407886	1	407885	2	3
407906	5	826410	2	7
407912	4	407911	3	7
407915	2	407914	3	5
407917	4	407916	5	9
407919	5	407918	4	9
407928	4	407927	4	8
407947	12	407946	9	21
407969	7	407968	2	9
407974	8	407973	14	22
407980	3	407979	4	7
407988	5	407987	14	19
407998	8	407997	23	31
408001	2	29897	3	5
408006	3	408005	5	8
408052	4	29955	2	6
408054	1	408053	2	3
408074	5	408073	3	8
408085	4	408084	6	10
408088	3	826484	1	4
408095	4	29988	1	5
408112	1	408111	1	2
408115	1	408114	1	2
408127	1	408126	12	13
408134	4	408133	2	6
408141	3	408140	1	4
408147	11	408146	6	17
408149	10	408148	9	19
408159	10	30036	5	15
408161	4	408160	4	8
408172	7	408171	7	14
408174	4	408173	2	6
408176	4	408175	6	10
408178	6	408177	3	9
408186	10	408185	1	11
408193	9	408192	1	10
408196	1	408195	2	3
408201	4	408200	11	15
408205	3	408204	6	9
408220	12	408219	3	15
408233	10	408232	5	15
408236	5	408235	2	7
408239	3	408238	2	5
408241	9	408240	8	17
408259	4	408258	5	9
408263	3	295883	4	7
408266	8	30101	4	12
408284	10	408283	6	16
408293	7	408292	7	14
408295	9	30139	4	13
408309	4	408308	7	11
408314	1	408313	8	9
408316	1	408315	3	4
408319	6	408318	3	9
408328	8	408327	9	17
408351	3	30188	3	6
408352	3	30193	1	4
408354	1	826592	1	2
408365	7	408364	2	9
408374	4	408373	5	9
408379	13	408378	1	14
408388	11	408387	31	42
408392	5	30238	3	8
408408	1	408407	2	3
408411	1	408410	2	3
408416	6	295917	2	8
408418	1	408417	2	3
408423	7	408422	2	9
408426	6	408425	1	7
408430	10	295921	3	13
408435	3	408434	5	8
408447	15	408446	2	17
408460	4	408459	8	12
408462	15	408461	10	25
408475	4	408474	2	6
408480	1	408479	2	3
408482	7	408481	10	17
408484	12	408483	11	23
408488	8	408487	1	9
408495	5	408494	2	7
408496	4	30328	7	11
408503	2	408502	9	11
408517	7	408516	5	12
408521	4	408520	5	9
408524	8	408523	3	11
408528	3	408527	1	4
408530	3	30356	2	5
408532	7	408531	19	26
408536	5	408535	3	8
408539	5	408538	6	11
408545	9	408544	6	15
408549	8	408548	10	18
408559	4	295946	1	5
408561	4	408560	2	6
408564	2	30375	1	3
408573	5	30391	1	6
408575	2	408574	5	7
408578	5	408577	4	9
408582	5	408581	4	9
408595	9	30410	5	14
408600	5	408599	2	7
408611	6	408610	12	18
408614	5	408613	1	6
408616	2	408615	5	7
408620	4	408619	3	7
408622	13	408621	10	23
408648	2	408647	7	9
408651	4	408650	2	6
408654	3	408653	5	8
408656	6	408655	5	11
408659	2	408658	7	9
408665	6	408664	1	7
408673	3	408672	4	7
408678	9	408677	5	14
408688	49	408687	11	60
408696	6	30492	3	9
408699	5	408698	4	9
408702	4	408701	13	17
408705	3	408704	3	6
408710	1	408709	7	8
408732	7	408731	5	12
408745	2	408744	8	10
408756	4	408755	13	17
408763	6	408762	9	15
408787	6	408786	4	10
408803	7	408802	7	14
408811	7	408810	3	10
408819	9	408818	6	15
408823	5	408822	8	13
408828	12	408827	6	18
408831	10	408830	9	19
408833	3	408832	9	12
408849	2	408848	17	19
408854	20	408853	10	30
408858	2	826797	12	14
408861	10	30586	4	14
408871	4	408870	8	12
408874	4	408873	5	9
408876	5	408875	3	8
408879	2	408878	2	4
408888	15	408887	3	18
408896	6	408895	2	8
408907	5	408906	14	19
408912	7	408911	6	13
408916	7	408915	9	16
408935	3	408934	4	7
408940	3	408939	2	5
408955	10	408954	4	14
408957	6	408956	9	15
408967	15	408966	6	21
408971	5	408970	15	20
408977	9	408976	3	12
408979	1	408978	6	7
408991	3	408990	1	4
409005	8	409004	1	9
409010	5	409009	4	9
409013	8	409012	38	46
409031	7	409030	6	13
409034	5	30660	1	6
409042	4	409041	1	5
409044	2	409043	5	7
409052	6	409051	4	10
409064	2	409063	2	4
409067	5	409066	3	8
409073	5	409072	2	7
409077	4	409076	2	6
409082	1	30708	2	3
409091	4	409090	5	9
409118	13	409117	6	19
409120	11	409119	6	17
409124	2	409123	5	7
409132	3	409131	9	12
409137	6	409136	3	9
409142	1	409141	7	8
409145	6	409144	3	9
409148	8	409147	2	10
409152	5	409151	2	7
409157	10	409156	4	14
409164	1	409160	1	2
409165	7	30779	10	17
409168	6	409167	11	17
409171	3	30793	5	8
409175	5	409174	10	15
409177	5	409176	11	16
409185	2	409184	5	7
409199	2	409198	6	8
409202	22	409201	16	38
409205	9	409204	9	18
409207	5	409206	10	15
409212	16	30838	9	25
409214	7	30840	4	11
409223	14	409222	6	20
409233	4	409232	2	6
409238	6	409237	2	8
409241	2	409240	6	8
409245	5	409244	2	7
409263	6	409262	4	10
409281	7	409280	17	24
409286	8	409285	10	18
409288	6	409287	5	11
409289	5	826969	5	10
409293	7	409292	8	15
409295	4	30911	4	8
409309	3	409308	2	5
409334	7	409333	12	19
409337	3	409336	1	4
409338	5	826992	1	6
409346	15	409345	11	26
409349	12	409348	2	14
409353	7	409352	9	16
409360	3	409359	7	10
409366	4	409365	7	11
409377	10	409376	5	15
409380	4	409379	11	15
409394	7	409393	6	13
409396	4	409395	2	6
409403	6	31039	2	8
409408	6	409407	3	9
409410	13	409409	8	21
409413	3	409412	3	6
409416	2	409415	2	4
409429	8	409428	6	14
409432	2	409431	10	12
409436	7	409435	7	14
409446	7	409445	4	11
409449	3	409448	6	9
409451	3	409450	1	4
409454	5	409453	6	11
409457	4	409456	8	12
409459	8	409458	6	14
409465	4	31090	4	8
409469	3	409468	11	14
409477	3	409476	2	5
409486	3	409485	1	4
409500	2	409499	8	10
409507	1	409506	5	6
409514	2	409513	5	7
409520	9	409519	2	11
409533	18	409532	4	22
409543	4	409542	5	9
409553	2	409552	2	4
409556	11	409555	7	18
409561	14	31165	7	21
409574	6	409573	7	13
409578	5	409577	5	10
409592	5	409591	1	6
409595	5	409594	3	8
409597	2	409596	2	4
409606	2	409605	4	6
409609	2	409608	5	7
409619	2	31194	1	3
409623	1	409622	2	3
409632	2	409631	6	8
409645	11	409644	8	19
409647	3	409646	3	6
409658	1	409657	3	4
409666	3	409665	5	8
409674	1	296135	1	2
409678	1	409677	2	3
409709	1	409708	2	3
409711	1	409710	3	4
409714	6	31262	2	8
409716	5	409715	2	7
409734	5	409733	1	6
409753	7	409752	2	9
409769	1	409768	2	3
409775	1	409774	3	4
409781	2	409780	3	5
409788	3	409787	3	6
409793	4	409792	2	6
409795	6	409794	1	7
409797	5	409796	10	15
409813	5	31305	3	8
409819	3	409818	3	6
409824	5	409823	5	10
409828	5	31329	1	6
409830	6	31331	2	8
409839	9	409838	10	19
409848	2	409847	25	27
409850	4	409849	2	6
409853	2	409852	1	3
409860	11	31356	4	15
409866	3	409865	11	14
409874	4	409873	7	11
409878	1	409877	3	4
409885	10	409884	14	24
409888	4	409887	4	8
409890	14	409889	9	23
409892	12	409891	4	16
409899	7	409898	2	9
409907	13	409906	4	17
409913	1	409912	3	4
409915	8	409914	4	12
409922	13	409921	7	20
409924	9	409923	3	12
409929	12	409928	6	18
409932	18	31399	1	19
409938	6	409937	6	12
409943	2	409942	5	7
409947	9	409946	7	16
409963	2	31419	2	4
409967	7	409966	3	10
409978	3	409977	8	11
409982	2	409981	2	4
409985	3	409984	1	4
409996	2	409995	1	3
410002	4	410001	3	7
410004	3	410003	8	11
410008	11	410007	7	18
410013	13	410012	4	17
410018	7	410017	13	20
410025	8	410024	11	19
410032	5	410031	8	13
410035	3	410034	2	5
410041	5	31474	3	8
410061	3	410060	2	5
410063	2	410062	1	3
410068	4	410067	11	15
410076	5	410075	4	9
410078	16	410077	14	30
410081	12	410080	17	29
410085	16	410084	7	23
410094	12	410093	6	18
410102	6	410101	13	19
410107	8	410106	6	14
410115	5	410114	8	13
410125	10	410124	4	14
410131	1	31526	2	3
410139	3	31528	2	5
410142	7	410140	6	13
410154	2	410153	5	7
410157	17	410156	4	21
410159	10	410158	8	18
410163	7	410162	7	14
410170	47	31548	4	51
410184	1	410183	1	2
410195	26	410194	3	29
410206	5	410205	19	24
410214	9	410213	1	10
410219	2	410218	4	6
410234	5	410233	2	7
410244	6	410243	7	13
410248	8	410247	9	17
410253	3	410252	8	11
410257	15	410256	8	23
410275	6	410274	3	9
410277	8	410276	5	13
410279	4	410278	6	10
410289	10	410288	6	16
410291	8	410290	7	15
410305	10	31632	3	13
410327	2	410326	3	5
410329	16	410328	5	21
410333	5	410332	6	11
410335	3	410334	8	11
410337	3	410336	5	8
410341	7	410340	5	12
410344	1	31651	3	4
410355	1	410354	5	6
410377	9	410376	13	22
410382	14	410381	2	16
410384	7	410383	1	8
410386	5	410385	18	23
410390	6	410389	14	20
410393	4	410392	6	10
410413	6	410412	2	8
410416	15	410415	16	31
410424	3	410423	9	12
410427	7	410426	9	16
410432	10	410431	11	21
410437	7	410436	4	11
410441	6	410440	9	15
410450	4	410449	1	5
410461	15	410460	9	24
410463	20	410462	12	32
410474	11	410473	8	19
410489	2	410488	5	7
410505	2	410504	7	9
410522	5	410521	7	12
410531	12	410530	13	25
410536	11	410535	10	21
410540	3	410539	6	9
410543	3	410542	5	8
410550	2	410549	12	14
410554	1	410553	3	4
410563	11	410562	3	14
410565	14	410564	5	19
410567	5	410566	8	13
410579	9	410578	12	21
410589	5	410588	1	6
410594	3	31847	2	5
410596	12	31851	10	22
410600	4	410599	2	6
410616	2	410615	5	7
410620	1	410619	4	5
410623	7	410622	1	8
410626	2	410625	1	3
410630	5	410629	5	10
410632	5	410631	4	9
410646	13	410645	20	33
410649	8	410648	17	25
410652	6	410651	12	18
410657	11	410656	6	17
410666	1	410665	1	2
410669	1	410668	1	2
410678	1	410677	3	4
410692	2	410691	1	3
410695	6	410694	6	12
410700	14	410699	11	25
410711	5	410710	6	11
410721	7	410720	8	15
410724	5	410723	4	9
410728	4	410727	2	6
410737	2	410736	1	3
410741	4	31984	3	7
410746	6	31987	5	11
410749	11	410748	6	17
410781	1	410780	3	4
410786	5	410785	4	9
410792	9	410791	6	15
410794	11	410793	11	22
410795	7	32011	5	12
410802	14	827554	2	16
410809	4	410808	6	10
410813	7	410812	5	12
410816	8	410815	7	15
410826	9	410825	9	18
410828	6	32035	6	12
410851	6	410850	2	8
410856	6	410855	2	8
410862	1	410861	3	4
410863	2	32060	1	3
410876	26	410875	4	30
410877	1	296354	1	2
410887	1	410886	1	2
410897	16	410896	22	38
410899	7	410898	7	14
410902	11	410901	12	23
410907	11	410906	8	19
410910	11	410909	14	25
410914	17	410913	16	33
410927	2	410926	13	15
410932	4	410931	5	9
410937	12	410936	15	27
410948	8	410947	11	19
410961	2	410960	4	6
410969	2	410968	2	4
410977	6	410976	3	9
410983	6	410982	7	13
410995	12	410994	7	19
410999	8	410998	6	14
411001	9	411000	1	10
411002	1	32199	6	7
411006	1	411005	6	7
411027	3	411026	5	8
411030	5	32213	1	6
411049	4	32236	3	7
411053	2	411052	1	3
411057	2	411056	5	7
411066	9	296399	7	16
411077	2	411076	3	5
411084	1	411083	4	5
411086	7	411085	1	8
411094	5	411093	6	11
411115	1	411114	1	2
411135	1	411134	2	3
411137	3	827685	3	6
411143	11	32319	16	27
411154	3	411153	4	7
411156	3	411155	5	8
411159	6	411158	5	11
411163	2	411162	6	8
411168	14	411167	7	21
411173	13	411172	6	19
411175	7	411174	6	13
411179	9	411178	9	18
411201	4	411200	8	12
411205	4	411204	3	7
411207	3	411206	4	7
411211	1	411210	1	2
411215	8	411214	6	14
411218	2	411217	3	5
411227	6	411226	2	8
411233	4	411232	8	12
411245	4	411244	5	9
411248	9	411247	5	14
411253	2	411252	5	7
411264	13	411263	10	23
411271	7	411270	1	8
411272	6	827741	2	8
411275	11	411274	7	18
411281	6	411280	3	9
411284	2	827749	5	7
411289	3	411288	4	7
411292	2	411291	7	9
411294	9	411293	8	17
411297	4	411296	4	8
411299	13	411298	7	20
411306	4	411305	3	7
411312	39	411311	3	42
411315	3	411314	7	10
411319	4	411318	4	8
411341	5	411340	7	12
411343	15	411342	12	27
411349	2	411348	4	6
411352	8	411351	3	11
411354	7	411353	7	14
411374	1	411373	5	6
411381	12	32556	6	18
411387	3	411386	7	10
411389	3	411388	2	5
411397	8	411396	3	11
411406	5	411405	6	11
411416	8	32590	7	15
411424	3	411423	13	16
411428	17	32615	1	18
411430	3	411429	6	9
411448	10	411447	3	13
411453	9	411452	3	12
411457	3	411456	2	5
411460	3	411459	3	6
411463	4	32638	6	10
411475	8	32652	3	11
411487	3	411486	6	9
411505	4	32684	3	7
411508	1	411507	4	5
411511	3	411510	7	10
411524	2	411523	2	4
411543	2	32712	4	6
411546	5	411545	7	12
411548	2	411547	2	4
411555	2	296520	9	11
411556	4	32718	4	8
411559	12	411558	7	19
411566	6	411565	3	9
411576	6	411575	3	9
411585	6	411584	11	17
411588	6	411587	5	11
411604	5	411603	13	18
411609	8	411608	12	20
411620	17	411619	6	23
411636	2	32748	1	3
411640	4	411639	8	12
411643	7	411642	5	12
411653	6	827904	1	7
411657	8	32764	4	12
411673	9	32785	5	14
411682	2	411681	2	4
411686	7	411685	8	15
411689	1	411688	16	17
411701	3	411700	3	6
411705	5	411704	7	12
411712	2	411711	3	5
411718	13	411717	9	22
411720	2	32884	10	12
411742	3	411741	5	8
411749	7	411748	3	10
411753	5	411752	7	12
411758	3	32903	2	5
411767	1	411766	2	3
411777	6	411776	7	13
411792	62	411791	1	63
411799	6	411798	10	16
411803	13	411802	10	23
411810	3	411809	6	9
411819	2	411818	8	10
411827	15	827981	6	21
411838	9	411837	3	12
411841	10	411840	12	22
411846	7	411845	5	12
411855	9	32990	1	10
411863	13	411862	1	14
411870	2	411869	5	7
411881	7	411880	3	10
411887	13	411886	4	17
411889	3	411888	3	6
411893	3	411892	4	7
411901	4	411900	3	7
411910	4	411909	6	10
411915	7	411914	2	9
411917	5	411916	4	9
411919	7	411918	9	16
411922	4	411921	2	6
411925	4	411924	3	7
411929	8	411928	1	9
411934	1	411933	3	4
411942	6	411941	14	20
411958	2	411957	3	5
411965	18	411964	5	23
411970	1	411969	2	3
411972	18	411971	3	21
411977	3	411976	1	4
411992	3	33079	2	5
412003	8	412002	16	24
412010	8	412009	7	15
412013	12	412012	2	14
412015	12	412014	1	13
412019	3	828047	1	4
412028	3	412027	12	15
412030	2	412029	4	6
412032	4	412031	3	7
412041	7	412040	5	12
412043	4	412042	5	9
412052	3	412051	4	7
412061	1	412060	1	2
412065	3	296615	1	4
412068	2	412067	5	7
412077	5	412076	3	8
412102	1	412101	4	5
412109	2	33196	4	6
412113	6	412112	4	10
412115	2	412114	5	7
412127	12	33209	1	13
412131	6	412130	7	13
412133	2	412132	6	8
412139	5	33222	7	12
412150	25	412149	2	27
412157	9	33236	1	10
412162	12	412161	3	15
412171	2	412170	4	6
412175	6	412174	3	9
412183	4	412182	1	5
412188	2	412187	6	8
412204	5	412203	6	11
412209	7	412208	5	12
412216	10	412215	4	14
412221	2	412220	5	7
412228	2	412227	1	3
412232	2	412231	7	9
412239	2	412238	7	9
412241	8	412240	9	17
412249	1	412248	2	3
412251	2	33307	3	5
412253	3	412252	3	6
412259	2	412258	1	3
412274	1	412273	1	2
412281	8	412280	7	15
412312	2	412311	3	5
412324	1	412323	2	3
412329	2	412328	1	3
412334	3	412333	3	6
412343	3	412342	4	7
412350	2	33376	3	5
412353	3	412352	5	8
412356	4	412355	4	8
412373	8	33404	5	13
412376	2	412375	2	4
412396	1	33426	6	7
412401	2	412400	4	6
412414	1	412413	1	2
412418	2	412417	1	3
412423	4	412422	5	9
412425	2	412424	4	6
412427	2	412426	3	5
412433	1	412432	1	2
412445	8	412444	4	12
412459	6	33454	2	8
412461	2	412460	1	3
412465	3	412464	8	11
412473	1	412472	3	4
412477	2	412476	9	11
412479	3	412478	2	5
412490	1	412489	4	5
412493	3	412492	4	7
412497	6	412496	3	9
412500	3	412499	1	4
412504	7	412503	2	9
412513	3	412512	3	6
412517	14	412516	2	16
412529	4	412528	6	10
412532	1	412531	9	10
412534	8	412533	6	14
412536	3	412535	1	4
412538	1	412537	5	6
412554	17	412553	1	18
412557	1	412556	2	3
412558	1	33511	4	5
412566	1	412565	1	2
412571	6	33517	3	9
412583	9	412582	1	10
412587	6	412586	4	10
412589	4	412588	5	9
412595	3	412594	3	6
412597	10	412596	11	21
412604	7	412603	10	17
412609	4	412608	12	16
412611	3	296705	7	10
412613	13	412612	7	20
412616	4	33561	2	6
412637	5	412636	3	8
412644	2	412643	5	7
412662	3	412661	1	4
412674	4	412673	9	13
412689	1	412688	2	3
412718	2	412717	1	3
412721	2	412720	1	3
412722	2	33622	1	3
412725	1	412724	1	2
412739	1	33644	1	2
412743	1	412742	1	2
412762	1	412761	3	4
412783	2	412782	1	3
412789	1	412788	3	4
412792	7	412791	9	16
412805	1	33672	1	2
412817	1	412816	2	3
412828	9	412827	3	12
412831	5	412830	1	6
412852	1	412851	1	2
412860	4	412859	1	5
412863	1	412862	1	2
412866	1	33698	2	3
412875	9	412874	2	11
412880	15	412879	1	16
412882	5	412881	1	6
412900	1	412899	2	3
412904	1	412903	5	6
412914	5	412913	4	9
412921	1	412920	1	2
412934	4	412933	8	12
412947	10	412946	9	19
412955	6	412954	5	11
412960	9	412959	3	12
412970	4	412969	6	10
412988	4	412987	7	11
412995	1	412994	2	3
412999	1	412998	3	4
413010	1	33759	1	2
413016	2	413015	1	3
413032	1	413031	1	2
413039	3	413038	1	4
413045	4	413044	1	5
413050	1	33783	3	4
413075	1	413074	1	2
413077	1	828443	2	3
413093	2	413092	11	13
413099	6	33801	5	11
413101	3	413100	1	4
413126	4	413125	4	8
413172	1	413171	1	2
413180	3	413179	3	6
413181	1	828477	1	2
413185	2	413184	2	4
413192	1	413191	43	44
413194	4	413193	1	5
413199	5	413198	22	27
413240	7	413239	9	16
413254	4	33834	4	8
413259	1	413258	2	3
413278	2	413277	1	3
413280	1	413279	3	4
413282	3	413281	1	4
413296	2	413295	2	4
413297	2	296800	11	13
413304	5	413303	5	10
413306	3	413305	2	5
413308	1	413307	1	2
413323	5	413322	2	7
413332	3	413331	2	5
413334	3	413333	4	7
413346	9	413345	9	18
413349	1	413348	6	7
413357	1	413356	2	3
413365	2	413364	1	3
413369	9	413368	1	10
413375	8	413374	6	14
413377	14	413376	33	47
413392	7	413391	5	12
413398	2	413397	1	3
413401	6	413400	3	9
413406	3	413405	2	5
413415	1	413414	1	2
413417	5	33886	5	10
413429	1	413428	2	3
413444	4	413443	4	8
413454	13	33896	11	24
413467	5	413466	4	9
413474	3	33899	2	5
413476	3	413475	3	6
413478	1	413477	1	2
413480	1	33900	1	2
413482	2	413481	3	5
413485	1	413484	3	4
413489	1	413488	1	2
413498	2	413496	3	5
413503	2	413502	4	6
413505	14	413504	11	25
413508	5	413507	3	8
413511	1	413510	4	5
413513	3	413512	5	8
413515	3	413514	4	7
413519	8	413518	2	10
413526	4	413525	10	14
413529	15	413528	6	21
413532	3	413531	1	4
413534	6	413533	2	8
413537	2	413536	10	12
413571	5	828595	40	45
413586	11	413585	4	15
413589	9	413588	2	11
413598	6	413597	16	22
413600	4	413599	2	6
413608	7	413607	4	11
413612	8	413611	7	15
413616	16	413615	2	18
413627	10	413626	5	15
413638	7	413637	6	13
413651	5	413650	2	7
413672	7	413671	13	20
413674	2	413673	2	4
413676	7	413675	3	10
413690	7	413689	12	19
413694	2	413693	2	4
413696	3	413695	5	8
413701	7	413700	2	9
413718	1	33990	1	2
413722	5	413721	4	9
413723	4	33992	4	8
413731	8	413730	3	11
413747	4	34014	1	5
413749	1	34024	2	3
413777	2	34035	1	3
413781	1	413780	3	4
413795	5	413794	3	8
413801	4	413800	5	9
413803	6	828699	7	13
413805	3	34053	2	5
413809	1	413808	2	3
413824	3	413823	1	4
413828	4	413827	28	32
413830	1	413829	1	2
413832	2	413831	2	4
413834	3	413833	3	6
413857	21	413856	15	36
413862	4	413861	1	5
413864	15	34088	5	20
413867	11	413866	5	16
413869	2	413868	1	3
413872	1	413871	2	3
413876	2	413875	2	4
413880	4	413879	2	6
413885	10	413884	3	13
413887	10	413886	3	13
413892	2	413891	74	76
413914	5	413913	4	9
413920	3	413919	1	4
413929	1	413928	5	6
413931	18	828750	1	19
413935	1	413934	1	2
413938	4	413937	1	5
413947	1	34116	2	3
413949	1	413948	1	2
413951	1	413950	2	3
413956	10	413955	7	17
413963	6	413962	1	7
413966	10	413965	15	25
413969	2	413968	2	4
413976	1	828772	2	3
413977	2	34162	1	3
413985	7	413984	4	11
413987	1	413986	2	3
413990	3	413989	2	5
413993	3	413992	2	5
414009	3	34187	6	9
414011	5	296914	4	9
414018	1	34194	1	2
414020	2	414019	1	3
414022	26	414021	5	31
414037	19	414036	5	24
414049	2	414048	4	6
414066	4	414065	2	6
414071	4	34203	1	5
414085	2	414084	4	6
414094	1	414093	1	2
414098	6	414097	4	10
414107	5	296921	5	10
414114	4	414113	1	5
414121	2	414120	2	4
414130	3	414129	2	5
414132	1	414131	2	3
414134	1	414133	4	5
414140	4	414139	3	7
414145	4	414144	3	7
414147	1	414146	2	3
414150	7	414149	6	13
414178	18	414177	3	21
414192	3	414191	1	4
414194	1	414193	2	3
414198	4	414197	3	7
414200	3	414199	6	9
414214	2	414213	4	6
414218	2	414217	5	7
414223	1	414222	1	2
414238	1	414237	8	9
414242	3	414241	2	5
414247	4	414246	1	5
414249	1	414248	3	4
414254	9	414253	5	14
414257	1	414256	3	4
414271	7	414270	1	8
414284	2	414283	1	3
414302	6	414301	1	7
414314	7	414313	3	10
414335	2	34336	2	4
414343	2	414342	3	5
414346	7	414345	4	11
414349	3	414348	2	5
414352	2	414351	1	3
414376	2	414375	4	6
414378	8	414377	4	12
414379	2	34360	2	4
414391	5	414390	5	10
414396	7	414395	7	14
414401	3	414400	3	6
414403	3	414402	4	7
414407	2	414406	7	9
414414	3	414413	9	12
414421	8	414420	3	11
414423	2	414422	2	4
414429	3	414428	1	4
414431	13	34387	1	14
414438	7	414437	9	16
414440	2	414439	1	3
414444	7	414443	9	16
414446	3	414445	2	5
414450	1	34400	2	3
414457	3	414456	2	5
414469	2	414468	1	3
414475	3	414474	6	9
414478	1	34425	2	3
414494	2	414493	8	10
414498	7	414497	3	10
414501	7	414500	6	13
414506	2	414505	2	4
414508	6	414507	2	8
414510	5	414509	5	10
414527	2	414526	11	13
414536	2	414535	4	6
414548	4	414547	2	6
414553	6	414552	7	13
414558	3	414557	24	27
414577	8	414576	9	17
414589	12	414588	8	20
414594	16	34475	6	22
414597	12	414596	5	17
414600	3	414599	7	10
414606	1	414605	1	2
414608	11	414607	3	14
414610	5	414609	2	7
414613	5	414612	12	17
414615	8	34484	7	15
414621	4	414620	3	7
414627	5	414626	1	6
414636	4	414635	5	9
414644	6	414643	6	12
414646	3	414645	7	10
414649	2	414648	7	9
414662	3	414661	3	6
414666	6	414665	12	18
414672	10	414671	2	12
414675	2	34519	1	3
414681	2	414680	2	4
414683	4	414682	11	15
414694	17	414693	3	20
414701	1	414700	30	31
414714	3	34535	1	4
414717	1	34536	29	30
414719	1	414718	1	2
414724	13	414723	2	15
414731	4	414730	5	9
414738	4	414737	1	5
414751	3	414750	1	4
414754	2	414753	4	6
414760	3	414759	1	4
414762	1	414761	4	5
414765	1	829060	4	5
414787	3	414786	12	15
414802	6	414801	1	7
414804	1	414803	1	2
414806	2	414805	1	3
414809	1	414808	3	4
414812	1	414811	1	2
414814	4	414813	1	5
414816	1	414815	6	7
414830	1	414829	1	2
414831	1	34581	1	2
414836	2	414835	3	5
414857	1	414856	1	2
414859	2	414858	1	3
414874	2	414873	1	3
414881	5	414880	8	13
414884	6	34618	1	7
414887	1	414886	2	3
414909	4	414908	5	9
414912	1	414911	5	6
414915	5	414914	3	8
414925	1	414924	4	5
414927	5	414926	3	8
414929	2	34644	4	6
414931	5	414930	1	6
414938	2	414937	4	6
414939	3	34649	1	4
414946	6	297033	4	10
414948	1	414947	4	5
414961	4	414960	4	8
414966	7	414965	1	8
414986	3	34677	12	15
414989	2	414988	1	3
415002	2	415001	7	9
415007	8	415006	1	9
415017	3	415016	7	10
415019	14	415018	3	17
415023	6	415022	1	7
415028	1	415027	2	3
415032	16	415031	6	22
415040	1	415039	4	5
415049	1	415048	1	2
415053	2	415052	4	6
415064	1	415063	3	4
415066	4	829159	1	5
415074	3	415073	10	13
415079	1	415078	1	2
415085	3	415084	2	5
415092	3	415091	2	5
415121	2	415120	5	7
415124	1	415123	2	3
415163	5	415162	1	6
415181	5	415180	2	7
415187	1	415186	1	2
415209	3	415208	8	11
415213	6	415212	1	7
415216	2	415215	1	3
415223	2	415222	1	3
415229	2	415228	1	3
415255	7	415254	2	9
415263	2	34792	1	3
415272	1	415271	3	4
415277	1	829238	2	3
415288	3	415287	5	8
415298	12	415297	3	15
415300	2	415299	1	3
415305	3	415304	2	5
415311	1	415310	9	10
415313	2	415312	3	5
415323	3	415322	1	4
415329	12	415328	6	18
415333	2	415332	1	3
415337	4	415336	1	5
415358	3	415357	6	9
415361	3	415360	1	4
415364	1	415363	1	2
415380	2	415379	3	5
415386	5	415385	5	10
415389	4	415388	1	5
415394	1	415393	1	2
415396	9	415395	10	19
415409	2	415408	1	3
415433	1	415432	2	3
415435	4	415434	1	5
415448	1	415447	1	2
415456	1	415455	3	4
415462	2	415461	2	4
415486	2	34845	2	4
415488	2	415487	2	4
415494	3	415493	3	6
415504	2	297082	2	4
415508	1	415507	2	3
415512	3	415511	1	4
415516	1	415515	2	3
415518	2	415517	2	4
415519	2	34863	1	3
415524	1	415523	1	2
415532	1	415531	1	2
415539	1	415538	2	3
415543	3	415542	1	4
415545	1	415544	1	2
415556	24	415555	10	34
415580	1	415579	1	2
415587	45	415586	1	46
415590	2	415589	3	5
415619	2	415618	1	3
415625	8	415624	2	10
415644	16	415643	10	26
415653	2	415652	1	3
415655	2	415654	8	10
415662	2	415661	8	10
415671	3	415670	19	22
415673	1	415672	1	2
415681	1	415680	9	10
415696	1	297100	3	4
415697	4	34913	2	6
415703	2	415702	1	3
415712	1	415711	2	3
415717	2	34931	3	5
415720	6	34934	1	7
415722	5	415721	1	6
415724	2	415723	1	3
415736	3	415735	1	4
415739	2	297108	9	11
415741	3	415740	4	7
415743	1	829391	2	3
415746	2	415745	2	4
415771	3	415770	1	4
415781	2	415780	58	60
415799	6	415798	6	12
415801	1	415800	23	24
415805	16	415804	5	21
415809	1	415808	27	28
415811	1	415810	4	5
415813	3	415812	2	5
415817	3	415816	3	6
415825	3	415824	4	7
415884	1	415883	1	2
415885	3	34983	2	5
415889	2	415888	5	7
415892	2	415891	5	7
415904	7	415903	1	8
415911	4	415910	1	5
415917	4	415916	2	6
415929	4	415928	6	10
415932	6	415931	8	14
415934	5	415933	6	11
415936	3	415935	7	10
415938	8	415937	8	16
415947	18	415946	15	33
415957	19	415955	12	31
415960	2	415959	9	11
415973	4	415972	7	11
415978	14	415977	6	20
415982	7	415981	5	12
415985	4	415984	4	8
415988	3	415987	8	11
415993	9	415992	4	13
415995	5	415994	5	10
416001	5	416000	2	7
416012	1	416011	7	8
416025	6	416024	7	13
416027	5	416026	3	8
416029	6	416028	5	11
416031	1	35071	2	3
416036	1	297144	5	6
416040	3	416039	3	6
416063	6	416062	5	11
416067	9	416066	10	19
416071	9	416070	8	17
416082	17	416081	9	26
416101	4	829519	7	11
416108	10	416107	9	19
416116	2	416115	4	6
416128	14	416127	5	19
416136	8	416135	7	15
416144	7	416143	7	14
416147	9	416146	8	17
416152	9	35133	2	11
416160	12	416159	9	21
416165	6	416164	7	13
416180	7	416179	11	18
416185	12	416184	14	26
416199	4	416198	11	15
416212	7	35169	1	8
416214	8	1001536	5	13
416218	10	416217	2	12
416220	8	416219	4	12
416225	3	416224	2	5
416230	8	35178	9	17
416236	10	416235	9	19
416238	17	829568	11	28
416243	5	416242	7	12
416244	7	35192	6	13
416249	12	35197	12	24
416262	18	416261	5	23
416270	4	416269	2	6
416277	7	416276	2	9
416283	5	416282	5	10
416305	6	416304	3	9
416307	8	416306	8	16
416309	2	416308	3	5
416325	30	416324	11	41
416327	11	416326	19	30
416352	9	416351	9	18
416369	1	416368	5	6
416381	11	416380	4	15
416389	10	416388	9	19
416400	6	416399	2	8
416402	5	416401	9	14
416420	6	416419	3	9
416426	1	416425	6	7
416438	2	416437	3	5
416450	3	416449	1	4
416454	7	416453	20	27
416457	5	35296	3	8
416464	1	416463	1	2
416469	4	416468	8	12
416471	1	35316	5	6
416484	2	416483	1	3
416487	8	416486	3	11
416494	1	416493	3	4
416502	2	829664	5	7
416509	1	416508	4	5
416512	7	416511	12	19
416513	7	35343	1	8
416563	6	416562	1	7
416565	6	416564	3	9
416570	9	416569	7	16
416585	8	416584	8	16
416594	6	416593	4	10
416598	7	416597	3	10
416612	1	416611	6	7
416622	3	416621	5	8
416628	7	416627	5	12
416631	4	416630	11	15
416635	4	416634	2	6
416637	4	297243	1	5
416643	2	416642	7	9
416645	1	829726	2	3
416657	2	829728	2	4
416660	2	416659	4	6
416668	1	416667	2	3
416673	4	416672	5	9
416687	2	416686	2	4
416693	12	416692	3	15
416698	4	416697	3	7
416701	1	35438	7	8
416703	1	416702	1	2
416725	8	35491	9	17
416727	6	416726	20	26
416755	9	416754	11	20
416767	6	416766	18	24
416785	2	416784	1	3
416789	11	416788	3	14
416790	2	35528	4	6
416792	20	416791	6	26
416807	6	416806	6	12
416816	2	416815	3	5
416823	7	416822	15	22
416833	7	35559	8	15
416839	6	416838	11	17
416891	9	416890	11	20
416904	15	416903	25	40
416906	20	416905	6	26
416933	4	35590	4	8
416939	6	416938	8	14
416947	5	416946	11	16
416958	5	416957	7	12
416964	5	416963	1	6
416966	1	416965	5	6
416971	5	35606	9	14
416974	10	829863	6	16
416976	11	416975	14	25
416979	6	416978	10	16
416983	12	416982	6	18
416986	10	416985	7	17
416999	10	35622	15	25
417036	12	417035	14	26
417047	8	35668	13	21
417050	5	417049	11	16
417055	3	417054	2	5
417059	7	35683	1	8
417065	1	417064	2	3
417070	1	417069	5	6
417075	1	417074	4	5
417077	17	417076	2	19
417080	4	417079	2	6
417092	3	417091	2	5
417105	4	417104	2	6
417107	3	417106	1	4
417123	1	417122	2	3
417124	1	35731	2	3
417144	13	417143	10	23
417148	8	417147	3	11
417153	2	417152	2	4
417158	11	417157	13	24
417172	8	417171	17	25
417180	19	417179	10	29
417187	16	297380	4	20
417189	9	417188	8	17
417198	6	417197	3	9
417207	14	417206	12	26
417209	5	417208	2	7
417211	8	417210	18	26
417231	6	417230	8	14
417233	5	417232	1	6
417239	1	417238	5	6
417250	2	417249	3	5
417254	4	417253	2	6
417257	7	417256	9	16
417267	3	417266	17	20
417272	12	417271	10	22
417276	2	417275	1	3
417284	5	417283	13	18
417295	3	417294	15	18
417296	9	35848	7	16
417304	3	417303	6	9
417311	2	417310	1	3
417314	2	35854	4	6
417326	6	417325	6	12
417330	10	417329	6	16
417332	5	417331	6	11
417336	11	417335	12	23
417339	1	35862	2	3
417342	11	417341	7	18
417347	5	417346	9	14
417349	5	417348	4	9
417369	1	417368	2	3
417375	4	417374	4	8
417381	12	417380	9	21
417400	18	830009	1	19
417414	13	417413	13	26
417417	4	35931	2	6
417431	11	417430	10	21
417433	8	417432	13	21
417443	10	417442	10	20
417456	1	417455	3	4
417458	9	417457	13	22
417460	9	417459	3	12
417463	3	417462	2	5
417465	13	417464	5	18
417468	14	417467	12	26
417478	3	417477	5	8
417483	3	417482	4	7
417488	11	417487	11	22
417492	9	417491	6	15
417496	8	417495	13	21
417497	11	35995	2	13
417500	8	417499	1	9
417511	12	297436	5	17
417514	15	417513	9	24
417518	15	417517	8	23
417520	6	417519	8	14
417525	6	417524	11	17
417530	8	417529	9	17
417532	2	417531	9	11
417536	5	417535	11	16
417541	4	417540	7	11
417543	7	417542	8	15
417550	7	417549	6	13
417552	8	417551	4	12
417560	5	417559	4	9
417567	1	417566	6	7
417572	3	417571	1	4
417575	3	417574	2	5
417578	8	417577	5	13
417582	8	830070	4	12
417603	13	417602	11	24
417612	10	417611	3	13
417622	4	297450	5	9
417624	6	417623	5	11
417627	18	417626	11	29
417634	7	417633	11	18
417640	6	417639	9	15
417643	8	417642	12	20
417645	11	417644	4	15
417687	14	417686	9	23
417695	6	417694	8	14
417702	6	417701	13	19
417707	8	36079	11	19
417748	4	417747	8	12
417762	14	36098	5	19
417776	4	417775	7	11
417781	8	417780	10	18
417788	9	417787	11	20
417792	5	417791	4	9
417795	14	417794	13	27
417797	9	36113	4	13
417805	3	417804	1	4
417815	9	417814	9	18
417822	12	417821	11	23
417824	2	417823	3	5
417831	5	417830	1	6
417838	7	417837	11	18
417841	3	417840	8	11
417847	7	417846	6	13
417858	4	417857	132	136
417860	4	417859	7	11
417876	1	417875	8	9
417882	2	417881	18	20
417890	8	36161	6	14
417896	11	417895	6	17
417898	7	417897	8	15
417901	8	417900	10	18
417903	5	417902	4	9
417910	5	36175	4	9
417912	5	417911	8	13
417914	8	417913	1	9
417923	7	417922	6	13
417933	2	417932	6	8
417936	12	417935	9	21
417937	5	36194	8	13
417942	12	417941	8	20
417951	13	417950	4	17
417953	6	417952	7	13
417956	3	417955	3	6
417965	1	417964	1	2
417977	4	417976	7	11
417984	6	417983	7	13
417997	8	417996	69	77
418000	8	417999	4	12
418009	10	418008	7	17
418011	4	418010	6	10
418014	7	418013	3	10
418033	14	418032	7	21
418035	6	418034	14	20
418048	4	418047	4	8
418051	3	418050	4	7
418057	14	418056	4	18
418062	8	418061	4	12
418077	3	418076	5	8
418086	5	418085	2	7
418091	16	418090	5	21
418093	5	297538	7	12
418095	9	418094	12	21
418103	10	418102	8	18
418109	6	36313	12	18
418111	8	418110	13	21
418117	6	36321	2	8
418120	9	418119	5	14
418129	9	418128	9	18
418131	8	36332	5	13
418140	3	418139	3	6
418142	9	418141	8	17
418146	10	418145	10	20
418154	7	418153	7	14
418162	2	418161	7	9
418171	10	418170	4	14
418174	7	830241	8	15
418184	2	418183	7	9
418204	14	418203	15	29
418207	12	418206	12	24
418216	6	418215	6	12
418227	20	418226	9	29
418230	6	418229	13	19
418239	6	418238	3	9
418262	4	418261	4	8
418269	5	418268	10	15
418273	10	418272	7	17
418277	16	418276	18	34
418281	4	418280	7	11
418289	2	418288	3	5
418292	16	418291	33	49
418304	11	418303	18	29
418306	14	418305	15	29
418313	24	418312	6	30
418322	4	418319	1	5
418324	10	418323	9	19
418328	5	418327	4	9
418334	7	418333	8	15
418343	10	36454	6	16
418350	9	418349	2	11
418353	6	418352	10	16
418355	2	418354	2	4
418359	4	418358	17	21
418364	3	418363	4	7
418373	5	418372	11	16
418380	7	418379	3	10
418382	24	418381	7	31
418387	11	418386	8	19
418393	9	418392	4	13
418403	6	297586	3	9
418445	9	418444	3	12
418456	2	418455	3	5
418461	4	418460	5	9
418473	2	418472	24	26
418477	7	418476	4	11
418487	6	418486	7	13
418493	4	418492	4	8
418504	15	830363	5	20
418510	4	36558	1	5
418512	1	418511	1	2
418525	1	36572	2	3
418531	1	418530	2	3
418535	3	418534	5	8
418537	1	418536	2	3
418543	10	418542	3	13
418545	3	418544	2	5
418551	7	418549	1	8
418565	3	418564	4	7
418581	9	418580	13	22
418585	14	418584	1	15
418592	9	418591	9	18
418594	3	36603	9	12
418632	10	418631	4	14
418637	18	418636	9	27
418646	8	830424	4	12
418652	11	418651	6	17
418655	4	418654	12	16
418660	4	418659	1	5
418662	7	418661	5	12
418680	11	418679	10	21
418684	4	36653	3	7
418687	3	418686	10	13
418689	3	418688	5	8
418691	3	418690	4	7
418692	11	36661	3	14
418694	18	418693	5	23
418698	9	418697	13	22
418715	12	418714	11	23
418721	4	418720	3	7
418724	19	418723	17	36
418733	9	36677	7	16
418737	6	418736	19	25
418744	7	418743	13	20
418749	2	418748	4	6
418754	8	418753	13	21
418769	5	418768	4	9
418777	2	36712	1	3
418783	1	418782	1	2
418785	3	418784	4	7
418787	2	418786	2	4
418790	6	418789	4	10
418792	4	418791	3	7
418800	8	36733	4	12
418819	7	418818	6	13
418822	3	418821	5	8
418823	3	36758	1	4
418826	7	418825	9	16
418833	6	418832	4	10
418840	2	418839	2	4
418862	2	418861	9	11
418863	46	36793	1	47
418868	2	418867	7	9
418870	15	418869	5	20
418872	6	418871	4	10
418878	18	418877	10	28
418900	3	418899	15	18
418902	15	418901	4	19
418904	3	418903	3	6
418907	7	418906	9	16
418919	1	418918	4	5
418956	2	418955	1	3
418977	2	418976	1	3
419005	2	419004	3	5
419014	4	419013	1	5
419018	2	297692	1	3
419023	4	419022	4	8
419032	1	419031	2	3
419074	1	297707	2	3
419089	1	419088	4	5
419101	1	419100	2	3
419110	9	419109	4	13
419123	1	36938	2	3
419135	6	419134	5	11
419152	1	419151	1	2
419154	1	830606	1	2
419178	2	419177	3	5
419189	1	419188	1	2
419217	1	297745	17	18
419225	46	419224	17	63
419234	1	419233	1	2
419236	3	419235	2	5
419270	2	419269	1	3
419280	5	419279	3	8
419289	5	419288	2	7
419290	1	37044	2	3
419292	1	419291	53	54
419294	4	297757	3	7
419303	2	419302	1	3
419312	2	419311	1	3
419343	2	419342	1	3
419351	9	37094	2	11
419358	4	419357	1	5
419375	1	419374	2	3
419386	1	419385	2	3
419403	1	419402	3	4
419409	1	419408	1	2
419411	1	419410	1	2
419418	3	419417	5	8
419444	2	419443	1	3
419469	1	419468	1	2
419495	1	419494	2	3
419526	8	419525	6	14
419530	2	419529	1	3
419538	1	419537	1	2
419548	2	37175	1	3
419584	2	419583	7	9
419588	1	419587	2	3
419592	5	419591	4	9
419606	2	419605	1	3
419617	1	419616	1	2
419619	8	419618	6	14
419640	3	419639	1	4
419673	13	37202	8	21
419686	11	419685	2	13
419695	2	419694	8	10
419721	6	419720	1	7
419727	2	419726	3	5
419728	3	830784	1	4
419734	4	419733	2	6
419741	3	419740	4	7
419742	2	37261	1	3
419755	4	419754	1	5
419766	1	419765	1	2
419768	1	419767	1	2
419771	1	419770	2	3
419783	5	419782	1	6
419786	3	37280	3	6
419788	2	297837	11	13
419790	3	419789	1	4
419792	6	419791	6	12
419801	11	37286	5	16
419824	1	419823	1	2
419827	1	419826	1	2
419834	1	419833	2	3
419839	16	419838	3	19
419844	1	419843	1	2
419866	1	419865	1	2
419889	1	37329	11	12
419891	1	419890	1	2
419894	2	419893	2	4
419923	2	419922	2	4
419925	6	419924	1	7
419945	1	419944	1	2
419967	2	419966	1	3
419993	1	419992	15	16
420007	1	420006	1	2
420032	1	420031	1	2
420035	1	420034	1	2
420057	1	420056	1	2
420070	7	420069	1	8
420077	1	420076	2	3
420086	1	420085	1	2
420090	1	420089	4	5
420091	4	37435	1	5
420094	1	420093	4	5
420144	15	420143	1	16
420177	1	420176	1	2
420187	1	420186	1	2
420207	24	420206	1	25
420213	1	420212	2	3
420229	1	420228	1	2
420241	3	420240	1	4
420245	1	420244	1	2
420248	1	420247	2	3
420250	3	420249	4	7
420255	1	420254	1	2
420261	11	830973	8	19
420272	1	420271	1	2
420281	1	420280	8	9
420282	3	37518	8	11
420300	15	420299	2	17
420313	10	420312	1	11
420322	1	420321	1	2
420324	4	420323	7	11
420337	1	420336	1	2
420339	4	420338	1	5
420367	1	420366	3	4
420373	10	420372	1	11
420379	17	420378	25	42
420382	2	420381	1	3
420384	17	420383	10	27
420391	3	420390	3	6
420393	1	420392	1	2
420400	1	420399	3	4
420403	1	420402	4	5
420408	4	420407	4	8
420415	1	420414	1	2
420425	3	420424	1	4
420431	4	420430	2	6
420442	1	420441	2	3
420451	4	420450	6	10
420461	2	420460	1	3
420467	1	37594	3	4
420484	1	420483	1	2
420493	1	420492	2	3
420502	1	420501	1	2
420508	1	420507	1	2
420512	1	420511	1	2
420550	1	420549	1	2
420562	3	420561	1	4
420564	7	420563	14	21
420565	1	297963	2	3
420575	9	37627	5	14
420583	1	420582	2	3
420585	1	420584	1	2
420592	4	420591	4	8
420597	1	420596	9	10
420604	1	420603	1	2
420619	2	420618	2	4
420633	2	37662	1	3
420638	18	420637	3	21
420650	3	420649	3	6
420652	1	420651	2	3
420658	3	420657	6	9
420666	9	420665	5	14
420671	3	420670	4	7
420673	2	37684	2	4
420675	4	420674	2	6
420680	3	420679	3	6
420686	1	420685	3	4
420695	3	420694	2	5
420699	1	297992	1	2
420706	1	420705	1	2
420719	2	420718	1	3
420722	3	420721	6	9
420728	5	420727	8	13
420734	9	420733	3	12
420736	3	420735	1	4
420738	1	420737	1	2
420740	5	420739	2	7
420752	2	420751	2	4
420755	4	420754	13	17
420761	13	420760	4	17
420777	1	420776	1	2
420782	3	420781	1	4
420784	1	420783	1	2
420789	2	420788	3	5
420795	7	420794	4	11
420796	1	831145	16	17
420808	2	420807	1	3
420816	2	420815	2	4
420823	4	37765	2	6
420834	3	420833	7	10
420856	6	420855	10	16
420859	8	420858	4	12
420867	3	420866	5	8
420876	5	420875	2	7
420878	2	420877	4	6
420880	2	420879	1	3
420886	2	420885	3	5
420905	2	420904	1	3
420910	3	420909	1	4
420917	5	420916	3	8
420931	3	420930	4	7
420937	4	420936	4	8
420943	5	420942	111	116
420947	1	420946	2	3
420962	2	420961	2	4
420964	1	420963	1	2
420969	1	420968	1	2
421001	2	421000	3	5
421006	2	421005	5	7
421008	11	421007	2	13
421024	2	421023	1	3
421028	1	421027	1	2
421039	1	421038	1	2
421041	3	421040	4	7
421043	3	421042	3	6
421045	2	421044	1	3
421050	1	421049	7	8
421056	15	421055	11	26
421058	1	421057	2	3
421062	31	421061	41	72
421064	5	37915	9	14
421066	11	37917	6	17
421076	41	421075	1	42
421085	7	421084	9	16
421087	2	421086	2	4
421100	9	421099	4	13
421103	4	37924	2	6
421109	7	421108	5	12
421112	9	831269	2	11
421133	2	421132	6	8
421135	12	421134	5	17
421151	6	421150	15	21
421153	3	421152	1	4
421155	15	37961	7	22
421156	4	37962	8	12
421160	7	421159	6	13
421162	15	37965	11	26
421166	3	421165	2	5
421168	6	421167	7	13
421171	3	421170	2	5
421173	8	421172	2	10
421184	12	421183	7	19
421187	2	421186	9	11
421189	4	37979	6	10
421203	2	421202	9	11
421204	13	831299	5	18
421208	6	421207	3	9
421213	19	421212	20	39
421218	9	421217	5	14
421222	7	421221	5	12
421229	3	298088	1	4
421231	12	421230	6	18
421233	4	421232	10	14
421240	12	421239	6	18
421255	8	421254	1	9
421267	5	421266	4	9
421274	5	38048	9	14
421278	4	421277	19	23
421280	5	38053	9	14
421284	9	421283	4	13
421288	6	421287	6	12
421291	4	421290	1	5
421295	4	421294	2	6
421297	3	421296	11	14
421298	7	831330	10	17
421313	5	421312	5	10
421332	7	421331	3	10
421335	8	38103	3	11
421353	7	421352	1	8
421358	2	421357	8	10
421361	8	421360	3	11
421368	8	298116	1	9
421370	7	421369	3	10
421378	5	421377	4	9
421382	6	421381	6	12
421391	1	421390	4	5
421394	5	421393	7	12
421402	1	38162	4	5
421419	14	421418	8	22
421422	2	421421	3	5
421446	2	421445	1	3
421463	4	421462	1	5
421465	3	421464	5	8
421492	11	421491	12	23
421496	1	421495	3	4
421530	5	421529	7	12
421532	3	421531	11	14
421534	11	421533	12	23
421541	9	421540	12	21
421559	5	421558	4	9
421575	6	298157	2	8
421585	9	421584	12	21
421608	5	38315	8	13
421611	10	831466	5	15
421616	8	421615	5	13
421626	10	421625	16	26
421630	6	421629	12	18
421638	2	421637	10	12
421643	5	421642	2	7
421646	14	38344	4	18
421650	10	421649	6	16
421651	4	38348	3	7
421658	5	421657	2	7
421660	2	421659	11	13
421670	9	421669	11	20
421672	8	421671	7	15
421704	22	421703	3	25
421707	5	421706	15	20
421711	7	421710	3	10
421713	8	421712	9	17
421715	5	421714	3	8
421724	11	421723	7	18
421743	11	421742	10	21
421751	1	38420	3	4
421760	8	421759	5	13
421764	4	421763	1	5
421780	4	421779	4	8
421787	6	421786	5	11
421792	6	38435	5	11
421796	8	421795	7	15
421799	1	38445	1	2
421819	8	38462	1	9
421839	1	421838	5	6
421853	2	421852	3	5
421867	4	421866	3	7
421871	4	421870	1	5
421874	5	421873	1	6
421886	6	38510	4	10
421888	7	421887	9	16
421891	11	831562	5	16
421906	3	421905	9	12
421915	1	421914	1	2
421926	7	421925	7	14
421937	8	421936	3	11
421970	5	421969	1	6
421980	1	421979	2	3
421985	9	421984	5	14
421992	11	421991	5	16
421994	15	421993	8	23
421996	6	421995	4	10
422002	5	422001	4	9
422004	1	422003	2	3
422005	2	38593	1	3
422012	2	422011	3	5
422029	1	422028	4	5
422033	2	422032	8	10
422035	7	422034	3	10
422052	2	38638	1	3
422055	3	422054	1	4
422059	9	38642	3	12
422064	1	422063	2	3
422072	3	422071	6	9
422074	4	422073	4	8
422079	4	422078	5	9
422082	4	422081	3	7
422084	3	422083	2	5
422090	6	422089	10	16
422094	6	422093	3	9
422099	2	422098	7	9
422102	10	422101	10	20
422112	13	422111	19	32
422115	8	422114	8	16
422122	13	422121	1	14
422124	4	422123	3	7
422126	7	422125	7	14
422128	8	422127	5	13
422133	11	422132	10	21
422136	7	38714	6	13
422140	7	422139	12	19
422145	5	422144	6	11
422155	4	422154	9	13
422160	9	38723	5	14
422163	13	422162	6	19
422165	19	422164	7	26
422168	6	422167	12	18
422171	8	38735	6	14
422177	10	422176	102	112
422183	10	422182	11	21
422194	10	422193	7	17
422199	2	422198	2	4
422201	8	422200	4	12
422214	7	422213	5	12
422227	11	422226	11	22
422230	8	422229	11	19
422236	4	422235	13	17
422244	7	422243	4	11
422246	12	422245	3	15
422250	4	422249	5	9
422255	6	38784	16	22
422263	6	422262	11	17
422269	17	422268	12	29
422271	9	422270	4	13
422275	5	422274	10	15
422278	2	422277	3	5
422281	5	831716	6	11
422291	9	422290	15	24
422293	4	422292	3	7
422297	5	422296	3	8
422303	8	422302	2	10
422307	8	422306	4	12
422317	4	422316	5	9
422322	13	422321	4	17
422329	2	422328	10	12
422334	5	422333	4	9
422344	8	422343	9	17
422351	2	422350	2	4
422358	14	298305	3	17
422359	5	38823	4	9
422362	4	422361	5	9
422366	4	422365	7	11
422370	7	422369	47	54
422376	8	422375	2	10
422386	5	422385	9	14
422392	2	422391	2	4
422396	1	422395	1	2
422398	8	38845	1	9
422403	1	422402	4	5
422407	1	422406	4	5
422409	3	422408	1	4
422411	8	422410	11	19
422414	15	422413	6	21
422416	9	422415	3	12
422426	8	422425	6	14
422428	8	422427	7	15
422431	5	422430	5	10
422433	7	422432	5	12
422440	3	422439	2	5
422443	6	422442	1	7
422445	1	38875	6	7
422460	6	422459	1	7
422463	8	422462	2	10
422468	5	422467	2	7
422475	8	38884	6	14
422478	1	422477	1	2
422485	9	422484	7	16
422487	1	422486	3	4
422494	4	422493	2	6
422500	1	422499	2	3
422506	5	422505	6	11
422523	3	422522	3	6
422526	9	38918	8	17
422527	10	831793	2	12
422529	5	422528	5	10
422535	5	422534	6	11
422543	6	422542	12	18
422546	7	38927	4	11
422548	1	422547	6	7
422552	4	422551	5	9
422555	5	422554	4	9
422559	5	422558	1	6
422564	2	422563	4	6
422572	1	831818	14	15
422576	13	422574	12	25
422579	4	422578	4	8
422601	1	422600	1	2
422602	5	298339	2	7
422603	4	38974	5	9
422613	5	422612	5	10
422619	4	38987	12	16
422626	7	422625	8	15
422630	1	422629	2	3
422632	1	422631	13	14
422637	5	422636	7	12
422642	8	422641	8	16
422646	4	422645	7	11
422648	4	422647	7	11
422652	3	422651	3	6
422660	5	39016	1	6
422664	6	422663	4	10
422675	7	422674	8	15
422677	5	422676	3	8
422680	4	39042	4	8
422692	4	422691	8	12
422704	6	422703	5	11
422705	9	39065	1	10
422707	9	422706	3	12
422710	2	422709	6	8
422712	7	298357	4	11
422721	10	831886	5	15
422724	8	39072	7	15
422733	7	422732	9	16
422736	4	422735	7	11
422740	11	422739	11	22
422756	6	422755	10	16
422778	11	39107	6	17
422780	12	422779	8	20
422783	5	422782	6	11
422786	5	422785	5	10
422790	1	422789	1	2
422806	13	422805	9	22
422811	7	422810	21	28
422838	14	422837	7	21
422852	4	422851	16	20
422853	2	39160	7	9
422858	1	422857	5	6
422861	5	422860	10	15
422866	6	422865	3	9
422868	1	422867	7	8
422874	4	39171	6	10
422877	5	422876	5	10
422879	4	422878	1	5
422887	8	422886	3	11
422891	12	39180	8	20
422906	3	831957	2	5
422940	1	422939	1	2
422942	1	422941	1	2
422944	1	422943	1	2
422946	4	422945	4	8
422948	5	422947	1	6
422952	5	39259	1	6
422957	11	422956	4	15
422962	7	422961	16	23
422967	1	422966	5	6
422980	4	422979	2	6
422983	3	422982	1	4
423000	2	422999	6	8
423007	2	423006	3	5
423016	9	423015	5	14
423032	6	423031	11	17
423040	3	423039	4	7
423058	3	423057	10	13
423059	1	39332	2	3
423061	5	423060	2	7
423063	1	423062	6	7
423083	9	423082	17	26
423085	16	423084	16	32
423089	3	423088	4	7
423095	3	423094	1	4
423103	5	423102	13	18
423105	7	39367	9	16
423107	5	423106	10	15
423117	5	423116	6	11
423127	8	832054	9	17
423131	7	298421	5	12
423134	7	423133	6	13
423141	12	423140	10	22
423145	2	298424	11	13
423147	12	423146	6	18
423149	16	39400	6	22
423153	1	423152	2	3
423159	16	423158	8	24
423165	11	423164	9	20
423175	2	423174	4	6
423177	6	423176	7	13
423180	20	423179	9	29
423186	13	423185	14	27
423188	5	832072	7	12
423198	29	423197	5	34
423202	10	423201	4	14
423211	16	423210	9	25
423223	11	423222	5	16
423226	4	423225	10	14
423232	12	423231	6	18
423234	6	423233	8	14
423236	2	423235	9	11
423237	8	832086	8	16
423249	4	423248	12	16
423262	4	423261	4	8
423265	8	423264	15	23
423275	5	423274	2	7
423289	6	423288	7	13
423292	21	423291	1	22
423295	11	423294	5	16
423300	8	39493	1	9
423309	6	423308	6	12
423316	13	423315	6	19
423324	12	423323	15	27
423330	3	423329	10	13
423335	12	423334	8	20
423342	12	423341	7	19
423354	10	423353	20	30
423360	8	423359	12	20
423369	78	423368	15	93
423372	15	423371	4	19
423376	4	423375	5	9
423411	4	423410	7	11
423417	7	423416	11	18
423423	12	832161	8	20
423427	5	423426	11	16
423438	3	39578	9	12
423450	10	423449	8	18
423461	4	423460	8	12
423477	5	423476	4	9
423494	8	423493	7	15
423497	14	423496	20	34
423507	4	423506	4	8
423510	7	423509	5	12
423512	8	423511	5	13
423523	4	423522	4	8
423532	8	423531	6	14
423544	4	39676	2	6
423550	5	423549	3	8
423554	11	298489	9	20
423576	7	423575	3	10
423577	6	298498	4	10
423582	6	423581	4	10
423585	3	39703	6	9
423586	6	39705	3	9
423588	5	39713	6	11
423592	1	423591	4	5
423604	9	423603	5	14
423610	5	423609	11	16
423612	4	423611	4	8
423624	5	423623	2	7
423631	10	423630	10	20
423640	11	423639	7	18
423648	4	423647	5	9
423659	4	423658	26	30
423665	2	423664	9	11
423676	1	423675	1	2
423682	2	423681	5	7
423693	1	423692	1	2
423698	7	423697	1	8
423701	1	423700	1	2
423706	2	39830	2	4
423724	1	423723	1	2
423733	1	423732	2	3
423737	6	423736	13	19
423740	5	423739	3	8
423751	3	423750	2	5
423762	5	832293	6	11
423765	1	423764	2	3
423767	2	423766	4	6
423779	5	423778	6	11
423781	1	423780	2	3
423794	5	423793	4	9
423803	4	423802	23	27
423814	2	423813	1	3
423833	1	423832	1	2
423836	2	423835	3	5
423852	1	423851	2	3
423862	1	298557	3	4
423865	4	423864	5	9
423870	2	423869	2	4
423873	1	40003	1	2
423878	12	40008	2	14
423892	2	423891	17	19
423897	4	423896	4	8
423899	7	423898	3	10
423902	1	423901	2	3
423906	9	423905	7	16
423919	2	423918	4	6
423920	3	832357	2	5
423924	1	40035	2	3
423927	7	423926	6	13
423930	3	423929	7	10
423932	21	423931	5	26
423950	3	423949	3	6
423956	2	40078	2	4
423975	6	423974	8	14
423977	4	423976	2	6
423981	4	423980	8	12
423984	4	423983	2	6
423999	3	423998	10	13
424003	3	424002	2	5
424009	4	424008	5	9
424027	5	424026	8	13
424030	9	832419	1	10
424039	6	424038	1	7
424049	4	40170	2	6
424062	3	424061	14	17
424067	1	424066	6	7
424069	9	424068	7	16
424075	6	424074	8	14
424081	3	424080	1	4
424084	2	424083	8	10
424088	5	424087	3	8
424100	7	424099	6	13
424103	3	424102	6	9
424106	1	424105	3	4
424123	1	424122	5	6
424125	8	424124	4	12
424127	9	424126	3	12
424141	1	40206	1	2
424143	2	424142	3	5
424145	5	424144	6	11
424152	10	40215	7	17
424157	14	424156	10	24
424159	4	424158	11	15
424161	14	424160	3	17
424174	8	1003891	9	17
424189	4	424188	3	7
424193	2	424192	1	3
424199	7	424198	11	18
424205	3	424204	1	4
424207	17	424206	6	23
424222	3	424221	5	8
424229	6	424228	2	8
424231	13	424230	2	15
424268	3	424267	6	9
424270	3	424269	1	4
424273	5	424272	5	10
424275	1	424274	6	7
424288	3	424287	2	5
424290	2	424289	2	4
424295	1	424294	1	2
424299	4	40344	6	10
424302	13	40348	2	15
424319	5	424318	2	7
424327	5	424326	1	6
424331	2	424330	10	12
424336	2	424335	4	6
424350	9	424349	5	14
424360	7	424359	7	14
424363	3	424362	4	7
424369	1	424368	2	3
424373	6	424372	10	16
424375	8	424374	4	12
424378	3	424377	15	18
424385	2	424384	1	3
424389	3	424388	2	5
424395	4	424394	6	10
424399	2	40407	6	8
424402	5	424401	9	14
424406	5	424405	2	7
424417	8	424416	1	9
424428	10	424427	11	21
424432	8	424431	4	12
424434	3	424433	9	12
424442	5	424441	3	8
424458	3	424457	1	4
424462	7	424461	9	16
424463	1	40460	4	5
424474	6	424473	7	13
424481	6	424480	9	15
424482	7	298661	3	10
424498	7	424497	6	13
424503	18	424502	4	22
424508	5	424507	5	10
424512	1	424511	1	2
424514	3	424513	2	5
424516	7	424515	4	11
424527	5	424526	12	17
424545	5	424544	2	7
424557	5	40537	3	8
424564	8	424563	2	10
424568	2	424567	3	5
424572	2	424571	2	4
424578	6	424577	3	9
424580	7	424579	3	10
424586	4	424585	5	9
424607	3	424606	7	10
424614	5	424613	1	6
424617	6	424616	1	7
424629	4	424628	2	6
424635	5	424634	2	7
424645	3	424644	1	4
424653	7	424652	1	8
424660	6	424659	5	11
424663	1	424662	3	4
424667	4	424666	6	10
424678	2	424677	13	15
424682	4	424681	6	10
424688	4	40646	7	11
424691	3	424690	2	5
424706	4	424705	6	10
424713	3	424712	3	6
424720	10	40698	8	18
424727	4	424726	6	10
424730	16	424729	16	32
424748	7	424747	5	12
424750	1	424749	5	6
424764	6	424763	7	13
424771	1	424770	13	14
424774	5	424773	1	6
424778	5	424777	7	12
424784	7	40729	4	11
424789	1	424788	2	3
424803	2	424802	3	5
424825	6	424824	4	10
424827	6	424826	2	8
424828	6	832721	16	22
424830	2	424829	10	12
424855	4	424854	2	6
424857	10	40780	7	17
424861	5	424860	8	13
424875	6	424874	5	11
424886	11	424885	13	24
424896	13	424895	7	20
424908	21	424907	3	24
424912	2	424911	2	4
424917	2	832755	1	3
424927	1	424926	4	5
424944	9	424943	9	18
424948	23	424947	4	27
424951	1	424950	7	8
424965	9	424964	2	11
424978	1	424977	5	6
424994	13	424993	5	18
425028	1	40867	4	5
425030	8	425029	2	10
425038	2	425037	2	4
425045	4	425044	3	7
425049	10	425048	6	16
425058	12	832819	5	17
425068	12	425067	10	22
425076	4	425075	10	14
425078	5	425077	6	11
425083	2	425082	5	7
425085	11	425084	5	16
425087	9	425086	2	11
425090	2	425089	5	7
425097	3	425096	9	12
425098	11	40912	8	19
425101	4	425100	3	7
425103	6	425102	5	11
425111	1	40917	4	5
425115	4	425114	4	8
425123	3	425122	4	7
425128	3	425127	9	12
425140	5	425139	9	14
425148	2	425147	5	7
425153	3	425152	4	7
425164	3	425163	6	9
425174	4	425173	6	10
425176	2	425175	5	7
425181	4	425180	1	5
425184	2	425183	3	5
425194	4	425193	1	5
425214	3	425213	9	12
425216	2	425215	2	4
425228	5	425227	1	6
425245	2	425244	4	6
425254	7	425253	4	11
425260	3	425259	3	6
425275	6	425274	3	9
425276	2	832915	4	6
425279	4	425278	4	8
425285	17	425284	1	18
425288	7	425287	1	8
425297	9	425296	3	12
425301	2	40996	2	4
425305	3	425304	1	4
425307	2	425306	4	6
425310	10	41000	9	19
425344	1	425343	5	6
425352	3	425351	9	12
425358	5	425357	5	10
425361	4	41028	1	5
425377	4	425376	3	7
425381	24	425380	8	32
425384	13	425383	5	18
425392	1	425391	2	3
425394	2	425393	3	5
425396	1	425395	3	4
425402	2	425401	2	4
425413	1	425412	3	4
425424	8	425423	11	19
425427	3	425426	1	4
425436	3	425435	3	6
425443	6	425442	1	7
425444	2	41109	2	4
425451	1	425450	1	2
425555	7	298830	4	11
425627	3	425626	6	9
425633	5	425632	1	6
425641	6	425640	4	10
425651	4	425650	3	7
425661	25	425660	4	29
425666	11	425665	2	13
425686	1	425685	2	3
425690	2	41199	2	4
425694	4	425693	3	7
425701	10	425700	10	20
425704	7	425703	5	12
425709	1	425708	2	3
425713	4	41216	2	6
425715	5	41217	2	7
425722	2	425721	5	7
425729	6	425728	3	9
425739	4	425738	4	8
425762	10	298859	1	11
425768	1	425767	2	3
425770	3	41237	3	6
425772	6	425771	8	14
425801	16	41268	2	18
425809	3	425808	3	6
425816	10	41287	2	12
425826	3	425825	1	4
425829	3	425828	1	4
425841	4	425840	6	10
425845	6	41345	2	8
425854	8	425853	2	10
425856	1	425855	7	8
425865	3	425864	1	4
425870	3	425869	4	7
425871	8	41373	28	36
425876	1	425875	1	2
425881	3	425880	2	5
425888	5	425887	1	6
425893	3	425892	2	5
425898	4	425897	25	29
425902	8	833286	2	10
425931	5	425930	1	6
425942	3	425941	3	6
425953	3	833309	3	6
425955	1	425954	37	38
425969	2	425968	3	5
425987	5	41430	8	13
425990	7	425989	8	15
425991	1	41438	1	2
425993	5	425992	3	8
425999	5	41444	5	10
426011	2	426010	1	3
426014	4	41464	4	8
426021	3	426020	1	4
426026	1	426025	4	5
426029	2	426028	3	5
426034	4	1004492	6	10
426035	8	1004494	1	9
426043	5	426042	6	11
426049	5	426048	3	8
426059	11	426058	2	13
426061	2	426060	8	10
426066	6	41495	2	8
426070	10	41499	2	12
426083	7	426082	3	10
426087	4	426086	3	7
426096	4	426095	1	5
426106	3	426105	3	6
426110	4	426109	2	6
426114	7	426113	3	10
426119	7	426118	3	10
426131	1	426130	2	3
426144	2	426143	4	6
426148	3	426147	5	8
426156	2	426155	1	3
426165	15	41572	4	19
426172	3	426171	5	8
426174	2	426173	7	9
426175	6	298929	2	8
426180	3	426179	4	7
426192	1	426191	2	3
426194	4	426193	4	8
426201	6	298934	2	8
426204	4	426203	3	7
426209	2	426208	7	9
426212	5	298935	7	12
426238	1	426237	1	2
426242	3	426241	6	9
426253	1	426252	1	2
426256	4	41641	7	11
426260	10	41647	4	14
426263	5	426262	2	7
426273	5	426272	2	7
426287	5	426286	1	6
426293	1	426292	8	9
426301	3	426300	3	6
426313	4	426312	2	6
426315	10	41688	1	11
426317	4	833465	7	11
426322	8	426321	9	17
426323	15	41694	6	21
426328	7	426327	6	13
426330	5	41700	2	7
426343	3	426342	1	4
426353	1	426352	2	3
426359	3	41725	1	4
426367	4	41733	2	6
426379	1	426378	1	2
426396	2	41760	2	4
426403	8	41763	3	11
426415	1	426414	5	6
426417	5	426416	7	12
426424	3	426423	6	9
426428	2	426427	5	7
426430	2	426429	1	3
426435	7	426434	10	17
426438	2	426437	1	3
426445	3	426444	8	11
426463	2	426462	2	4
426467	2	426466	7	9
426471	5	426470	5	10
426474	1	426473	4	5
426478	1	426477	5	6
426480	2	426479	6	8
426481	5	41820	3	8
426483	4	426482	3	7
426490	4	426489	5	9
426500	5	426499	4	9
426506	4	426505	17	21
426510	8	41856	1	9
426511	3	41859	1	4
426520	3	426519	3	6
426524	1	426523	7	8
426530	2	426529	3	5
426533	2	426532	1	3
426543	5	426542	1	6
426556	4	426555	4	8
426558	4	426557	5	9
426561	2	426560	6	8
426562	5	833603	1	6
426579	3	426578	8	11
426601	2	426600	3	5
426608	2	426607	5	7
426620	1	41949	1	2
426624	3	426623	5	8
426626	2	426625	2	4
426629	5	299020	1	6
426633	4	426632	4	8
426634	1	41960	3	4
426637	2	41962	1	3
426641	6	41965	3	9
426643	1	426642	1	2
426649	4	426648	3	7
426656	11	833642	1	12
426660	7	426659	6	13
426664	2	426663	1	3
426669	3	426668	5	8
426671	1	426670	6	7
426682	3	426681	2	5
426685	4	426684	1	5
426695	3	833666	1	4
426703	3	426702	1	4
426716	3	42024	3	6
426731	3	426730	1	4
426736	4	426735	2	6
426740	3	426739	7	10
426752	1	426751	6	7
426755	7	426754	2	9
426757	1	426756	10	11
426765	2	426764	1	3
426774	3	426773	5	8
426776	8	426775	3	11
426783	1	42068	2	3
426788	2	42072	2	4
426792	13	426791	6	19
426799	9	426798	4	13
426813	1	426812	2	3
426830	9	426829	4	13
426837	1	426836	1	2
426846	3	426845	2	5
426851	5	42139	2	7
426853	1	426852	2	3
426861	3	426860	7	10
426880	3	426879	4	7
426883	3	833752	8	11
426887	1	426886	4	5
426891	7	42153	8	15
426895	3	426894	3	6
426897	8	426896	4	12
426911	5	426910	3	8
426916	2	426915	7	9
426921	1	426920	1	2
426924	5	426923	3	8
426926	1	426925	3	4
426928	4	42169	2	6
426932	4	426931	12	16
426934	4	42173	7	11
426937	5	426936	7	12
426944	5	426943	4	9
426949	6	426948	5	11
426952	10	426951	4	14
426956	3	426955	4	7
426971	4	426970	8	12
426975	6	426974	4	10
426990	3	426989	7	10
427000	6	426999	5	11
427005	5	427004	10	15
427008	6	427007	4	10
427010	3	427009	1	4
427018	3	427017	2	5
427020	5	427019	7	12
427022	7	427021	1	8
427026	12	427025	6	18
427029	7	427028	5	12
427040	1	427039	1	2
427042	2	427041	4	6
427047	4	427046	3	7
427059	9	427058	4	13
427062	3	427061	5	8
427064	4	427063	2	6
427069	6	42236	2	8
427081	6	427080	7	13
427091	4	427090	3	7
427098	4	427097	6	10
427107	3	427106	7	10
427117	8	427116	13	21
427121	5	427120	2	7
427125	30	427124	3	33
427128	45	427127	7	52
427130	2	427129	7	9
427136	1	427135	3	4
427139	5	427138	8	13
427147	9	427146	2	11
427153	5	427152	5	10
427161	4	427160	3	7
427176	2	427175	2	4
427178	1	427177	7	8
427188	3	427187	10	13
427201	6	427200	5	11
427203	2	427202	2	4
427206	3	427205	2	5
427218	5	427217	2	7
427220	6	427219	6	12
427231	9	427230	10	19
427233	5	427232	6	11
427254	2	42356	7	9
427259	4	427258	1	5
427265	5	427264	2	7
427273	11	427272	1	12
427279	1	427278	9	10
427282	6	427281	5	11
427283	2	42367	7	9
427288	10	427287	5	15
427293	7	427292	6	13
427296	5	427295	5	10
427298	5	427297	4	9
427300	9	427299	5	14
427304	5	427303	6	11
427309	5	427308	5	10
427314	2	427313	10	12
427331	5	427330	7	12
427333	1	427332	2	3
427344	2	427343	2	4
427348	8	427347	4	12
427354	4	427353	2	6
427356	4	427355	2	6
427359	7	833929	4	11
427361	7	427360	2	9
427365	12	427364	7	19
427366	8	42399	3	11
427368	3	42401	1	4
427371	1	427370	6	7
427403	4	427402	9	13
427409	2	427408	1	3
427411	10	427410	8	18
427417	3	427416	3	6
427434	4	427433	5	9
427440	4	427439	4	8
427447	7	427446	2	9
427462	4	427461	4	8
427464	4	427463	6	10
427467	8	427466	5	13
427469	2	427468	8	10
427473	5	42438	1	6
427479	4	427478	2	6
427485	3	299141	3	6
427495	6	427494	1	7
427506	3	833999	4	7
427508	4	427507	1	5
427517	16	427516	3	19
427523	10	427522	5	15
427527	7	834010	4	11
427533	3	427532	6	9
427544	3	427543	4	7
427558	1	427557	4	5
427560	3	427559	1	4
427569	2	427568	7	9
427573	7	427572	5	12
427585	2	427584	1	3
427589	2	427588	11	13
427591	3	427590	3	6
427604	8	427603	9	17
427615	1	427614	6	7
427617	1	427616	5	6
427632	6	427631	4	10
427637	7	42486	5	12
427643	7	427642	3	10
427646	5	427645	6	11
427663	3	834057	1	4
427667	6	427666	3	9
427670	4	427669	3	7
427677	2	427676	2	4
427682	8	427681	8	16
427684	4	427683	3	7
427692	23	427691	1	24
427703	5	427702	3	8
427710	7	834076	12	19
427712	12	834079	6	18
427714	20	427713	9	29
427716	7	427715	6	13
427718	15	427717	13	28
427726	3	427725	5	8
427731	5	427730	3	8
427732	6	42511	6	12
427746	2	427745	7	9
427748	2	427747	37	39
427752	3	427751	10	13
427763	9	427762	1	10
427782	8	427781	5	13
427789	5	427788	1	6
427791	1	427790	3	4
427794	4	427793	5	9
427796	3	427795	4	7
427798	5	834115	4	9
427801	14	427800	1	15
427805	6	427804	5	11
427810	3	427809	3	6
427813	6	427812	8	14
427817	9	427816	1	10
427821	5	427820	2	7
427826	3	427825	5	8
427831	5	427830	3	8
427837	3	427836	4	7
427845	5	427844	6	11
427847	4	427846	4	8
427850	4	427849	3	7
427853	3	427852	1	4
427871	11	427870	3	14
427883	1	427882	3	4
427884	2	42571	3	5
427886	1	427885	1	2
427889	3	427888	2	5
427909	4	427908	4	8
427912	3	427911	7	10
427915	9	427914	5	14
427925	5	427924	9	14
427945	5	427944	9	14
427947	32	427946	13	45
427949	5	1005069	7	12
427954	3	427953	1	4
427958	3	427957	3	6
427974	3	42641	3	6
427977	15	427976	13	28
427984	3	427983	4	7
427991	6	427990	8	14
427999	5	42661	1	6
428008	3	428007	1	4
428016	3	428015	7	10
428018	6	428017	2	8
428023	3	42676	7	10
428030	6	428029	6	12
428031	5	42681	4	9
428034	7	428033	5	12
428049	4	428048	11	15
428052	5	428051	8	13
428059	2	428058	2	4
428065	2	428064	7	9
428074	4	428073	4	8
428079	3	428078	11	14
428090	8	428089	5	13
428096	7	428095	3	10
428098	16	428097	7	23
428113	13	428112	10	23
428117	3	428116	8	11
428119	1	428118	4	5
428123	8	428122	10	18
428129	4	428128	19	23
428133	6	428132	16	22
428149	4	428148	5	9
428156	4	428155	3	7
428164	3	428163	3	6
428167	6	428166	3	9
428177	9	428176	7	16
428209	3	42719	5	8
428216	1	428215	2	3
428220	7	428219	5	12
428233	3	428232	1	4
428236	1	428235	4	5
428262	11	428261	2	13
428275	3	428274	7	10
428287	4	428286	3	7
428290	9	428289	6	15
428295	5	42805	1	6
428297	5	428296	3	8
428308	1	428307	14	15
428309	2	42812	2	4
428318	3	428317	9	12
428325	6	428324	4	10
428329	13	428328	6	19
428335	3	428334	5	8
428337	2	428336	6	8
428339	1	428338	9	10
428341	4	428340	5	9
428353	1	299261	3	4
428362	12	428361	1	13
428365	6	428364	4	10
428368	9	428367	4	13
428404	3	428403	2	5
428430	4	428429	2	6
428433	2	299269	1	3
428438	2	428437	3	5
428447	2	428446	3	5
428452	3	428451	4	7
428456	4	428455	3	7
428460	2	428459	5	7
428463	8	428462	6	14
428465	4	428464	1	5
428466	13	42885	2	15
428468	2	428467	2	4
428473	4	428472	3	7
428477	6	428476	5	11
428481	4	428480	2	6
428488	14	428487	10	24
428490	10	428489	6	16
428493	4	428492	7	11
428505	7	428504	6	13
428508	3	428507	2	5
428511	8	428510	13	21
428518	9	428517	4	13
428526	4	428525	9	13
428528	5	428527	2	7
428537	3	428536	8	11
428539	14	428538	8	22
428541	2	428540	3	5
428545	12	428544	1	13
428553	4	428552	2	6
428561	6	428560	3	9
428564	4	428563	5	9
428576	4	428575	7	11
428584	4	42908	3	7
428586	7	42910	7	14
428591	4	428590	6	10
428597	6	428596	2	8
428598	1	299284	5	6
428603	5	428602	7	12
428607	24	428606	7	31
428609	3	428608	2	5
428612	3	428611	2	5
428621	4	428620	4	8
428629	2	428628	10	12
428631	6	428630	7	13
428641	2	428640	1	3
428645	9	428644	5	14
428648	8	428647	4	12
428652	2	428651	5	7
428653	14	834459	4	18
428656	7	428655	2	9
428658	4	428657	2	6
428662	4	428661	11	15
428668	6	428667	1	7
428671	6	428670	7	13
428694	10	428693	2	12
428696	5	834465	4	9
428700	8	428699	1	9
428708	1	428707	9	10
428717	14	428716	15	29
428722	10	428721	7	17
428728	3	428727	3	6
428740	13	42943	1	14
428746	6	428745	6	12
428749	8	428748	11	19
428754	6	428753	9	15
428756	3	428755	4	7
428760	8	428759	7	15
428763	6	428762	15	21
428765	7	428764	6	13
428768	5	428767	3	8
428770	9	428769	6	15
428773	5	428772	3	8
428775	5	428774	4	9
428783	6	428782	5	11
428798	2	428797	3	5
428810	4	428809	5	9
428813	10	428812	6	16
428819	6	428818	6	12
428832	5	428831	3	8
428834	1	428833	5	6
428835	4	42972	6	10
428838	5	428837	3	8
428852	7	428851	8	15
428867	3	428866	8	11
428886	3	428885	6	9
428889	9	428888	4	13
428890	6	834521	5	11
428893	4	42987	2	6
428908	2	428907	1	3
428917	1	428916	5	6
428926	2	834530	9	11
428928	4	428927	10	14
428929	5	42996	4	9
428932	8	428931	4	12
428938	6	428937	8	14
428952	4	43006	3	7
428955	1	428954	9	10
428970	3	428969	1	4
428988	8	428987	9	17
428998	9	428997	4	13
429000	12	428999	8	20
429026	8	43023	2	10
429033	5	429032	8	13
429039	2	429038	8	10
429042	8	43030	6	14
429066	7	429065	9	16
429072	3	429071	5	8
429080	5	429079	9	14
429082	10	429081	4	14
429093	4	429092	9	13
429098	11	429097	18	29
429114	2	429113	1	3
429123	4	43087	2	6
429125	4	429124	3	7
429127	7	834597	4	11
429129	9	429128	4	13
429131	1	429130	15	16
429134	9	429133	4	13
429139	4	429138	9	13
429149	4	429148	4	8
429151	6	429150	6	12
429153	4	429152	2	6
429157	1	429156	4	5
429167	3	429166	9	12
429177	8	429176	8	16
429197	3	429196	7	10
429203	2	429202	3	5
429212	8	429211	2	10
429273	8	834666	3	11
429278	5	429277	2	7
429280	5	429279	7	12
429282	4	834669	4	8
429292	16	429291	2	18
429298	12	43122	1	13
429309	1	429308	13	14
429322	8	429321	9	17
429328	9	429327	6	15
429338	2	429337	2	4
429350	2	429349	5	7
429352	15	429351	2	17
429360	2	429359	4	6
429365	8	429364	3	11
429366	10	43145	2	12
429373	2	429372	2	4
429381	2	429380	4	6
429387	3	299351	6	9
429395	6	429394	1	7
429409	8	429408	8	16
429413	14	429412	10	24
429423	1	834728	12	13
429433	6	429432	4	10
429437	13	429436	4	17
429439	13	429438	7	20
429442	10	429441	3	13
429444	13	429443	7	20
429451	7	429450	4	11
429460	2	429459	3	5
429463	4	429462	5	9
429467	10	429466	1	11
429482	6	429481	11	17
429495	9	429494	10	19
429518	3	429517	2	5
429521	2	429520	6	8
429526	4	429525	11	15
429528	6	43190	5	11
429531	6	429530	8	14
429536	24	299362	7	31
429557	7	429556	10	17
429573	14	429572	7	21
429581	8	429580	2	10
429597	6	429596	3	9
429627	4	429626	8	12
429629	9	429628	6	15
429636	1	429635	22	23
429641	6	429640	8	14
429651	6	299370	17	23
429658	5	429657	8	13
429662	3	429661	6	9
429679	6	429678	3	9
429694	6	429693	5	11
429696	3	429695	1	4
429704	7	429703	2	9
429709	12	429708	18	30
429713	2	429712	3	5
429720	8	429719	4	12
429722	3	429721	5	8
429724	2	429723	2	4
429725	1	43251	3	4
429734	5	299378	1	6
429738	1	429737	1	2
429741	4	429740	3	7
429750	6	429749	5	11
429754	3	429753	12	15
429763	3	429762	4	7
429765	2	429764	2	4
429779	3	43291	2	5
429790	4	429789	7	11
429799	6	429798	7	13
429800	5	834871	4	9
429806	4	429805	5	9
429808	5	429807	6	11
429829	6	429828	2	8
429832	1	834886	4	5
429835	1	43312	2	3
429840	7	429839	7	14
429842	4	429841	5	9
429860	21	429859	9	30
429862	5	429861	7	12
429872	3	429871	12	15
429874	1	43321	1	2
429878	7	43328	10	17
429882	3	429881	3	6
429887	6	429886	1	7
429890	3	429889	10	13
429894	7	429893	11	18
429900	6	429899	6	12
429915	9	429914	16	25
429921	4	43342	6	10
429927	2	429926	4	6
429930	5	43351	1	6
429933	6	429932	3	9
429939	3	429938	2	5
429941	4	429940	7	11
429946	5	429945	2	7
429948	3	429947	6	9
429951	4	429950	5	9
429953	3	429952	6	9
429961	2	429960	5	7
429963	7	429962	3	10
429976	1	429975	7	8
429977	2	43382	5	7
429978	5	834947	2	7
429983	10	43390	6	16
429992	6	429991	6	12
430009	7	430008	6	13
430013	11	430012	7	18
430019	4	430018	2	6
430023	7	430022	2	9
430025	5	430024	5	10
430035	2	430034	3	5
430037	3	430036	17	20
430047	9	43415	5	14
430064	1	430063	5	6
430066	5	430065	9	14
430068	4	430067	2	6
430071	3	43432	8	11
430080	1	430079	7	8
430082	4	430081	4	8
430084	7	430083	10	17
430104	2	430103	4	6
430123	2	430122	3	5
430126	8	430125	4	12
430128	1	430127	8	9
430136	1	834998	3	4
430141	9	430140	3	12
430144	9	430143	2	11
430166	4	43471	6	10
430179	7	430178	4	11
430211	3	430210	20	23
430238	7	299438	9	16
430280	2	835049	3	5
430284	4	430283	6	10
430292	1	835059	6	7
430295	7	430294	2	9
430312	2	430311	3	5
430314	9	430313	6	15
430318	4	430317	3	7
430327	1	299457	3	4
430334	4	43528	1	5
430338	1	43530	11	12
430340	7	430339	4	11
430352	14	430351	8	22
430356	9	430355	15	24
430362	4	430361	4	8
430363	5	43546	10	15
430387	5	430386	4	9
430409	7	430408	1	8
430416	4	430415	6	10
430424	3	430423	5	8
430431	9	430430	4	13
430439	5	430438	2	7
430446	4	43565	2	6
430465	14	430464	4	18
430470	13	299471	1	14
430486	6	430485	1	7
430488	4	430487	4	8
430497	9	43617	2	11
430499	7	430498	4	11
430501	5	430500	2	7
430502	9	299480	5	14
430507	2	430506	1	3
430522	6	430521	6	12
430536	4	430535	7	11
430541	4	430540	3	7
430560	5	299491	3	8
430568	2	835179	8	10
430571	7	43658	2	9
430575	2	430574	1	3
430591	1	430590	1	2
430595	16	430594	3	19
430603	1	430602	4	5
430611	10	430610	3	13
430617	3	430616	5	8
430633	3	430632	17	20
430635	8	430634	3	11
430641	1	430640	6	7
430646	7	430645	13	20
430652	9	430651	4	13
430669	8	430668	3	11
430683	5	430682	7	12
430699	8	430698	5	13
430706	12	835232	4	16
430713	3	430712	6	9
430722	5	430721	10	15
430733	4	430732	4	8
430736	5	430735	5	10
430749	8	430748	5	13
430753	19	43750	2	21
430772	10	430771	1	11
430797	7	430796	3	10
430802	2	430801	6	8
430826	6	430825	4	10
430831	4	430830	2	6
430856	6	430855	5	11
430862	4	430861	12	16
430869	4	430868	7	11
430873	7	430872	2	9
430878	1	430877	1	2
430910	7	430909	6	13
430916	2	430915	92	94
430932	6	430931	9	15
430944	1	835307	1	2
430947	3	43883	5	8
430950	1	430949	6	7
431000	27	430999	1	28
431011	1	431010	1	2
431013	1	431012	2	3
431044	7	431043	4	11
431077	1	431076	1	2
431110	11	431109	4	15
431185	1	431184	2	3
431187	2	431186	2	4
431194	1	431193	2	3
431213	1	431212	1	2
431216	2	431215	15	17
431218	1	431217	3	4
431225	2	431224	5	7
431256	1	431255	1	2
431261	8	431260	6	14
431271	2	431270	6	8
431293	2	431292	2	4
431310	2	431309	1	3
431340	3	431339	1	4
431345	2	431342	13	15
431350	7	431349	1	8
431362	2	431361	3	5
431378	5	431377	6	11
431392	7	431391	2	9
431411	2	44187	1	3
431420	2	835520	1	3
431423	3	431422	2	5
431426	2	431425	5	7
431434	10	431433	4	14
431442	3	431441	9	12
431447	3	431446	3	6
431508	4	431507	4	8
431538	3	431537	1	4
431540	1	431539	8	9
431543	2	431542	6	8
431545	2	431544	8	10
431552	10	1006077	20	30
431554	15	431553	8	23
431560	4	431559	7	11
431567	6	431566	6	12
431571	10	431570	8	18
431582	4	431581	8	12
431587	9	431586	9	18
431589	9	431588	4	13
431593	3	431592	7	10
431595	5	431594	3	8
431601	6	431600	6	12
431615	1	44275	2	3
431621	3	431620	9	12
431624	9	44280	5	14
431628	5	431627	4	9
431632	8	431631	13	21
431644	5	431643	3	8
431647	4	431646	10	14
431652	3	431651	6	9
431655	4	431654	5	9
431656	5	299650	8	13
431661	6	431660	8	14
431689	8	431688	15	23
431692	11	431691	13	24
431706	8	431705	8	16
431712	4	431711	1	5
431716	7	431715	9	16
431721	12	44339	3	15
431740	9	431739	11	20
431746	14	431745	3	17
431752	5	431751	4	9
431760	5	431759	1	6
431765	2	431764	3	5
431769	5	1006150	7	12
431774	4	431773	4	8
431776	1	431775	4	5
431785	3	431784	18	21
431792	8	431791	4	12
431795	2	431794	3	5
431797	6	431796	1	7
431814	4	299684	1	5
431817	4	431816	7	11
431825	2	431824	1	3
431830	3	431829	7	10
431832	6	431831	1	7
431838	2	431837	2	4
431840	2	431839	2	4
431858	5	44428	1	6
431862	8	44429	1	9
431866	5	431865	3	8
431868	3	431867	1	4
431870	7	431869	6	13
431888	1	835686	5	6
431893	3	835689	6	9
431895	7	431894	9	16
431902	5	431901	1	6
431905	6	431904	1	7
431906	1	299694	7	8
431907	2	44460	2	4
431915	4	44468	2	6
431927	6	431926	5	11
431934	9	431933	1	10
431936	2	431935	4	6
431942	2	431941	10	12
431944	2	431943	9	11
431948	1	431947	5	6
431954	8	44483	1	9
431956	12	431955	11	23
431959	2	431958	9	11
431966	12	431965	4	16
431991	2	431990	7	9
432000	10	431999	6	16
432005	8	432004	13	21
432015	4	432014	2	6
432024	3	432023	4	7
432027	5	432026	6	11
432036	4	432035	1	5
432040	5	432039	8	13
432045	5	432044	9	14
432052	1	44526	8	9
432055	6	835774	4	10
432063	5	432062	2	7
432066	8	432065	4	12
432069	5	432068	2	7
432071	5	432070	6	11
432083	5	432082	1	6
432085	3	432084	2	5
432087	7	432086	4	11
432098	4	44550	2	6
432106	2	432105	2	4
432108	1	432107	3	4
432110	3	432109	2	5
432113	3	432112	2	5
432115	7	432114	3	10
432116	6	44569	1	7
432134	2	432133	2	4
432138	4	432137	4	8
432148	3	432147	4	7
432150	7	432149	9	16
432156	8	432155	6	14
432172	4	432171	3	7
432182	14	432181	7	21
432185	2	432184	7	9
432188	3	44596	1	4
432191	9	432190	9	18
432194	5	432193	3	8
432198	10	44602	6	16
432204	2	432203	10	12
432206	4	44608	3	7
432208	22	432207	1	23
432215	2	299737	3	5
432228	9	432227	4	13
432237	2	432236	3	5
432240	4	432239	6	10
432246	6	432245	2	8
432248	8	432247	4	12
432260	8	432259	8	16
432264	2	432263	14	16
432272	4	432271	10	14
432274	8	432273	4	12
432276	6	432275	3	9
432281	5	432280	7	12
432290	4	432289	3	7
432299	1	432298	2	3
432303	8	432302	11	19
432309	24	432308	5	29
432311	7	44653	2	9
432316	16	432315	17	33
432318	14	432317	2	16
432320	2	835878	4	6
432323	9	432322	4	13
432325	3	432324	6	9
432330	6	432329	5	11
432341	3	432340	6	9
432343	3	44679	5	8
432352	11	432351	8	19
432357	7	432356	6	13
432366	2	432365	1	3
432377	1	432376	3	4
432384	4	432383	6	10
432389	8	432388	4	12
432399	2	432398	4	6
432408	6	44725	4	10
432411	3	432410	7	10
432415	5	432414	3	8
432417	5	432416	5	10
432424	6	432423	10	16
432428	3	432427	7	10
432443	18	432442	1	19
432447	9	432446	3	12
432454	2	432453	2	4
432480	11	835941	9	20
432487	5	432486	9	14
432490	3	432489	3	6
432492	3	432491	11	14
432497	12	432496	9	21
432513	8	432512	2	10
432521	2	432520	12	14
432532	9	432531	8	17
432541	4	432540	9	13
432562	4	432561	3	7
432580	7	432579	7	14
432582	5	432581	4	9
432588	4	432587	7	11
432591	4	432590	7	11
432593	6	432592	4	10
432600	7	432599	4	11
432605	1	432604	5	6
432617	2	432616	5	7
432620	6	432619	7	13
432622	6	432621	6	12
432635	6	432634	4	10
432637	3	432636	10	13
432650	1	432649	3	4
432653	5	432652	8	13
432656	5	432655	1	6
432659	2	432658	1	3
432661	12	432660	1	13
432662	6	299777	2	8
432665	4	432664	7	11
432681	4	432680	12	16
432684	6	432683	4	10
432689	3	299779	3	6
432697	3	432696	3	6
432699	6	432698	4	10
432705	7	432704	10	17
432710	6	432709	3	9
432712	3	432711	7	10
432714	15	432713	2	17
432715	3	44816	1	4
432717	4	432716	3	7
432733	4	432732	2	6
432741	6	432740	16	22
432759	6	836052	1	7
432772	4	432771	4	8
432774	7	432773	26	33
432778	8	432777	6	14
432789	3	432788	2	5
432798	5	432797	24	29
432807	2	432806	2	4
432810	10	44846	2	12
432812	4	432811	3	7
432818	7	432817	2	9
432822	4	432821	2	6
432833	1	432832	3	4
432845	8	432844	4	12
432855	6	432854	9	15
432861	15	432860	4	19
432871	5	432870	5	10
432873	20	432872	14	34
432886	3	432885	3	6
432899	5	432898	3	8
432903	10	432902	2	12
432910	6	432909	5	11
432919	8	432918	5	13
432931	5	299812	1	6
432962	3	432961	5	8
432975	2	432974	7	9
432984	7	432983	8	15
432992	5	432991	15	20
432996	1	432995	1	2
433006	4	433005	4	8
433009	4	433008	6	10
433018	3	433017	3	6
433027	2	433026	9	11
433034	1	433033	3	4
433036	4	433035	3	7
433038	5	433037	3	8
433046	3	433045	9	12
433052	2	433051	2	4
433069	7	433068	6	13
433070	10	44953	3	13
433083	6	433082	6	12
433089	13	433088	5	18
433091	21	44966	2	23
433097	1	433096	1	2
433103	4	433102	4	8
433108	2	433107	7	9
433111	10	433110	4	14
433129	6	433128	6	12
433131	4	433130	6	10
433134	4	433133	3	7
433138	6	433137	15	21
433156	3	433155	1	4
433174	2	433173	3	5
433176	3	433175	3	6
433182	2	433181	4	6
433198	7	433197	5	12
433204	2	433203	4	6
433209	1	433208	2	3
433212	4	433211	3	7
433218	5	45028	2	7
433228	5	433227	20	25
433236	9	433235	21	30
433244	3	433243	1	4
433255	5	433254	5	10
433263	2	45069	3	5
433272	2	433271	3	5
433285	2	433284	7	9
433304	1	433303	1	2
433318	2	433317	3	5
433339	2	433338	3	5
433341	1	433340	4	5
433346	11	433345	5	16
433357	8	433356	3	11
433359	2	433358	4	6
433362	10	433361	6	16
433363	2	836281	7	9
433370	1	45159	3	4
433374	7	45161	2	9
433386	4	433385	4	8
433396	3	433395	6	9
433399	5	433398	1	6
433411	1	433410	6	7
433415	2	836303	2	4
433418	5	433417	3	8
433420	4	433419	4	8
433431	4	433430	3	7
433444	3	433443	2	5
433454	2	433453	9	11
433473	1	433472	1	2
433476	9	433475	3	12
433499	2	45282	3	5
433508	6	45288	2	8
433519	5	433518	6	11
433525	4	299946	1	5
433532	1	433531	6	7
433535	4	433534	4	8
433543	3	433542	6	9
433558	3	433557	5	8
433568	5	433567	3	8
433571	2	433570	5	7
433574	1	433573	4	5
433578	1	433577	3	4
433586	2	433585	4	6
433590	3	45350	2	5
433592	7	433591	4	11
433602	7	433601	3	10
433613	3	836402	3	6
433618	1	433617	1	2
433630	14	45387	6	20
433633	4	433632	6	10
433654	1	433653	2	3
433668	5	45413	3	8
433672	4	433671	5	9
433680	2	433679	2	4
433686	4	433685	5	9
433691	10	433690	1	11
433693	6	45453	3	9
433706	1	433705	4	5
433712	1	433711	3	4
433733	7	433732	2	9
433738	4	433737	3	7
433744	1	433743	4	5
433749	3	433748	4	7
433752	1	45509	3	4
433755	3	433754	3	6
433761	2	433760	5	7
433769	4	1006745	4	8
433781	2	433780	1	3
433799	5	433798	7	12
433801	2	433800	4	6
433806	3	433805	4	7
433810	2	433809	3	5
433828	3	433827	1	4
433837	13	45570	6	19
433845	6	433844	3	9
433852	2	433851	5	7
433857	2	433856	9	11
433872	5	433871	9	14
433875	2	433874	3	5
433877	5	433876	6	11
433878	3	45591	1	4
433886	6	45596	5	11
433889	2	433888	2	4
433891	3	433890	2	5
433894	2	433893	2	4
433896	2	433895	1	3
433899	1	433898	4	5
433901	9	433900	1	10
433906	2	433905	1	3
433909	4	433908	6	10
433920	9	433919	4	13
433924	7	433923	2	9
433930	1	433929	4	5
433940	1	433939	5	6
433941	2	45657	2	4
433947	2	45662	3	5
433957	5	433956	3	8
433962	1	433961	2	3
433966	1	433965	3	4
433968	5	433967	14	19
433970	7	433969	12	19
433980	9	433979	18	27
433986	15	433985	10	25
433992	2	433991	2	4
433998	4	433997	14	18
434000	4	45710	5	9
434003	7	434002	9	16
434007	5	300039	1	6
434009	2	434008	8	10
434011	2	45726	2	4
434016	6	434015	4	10
434023	1	434022	2	3
434026	6	434025	4	10
434039	8	434038	3	11
434041	3	300046	1	4
434051	6	434050	6	12
434054	4	434053	1	5
434056	11	434055	7	18
434057	2	45762	1	3
434061	9	300051	6	15
434063	3	434062	2	5
434066	4	434065	7	11
434073	5	45775	2	7
434083	4	434082	3	7
434086	4	434085	1	5
434088	1	434087	1	2
434126	1	434125	2	3
434146	5	434145	2	7
434151	4	434150	5	9
434154	2	434153	6	8
434156	5	434155	3	8
434157	7	45845	11	18
434159	6	434158	2	8
434162	3	434161	3	6
434172	11	434171	3	14
434175	5	434174	1	6
434177	2	434176	2	4
434179	3	45880	6	9
434182	7	434181	3	10
434185	2	45885	2	4
434188	9	434187	9	18
434190	3	45886	1	4
434200	3	434199	7	10
434218	4	434217	2	6
434220	7	434219	3	10
434236	5	434235	4	9
434239	4	45907	1	5
434243	1	434242	2	3
434246	2	434245	5	7
434250	6	434249	3	9
434258	2	434257	8	10
434261	3	434260	2	5
434265	2	434264	5	7
434270	8	434269	4	12
434273	2	434272	6	8
434286	6	45958	1	7
434308	3	434307	7	10
434315	7	434314	10	17
434323	1	434322	4	5
434329	6	434328	10	16
434350	3	434349	5	8
434352	2	434351	7	9
434362	9	434361	5	14
434374	3	434373	1	4
434376	4	434375	8	12
434381	9	300110	1	10
434392	4	434391	3	7
434394	1	434393	2	3
434395	6	46044	5	11
434397	7	434396	2	9
434398	4	836725	5	9
434400	13	434399	3	16
434409	2	836731	3	5
434415	4	434414	5	9
434416	5	46060	2	7
434422	4	46066	3	7
434429	1	434428	3	4
434437	1	434436	1	2
434442	1	434441	2	3
434444	9	434443	4	13
434464	4	434463	3	7
434467	2	434466	4	6
434477	7	434476	2	9
434478	14	46138	1	15
434501	1	836771	1	2
434508	2	434507	1	3
434512	2	434511	3	5
434515	3	434514	3	6
434520	5	434519	5	10
434522	2	434521	1	3
434525	5	434524	2	7
434535	3	434534	3	6
434542	3	434541	7	10
434545	11	434544	2	13
434560	4	46199	3	7
434563	2	434562	3	5
434568	14	434567	11	25
434572	4	434571	1	5
434575	1	434574	2	3
434578	1	434577	4	5
434586	7	434585	2	9
434592	7	434591	3	10
434594	5	434593	2	7
434608	2	836813	3	5
434614	13	46233	2	15
434627	5	434626	3	8
434633	12	434632	3	15
434637	4	434636	9	13
434639	2	434638	1	3
434647	2	46262	6	8
434664	3	434663	2	5
434667	4	434666	6	10
434675	2	434674	5	7
434678	4	434677	1	5
434683	5	434682	6	11
434691	3	434690	2	5
434697	1	434696	1	2
434708	1	434707	1	2
434716	2	434715	3	5
434733	6	434732	3	9
434736	5	434735	2	7
434739	2	434738	4	6
434746	2	434745	1	3
434753	2	434752	2	4
434768	1	46334	4	5
434770	2	434769	1	3
434774	2	434773	3	5
434784	2	434783	7	9
434786	6	434785	5	11
434790	3	434789	10	13
434808	7	434807	5	12
434814	2	46352	6	8
434816	4	434815	1	5
434820	3	434819	1	4
434826	4	434825	4	8
434834	3	434833	3	6
434845	1	434844	2	3
434847	16	434846	5	21
434851	2	434850	2	4
434863	9	46378	3	12
434865	8	434864	6	14
434888	1	434887	1	2
434893	3	46401	5	8
434898	1	434897	3	4
434899	5	46408	3	8
434910	7	434909	5	12
434913	7	434912	3	10
434918	4	434917	8	12
434924	1	434923	4	5
434926	5	434925	4	9
434930	3	434929	4	7
434933	4	46423	6	10
434943	3	300212	2	5
434945	12	300216	4	16
434961	1	434960	2	3
434967	2	434966	6	8
434971	4	836935	2	6
434973	1	434972	6	7
434983	4	434982	4	8
434986	1	434985	7	8
435013	10	435012	4	14
435030	2	435029	4	6
435033	2	435032	10	12
435040	3	435039	4	7
435056	2	435055	1	3
435067	1	435066	2	3
435083	6	435082	5	11
435090	10	435089	1	11
435113	8	46592	3	11
435124	2	836997	6	8
435125	3	435123	5	8
435150	2	435149	1	3
435165	3	435164	1	4
435173	5	435172	2	7
435175	2	837022	5	7
435185	7	435184	6	13
435187	7	837025	3	10
435202	8	435201	11	19
435212	6	435211	6	12
435215	1	435214	1	2
435220	8	435219	3	11
435224	3	435223	9	12
435235	7	300284	3	10
435237	5	46714	7	12
435240	1	435239	2	3
435243	4	435242	2	6
435247	2	46729	2	4
435252	6	46734	3	9
435283	1	46778	1	2
435293	4	435292	1	5
435302	5	435301	3	8
435307	4	435306	2	6
435311	2	435310	1	3
435318	2	435317	1	3
435331	4	435330	1	5
435342	2	435341	2	4
435357	3	435356	1	4
435360	2	300315	1	3
435363	5	435362	19	24
435373	2	435372	1	3
435400	1	435399	2	3
435407	1	837122	12	13
435414	1	435413	2	3
435428	1	46899	1	2
435440	1	435439	4	5
435456	2	435455	2	4
435461	2	46931	4	6
435468	1	435467	1	2
435478	4	435477	1	5
435481	1	435480	1	2
435492	1	46958	2	3
435512	1	435511	2	3
435550	7	435549	1	8
435557	3	435556	8	11
435562	8	435561	1	9
435603	1	47061	2	3
435611	1	435610	4	5
435624	1	435623	1	2
435642	2	435641	1	3
435646	1	435645	3	4
435659	4	435658	2	6
435661	1	435660	1	2
435666	2	435665	2	4
435671	2	435670	8	10
435674	2	435673	3	5
435683	3	435682	5	8
435691	6	435690	2	8
435694	6	47154	2	8
435698	4	837243	3	7
435707	1	435706	1	2
435717	7	837249	8	15
435723	3	837251	2	5
435726	1	435725	2	3
435746	1	435745	1	2
435756	1	435755	1	2
435761	1	435760	6	7
435763	1	435762	4	5
435768	2	435767	4	6
435770	11	435769	8	19
435779	3	837284	1	4
435790	1	435789	2	3
435795	2	435794	2	4
435798	1	300424	1	2
435805	1	435804	2	3
435810	17	47246	1	18
435817	5	435816	2	7
435823	10	435822	5	15
435834	6	435833	7	13
435860	3	435859	2	5
435863	2	435862	4	6
435882	3	47285	2	5
435901	1	435900	19	20
435904	9	435903	1	10
435913	7	435912	2	9
435928	10	435927	18	28
435936	5	435935	3	8
435939	1	435938	3	4
435945	4	435944	1	5
435966	4	435965	3	7
435979	1	837380	1	2
435983	9	435982	10	19
435993	20	435992	9	29
435999	26	435998	12	38
436013	6	436012	3	9
436017	5	436016	12	17
436024	16	436023	1	17
436029	1	436028	1	2
436032	15	436031	7	22
436040	2	436039	3	5
436047	2	436046	5	7
436049	5	47472	2	7
436053	2	436052	6	8
436066	4	436065	3	7
436069	1	436068	4	5
436077	2	436076	1	3
436079	5	436078	7	12
436081	3	436080	6	9
436083	4	436082	4	8
436088	7	436087	7	14
436093	4	436092	4	8
436095	4	436094	2	6
436099	12	47513	6	18
436100	4	47515	2	6
436113	1	436112	1	2
436115	8	436114	1	9
436118	12	436117	3	15
436121	4	436120	2	6
436123	2	436122	2	4
436128	6	436127	3	9
436132	5	436131	13	18
436134	8	436133	1	9
436153	1	436152	1	2
436154	1	47552	1	2
436156	2	436155	2	4
436171	2	436170	2	4
436186	1	300499	2	3
436197	1	436196	6	7
436202	2	436201	5	7
436210	7	436209	4	11
436213	1	436212	4	5
436215	4	436214	6	10
436222	1	436221	4	5
436227	3	436226	5	8
436229	6	436228	2	8
436235	3	436234	2	5
436238	2	436237	2	4
436244	4	436243	2	6
436252	5	436251	8	13
436254	5	436253	3	8
436257	10	436256	6	16
436260	9	436259	1	10
436269	1	436268	4	5
436275	6	436274	7	13
436282	6	436281	3	9
436284	3	436283	7	10
436287	8	436286	11	19
436293	6	436292	6	12
436299	78	436298	2	80
436303	10	436302	7	17
436305	6	837492	2	8
436311	10	436310	5	15
436314	1	436313	2	3
436316	4	436315	1	5
436318	16	436317	10	26
436329	7	436328	8	15
436337	11	436336	5	16
436341	3	436340	12	15
436343	2	436342	7	9
436346	4	436345	12	16
436349	14	436348	6	20
436364	22	436363	13	35
436369	16	436368	6	22
436377	2	436376	6	8
436386	4	436385	1	5
436394	13	47725	7	20
436397	6	436396	7	13
436407	8	47740	4	12
436414	5	436413	7	12
436418	3	436417	1	4
436421	3	436420	6	9
436423	1	436422	13	14
436428	14	436427	4	18
436437	1	436436	4	5
436454	11	436453	5	16
436464	8	436463	3	11
436470	1	47790	3	4
436472	3	436471	4	7
436478	7	436477	5	12
436492	4	436491	2	6
436495	2	436494	2	4
436498	2	47824	4	6
436501	2	47828	1	3
436504	7	436503	7	14
436514	5	436513	17	22
436521	14	436520	4	18
436526	12	436525	5	17
436527	10	47854	6	16
436537	4	436536	3	7
436541	5	436540	6	11
436553	6	436552	9	15
436558	2	436557	8	10
436588	6	436587	8	14
436596	1	436595	2	3
436599	1	436598	2	3
436602	2	300562	7	9
436605	7	436604	3	10
436617	12	436616	7	19
436620	7	436619	20	27
436628	3	436627	5	8
436640	8	47927	1	9
436643	11	47930	6	17
436648	7	436647	5	12
436689	5	47973	6	11
436696	2	436695	1	3
436701	1	436700	1	2
436705	3	436704	8	11
436711	7	436710	2	9
436717	3	436716	3	6
436723	3	47999	3	6
436741	3	48019	5	8
436743	5	436742	4	9
436751	85	436750	3	88
436753	3	436752	1	4
436757	12	436756	13	25
436765	1	436764	5	6
436774	8	48036	10	18
436797	1	436796	9	10
436799	2	436798	21	23
436803	1	436802	3	4
436807	6	436806	7	13
436824	1	436823	9	10
436826	39	436825	8	47
436864	3	436863	2	5
436870	2	436869	2	4
436881	6	436880	7	13
436883	2	48101	7	9
436889	5	436888	5	10
436894	3	436893	2	5
436908	6	436907	8	14
436909	6	300622	8	14
436912	5	436911	2	7
436919	4	436918	6	10
436924	6	436923	9	15
436930	12	436929	3	15
436934	4	48133	1	5
436949	4	436948	8	12
436955	5	48157	14	19
436959	3	436958	1	4
436963	10	436962	8	18
436965	6	436964	12	18
436967	2	436966	9	11
436972	2	436971	16	18
436981	15	436980	15	30
436989	14	436988	6	20
437003	7	437002	11	18
437012	6	437011	11	17
437022	8	437021	4	12
437024	8	837774	3	11
437026	2	437025	12	14
437029	4	437028	4	8
437036	4	437035	3	7
437038	6	437037	1	7
437043	4	437042	5	9
437045	6	437044	1	7
437053	8	437052	5	13
437060	2	437059	7	9
437065	2	437064	5	7
437082	11	437081	20	31
437084	3	437083	3	6
437090	3	437089	4	7
437100	5	300658	3	8
437103	8	48236	3	11
437105	4	48238	6	10
437109	2	437108	2	4
437114	2	437113	6	8
437122	4	437121	7	11
437132	7	437131	5	12
437145	3	437144	7	10
437149	1	437148	5	6
437151	4	437150	19	23
437163	16	437162	6	22
437172	1	437171	10	11
437183	5	437182	4	9
437185	3	437184	9	12
437188	3	437187	5	8
437195	7	437194	7	14
437203	6	437202	4	10
437205	6	48296	5	11
437209	3	437208	3	6
437210	2	437207	7	9
437215	3	48313	6	9
437217	1	437216	13	14
437221	1	48327	2	3
437241	1	437240	2	3
437269	6	437268	3	9
437283	16	437282	1	17
437298	1	437297	1	2
437300	2	48405	2	4
437320	2	437319	11	13
437334	1	437333	3	4
437342	16	837885	17	33
437382	9	437381	3	12
437395	3	437393	1	4
437404	1	437403	1	2
437415	2	437414	5	7
437417	1	437416	1	2
437427	2	437426	1	3
437432	2	437431	10	12
437453	9	437452	8	17
437455	1	437454	1	2
437474	4	437473	3	7
437477	6	437476	3	9
437479	6	48597	1	7
437498	3	437497	6	9
437501	5	437500	1	6
437504	3	437503	3	6
437505	1	48630	2	3
437512	2	437511	2	4
437536	6	437535	1	7
437544	1	437543	2	3
437548	2	437547	3	5
437571	2	437570	3	5
437573	13	437572	2	15
437583	4	437582	9	13
437587	2	437586	1	3
437590	4	437589	3	7
437592	5	437591	1	6
437595	1	437594	4	5
437597	10	437596	5	15
437602	3	300767	3	6
437608	1	437607	2	3
437610	1	437609	1	2
437615	6	437614	3	9
437623	5	437622	2	7
437627	4	437626	3	7
437631	5	437630	7	12
437637	11	437636	5	16
437638	12	48747	8	20
437646	2	437645	2	4
437648	10	437647	5	15
437662	4	48767	1	5
437667	6	300776	1	7
437673	8	48781	7	15
437676	4	437675	6	10
437695	3	437694	6	9
437697	6	437696	4	10
437717	2	437716	9	11
437719	10	437718	2	12
437731	7	437730	6	13
437737	21	437736	14	35
437739	5	437738	1	6
437746	4	437745	1	5
437753	3	48840	2	5
437755	6	437754	2	8
437762	8	48859	7	15
437766	12	48867	2	14
437771	2	437770	8	10
437779	5	437778	3	8
437785	1	437784	6	7
437791	7	437790	10	17
437795	12	437794	3	15
437800	11	437799	20	31
437809	6	437808	7	13
437814	9	437813	7	16
437817	7	437816	6	13
437820	9	48912	5	14
437825	7	437824	3	10
437827	6	437826	3	9
437831	2	437830	8	10
437838	4	437837	3	7
437842	5	437841	10	15
437851	5	437850	8	13
437855	2	437854	2	4
437857	1	437856	2	3
437873	1	437872	2	3
437893	6	48976	4	10
437899	5	437898	5	10
437901	3	437900	3	6
437911	6	437910	3	9
437924	2	437923	4	6
437926	4	437925	3	7
437933	1	437932	3	4
437942	7	437941	8	15
437944	2	49007	3	5
437945	7	49010	3	10
437957	6	49024	10	16
437968	10	437967	4	14
437984	8	838148	6	14
437988	6	437987	3	9
438012	2	438011	2	4
438016	3	438015	2	5
438018	1	438017	2	3
438022	1	438021	12	13
438037	5	49066	1	6
438050	2	49089	9	11
438068	1	438067	2	3
438090	5	438089	2	7
438094	12	300868	10	22
438100	4	438099	3	7
438122	5	438121	4	9
438125	13	438124	4	17
438127	1	438126	4	5
438129	6	438128	7	13
438137	2	438136	3	5
438168	3	438167	3	6
438171	7	300879	7	14
438187	6	438186	8	14
438191	4	438190	4	8
438198	2	438197	3	5
438206	5	49242	5	10
438212	3	438211	1	4
438231	2	438230	7	9
438234	6	438233	6	12
438236	5	438235	8	13
438242	16	438241	5	21
438243	4	838255	15	19
438248	8	438247	17	25
438252	5	438251	7	12
438264	13	438263	3	16
438268	5	438267	3	8
438289	4	438288	2	6
438307	6	438306	5	11
438326	5	438325	6	11
438328	8	438327	7	15
438333	3	438332	11	14
438335	11	438334	4	15
438337	1	438336	1	2
438343	4	438342	9	13
438361	5	438360	7	12
438369	3	438368	1	4
438394	7	438393	8	15
438397	2	438396	5	7
438408	8	300939	1	9
438418	4	438417	2	6
438423	13	438422	12	25
438427	10	438426	18	28
438429	13	438428	1	14
438436	3	49413	11	14
438440	20	49414	8	28
438447	18	438446	5	23
438450	4	838343	1	5
438454	5	438453	5	10
438486	5	438485	13	18
438493	2	438492	2	4
438495	2	438494	5	7
438499	3	438498	4	7
438501	2	49463	3	5
438506	1	49465	2	3
438513	11	300980	9	20
438517	2	438516	3	5
438526	11	438525	6	17
438528	9	438527	17	26
438533	7	438532	10	17
438539	7	438538	1	8
438544	7	438543	7	14
438549	5	438548	12	17
438552	7	438551	5	12
438582	2	438581	6	8
438589	3	438587	2	5
438592	1	438591	2	3
438594	3	438593	1	4
438596	2	438595	18	20
438610	7	838397	2	9
438621	9	438620	8	17
438624	5	438623	4	9
438628	9	438627	9	18
438630	7	438629	5	12
438633	4	438632	13	17
438636	5	438635	8	13
438642	2	438641	1	3
438654	2	438653	2	4
438663	1	438662	1	2
438665	1	438664	1	2
438674	1	438673	1	2
438683	3	438682	1	4
438692	1	438691	2	3
438695	5	438694	1	6
438703	8	438702	4	12
438709	6	438708	1	7
438711	1	438710	1	2
438712	3	49604	4	7
438714	2	49605	2	4
438717	3	438716	2	5
438729	9	301018	23	32
438732	1	301019	5	6
438735	11	438734	5	16
438739	1	438738	2	3
438744	1	438743	2	3
438751	1	438750	2	3
438756	2	438755	2	4
438773	3	438772	1	4
438775	1	438774	1	2
438779	1	438778	2	3
438784	4	838462	1	5
438788	6	438787	1	7
438792	7	838465	4	11
438801	3	438800	3	6
438803	1	438802	2	3
438804	2	49676	5	7
438807	2	49681	2	4
438815	2	438814	2	4
438820	3	438819	5	8
438822	1	438821	3	4
438834	1	49722	1	2
438840	2	301047	4	6
438865	1	438864	2	3
438868	1	438867	4	5
438885	1	438884	11	12
438909	1	438908	2	3
438918	5	438917	10	15
438924	4	438923	2	6
438933	2	49779	1	3
438939	3	438938	2	5
438940	1	49791	1	2
438947	1	438946	1	2
438956	2	438955	1	3
438975	2	49841	2	4
438978	1	49846	1	2
438981	1	438980	2	3
438989	2	438988	3	5
439003	1	439002	1	2
439009	2	439008	4	6
439012	3	439011	2	5
439015	2	439014	2	4
439020	4	439019	5	9
439022	7	439021	1	8
439024	1	49880	1	2
439034	4	439033	1	5
439036	1	439035	1	2
439044	1	439043	3	4
439048	3	439047	2	5
439060	2	439059	1	3
439067	1	439061	27	28
439076	1	439075	2	3
439084	2	439083	1	3
439091	2	439090	1	3
439098	3	439097	2	5
439102	5	439101	2	7
439107	1	301097	2	3
439109	8	49950	6	14
439112	9	439111	1	10
439120	2	439119	1	3
439122	6	439121	3	9
439129	6	439128	3	9
439133	5	439132	3	8
439137	6	439136	4	10
439147	1	439146	2	3
439149	3	838587	2	5
439163	3	439162	1	4
439179	5	439178	3	8
439183	5	439182	1	6
439185	2	439184	5	7
439188	8	439187	1	9
439189	3	838602	7	10
439193	4	439192	2	6
439196	1	439195	3	4
439204	3	50004	3	6
439206	2	439205	1	3
439211	2	439210	2	4
439217	1	439216	2	3
439238	1	439237	15	16
439254	5	439253	5	10
439258	1	439257	2	3
439261	2	439260	2	4
439263	4	439262	1	5
439285	4	439284	1	5
439286	2	301122	4	6
439291	5	439290	7	12
439293	12	439292	3	15
439296	5	50065	2	7
439309	1	439308	3	4
439331	1	439330	5	6
439338	5	439337	3	8
439340	10	439339	8	18
439355	2	439354	6	8
439360	10	439359	5	15
439367	3	439366	4	7
439374	1	439373	3	4
439382	6	439381	9	15
439385	2	439384	2	4
439388	6	439387	12	18
439404	3	439403	9	12
439406	14	439405	5	19
439412	6	439411	4	10
439417	7	439416	9	16
439418	2	50135	3	5
439427	3	50144	10	13
439430	7	439429	1	8
439442	5	439441	3	8
439445	2	50155	2	4
439452	3	439451	9	12
439463	2	439462	4	6
439465	9	439464	8	17
439467	4	439466	4	8
439487	5	439486	6	11
439495	2	439494	1	3
439504	1	439503	2	3
439522	3	439521	8	11
439527	1	439526	2	3
439537	7	439536	3	10
439545	1	439544	4	5
439555	5	439554	4	9
439557	4	439556	4	8
439563	5	439562	3	8
439567	20	439566	6	26
439568	4	50284	1	5
439578	1	439577	3	4
439580	4	439579	3	7
439584	1	439583	13	14
439588	5	439587	1	6
439591	11	439590	18	29
439613	12	439612	3	15
439639	2	439638	2	4
439645	8	439644	2	10
439648	8	439647	25	33
439654	6	439653	4	10
439656	6	439655	8	14
439663	6	439662	2	8
439698	8	439697	3	11
439707	5	439706	4	9
439723	6	439722	12	18
439725	1	439724	13	14
439734	2	50419	6	8
439736	6	439735	3	9
439739	10	439738	12	22
439745	14	439744	17	31
439747	7	439746	3	10
439752	5	439751	4	9
439756	1	439755	5	6
439758	3	439757	2	5
439768	7	439767	3	10
439778	4	50465	1	5
439787	5	439786	4	9
439794	4	439793	1	5
439799	3	439798	6	9
439802	4	439801	5	9
439807	2	439806	6	8
439812	1	439811	2	3
439824	1	439823	1	2
439834	1	439833	4	5
439839	3	439838	3	6
439855	3	439854	2	5
439858	1	439857	3	4
439861	4	50555	1	5
439863	3	439862	1	4
439871	5	439870	3	8
439886	3	50577	2	5
439890	4	439889	2	6
439892	2	439891	9	11
439904	5	439903	7	12
439914	7	439913	6	13
439919	18	439918	3	21
439924	11	439923	15	26
439930	8	439929	8	16
439933	1	50610	4	5
439936	8	439935	6	14
439939	6	439938	1	7
439942	12	50616	2	14
439951	7	439950	17	24
439956	3	439955	2	5
439958	7	439957	6	13
439973	2	439972	4	6
439985	2	50667	1	3
439988	1	439987	1	2
440005	3	440004	3	6
440007	6	440006	4	10
440009	4	440008	6	10
440023	2	440022	1	3
440036	1	301270	13	14
440039	2	440038	3	5
440041	2	50696	3	5
440054	6	440053	9	15
440073	12	440072	5	17
440075	3	440074	3	6
440078	1	440077	4	5
440081	5	440080	3	8
440096	1	838954	1	2
440098	1	440097	1	2
440103	9	440102	5	14
440110	3	440109	4	7
440124	8	440123	1	9
440125	10	50736	3	13
440126	6	50738	3	9
440131	5	301285	2	7
440138	2	440137	4	6
440164	1	440163	1	2
440168	2	440167	5	7
440189	3	440188	1	4
440202	7	440201	5	12
440204	4	440203	6	10
440215	2	440214	2	4
440217	2	50805	1	3
440225	2	440224	5	7
440233	6	440232	6	12
440246	2	440245	2	4
440248	1	440247	1	2
440252	1	440251	1	2
440257	1	440256	2	3
440263	1	50851	3	4
440272	6	440271	2	8
440289	6	440288	13	19
440291	4	440290	2	6
440308	1	440307	6	7
440310	26	50879	6	32
440318	9	440317	22	31
440321	7	440320	10	17
440330	2	440329	7	9
440336	1	440335	3	4
440339	5	440338	5	10
440341	1	440340	5	6
440348	3	440347	2	5
440355	6	50908	7	13
440356	8	301321	3	11
440358	11	440357	2	13
440361	19	440360	4	23
440375	5	440374	3	8
440376	2	50936	1	3
440378	5	440377	1	6
440382	9	440381	7	16
440388	2	440387	3	5
440393	3	50951	1	4
440395	2	440394	2	4
440411	3	440410	9	12
440414	3	440413	4	7
440418	1	440417	4	5
440420	67	440419	21	88
440424	16	440423	2	18
440426	2	50972	1	3
440428	1	440427	3	4
440433	6	440432	4	10
440436	1	440435	2	3
440441	3	440440	1	4
440443	2	440442	4	6
440446	5	440445	1	6
440450	3	440449	12	15
440461	3	440460	3	6
440474	7	440473	8	15
440480	5	440479	6	11
440484	2	301340	5	7
440489	3	440488	8	11
440505	1	440504	1	2
440509	3	440508	1	4
440523	2	440522	5	7
440531	3	440530	7	10
440535	2	440534	2	4
440539	2	440538	3	5
440542	2	440541	2	4
440556	3	440555	1	4
440565	6	440564	6	12
440574	4	51091	1	5
440576	3	440575	2	5
440578	4	440577	2	6
440583	9	440582	11	20
440593	1	440592	2	3
440595	6	440594	9	15
440605	2	440604	7	9
440615	5	51125	4	9
440622	4	440621	2	6
440624	3	51128	3	6
440634	4	440633	3	7
440643	4	839156	4	8
440645	2	440644	2	4
440657	1	839161	3	4
440662	3	51200	1	4
440672	3	440671	4	7
440690	4	51223	4	8
440698	1	440697	4	5
440701	6	440700	1	7
440706	3	440705	2	5
440708	2	440707	3	5
440734	1	440733	1	2
440737	3	440736	2	5
440755	3	440754	1	4
440765	3	839200	3	6
440805	7	440804	13	20
440812	13	440811	3	16
440819	4	440818	2	6
440822	4	51350	2	6
440837	1	440836	35	36
440843	2	51370	1	3
440855	1	440854	4	5
440856	3	51378	3	6
440866	3	440865	7	10
440868	4	440867	1	5
440870	2	440869	2	4
440871	1	839259	3	4
440876	2	440875	1	3
440887	8	440886	7	15
440889	2	440888	1	3
440893	4	440892	3	7
440896	3	440895	6	9
440901	8	440900	2	10
440910	14	440909	11	25
440915	5	440914	4	9
440917	3	440916	1	4
440923	5	440922	7	12
440924	16	839283	2	18
440930	3	440929	3	6
440936	5	440935	1	6
440938	12	440937	1	13
440942	4	440941	3	7
440946	1	440945	2	3
440953	2	440952	4	6
440962	2	440961	1	3
440969	4	51452	1	5
440977	1	51463	4	5
440999	1	440998	7	8
441004	10	441003	3	13
441009	2	441008	9	11
441012	2	441011	4	6
441017	4	441016	3	7
441024	6	441023	3	9
441030	10	441029	3	13
441039	6	441038	6	12
441041	2	441040	9	11
441047	3	441046	2	5
441050	3	441049	8	11
441062	1	441061	2	3
441064	5	441063	2	7
441084	7	441083	2	9
441086	6	441085	5	11
441097	3	441096	2	5
441102	7	441101	4	11
441106	2	441105	13	15
441112	6	441111	5	11
441123	3	441122	3	6
441131	3	441130	3	6
441135	3	441134	3	6
441141	7	441140	2	9
441149	5	441148	1	6
441151	12	441150	7	19
441159	5	441158	5	10
441163	1	441162	1	2
441165	6	441164	5	11
441177	2	441176	6	8
441179	7	441178	4	11
441184	8	301490	2	10
441187	8	441186	1	9
441189	3	441188	3	6
441197	2	441196	3	5
441241	5	441240	2	7
441265	4	441264	1	5
441295	2	441294	1	3
441301	2	441300	1	3
441315	4	441314	3	7
441319	1	441318	1	2
441321	2	441320	1	3
441325	2	441324	2	4
441328	4	441327	5	9
441341	2	441340	3	5
441344	4	441343	8	12
441352	14	441351	11	25
441356	6	441355	30	36
441361	8	441360	6	14
441363	9	441362	3	12
441370	13	441369	8	21
441372	5	441371	3	8
441376	3	441375	6	9
441379	1	301517	4	5
441393	6	441392	4	10
441397	6	441396	5	11
441403	1	441402	6	7
441410	4	51775	5	9
441420	2	441419	2	4
441423	3	441422	10	13
441430	1	441429	7	8
441442	1	441441	4	5
441443	3	839477	3	6
441446	1	441445	3	4
441455	2	441454	1	3
441470	2	441469	3	5
441482	5	441481	5	10
441484	8	51843	6	14
441486	5	441485	8	13
441498	2	441497	2	4
441520	1	441519	1	2
441524	4	441523	9	13
441528	5	441527	4	9
441532	27	441531	17	44
441541	2	441540	3	5
441565	5	441564	1	6
441568	1	441567	3	4
441576	3	51910	3	6
441588	1	441587	3	4
441592	1	441591	2	3
441594	2	441593	7	9
441598	5	441597	5	10
441606	3	441605	6	9
441609	2	441608	4	6
441611	3	441610	4	7
441613	4	441612	3	7
441617	1	441616	2	3
441619	2	441618	1	3
441626	5	441625	1	6
441629	2	441628	1	3
441632	2	441631	2	4
441635	5	441634	6	11
441638	2	51956	3	5
441641	3	441640	2	5
441644	5	441643	7	12
441646	8	441645	3	11
441650	3	441649	4	7
441661	4	441660	7	11
441663	6	441662	3	9
441670	1	441669	1	2
441675	2	441674	8	10
441683	2	441682	2	4
441686	7	441685	5	12
441688	9	441687	5	14
441690	3	441689	11	14
441693	11	441692	2	13
441698	11	441697	4	15
441705	15	441704	6	21
441708	9	52000	8	17
441717	2	441716	1	3
441721	1	301577	2	3
441724	5	441723	1	6
441727	3	441726	7	10
441735	9	441734	2	11
441739	4	52037	3	7
441743	2	441742	1	3
441745	5	441744	3	8
441748	17	441747	5	22
441760	10	52064	3	13
441762	4	441761	6	10
441772	2	441771	8	10
441778	7	441777	7	14
441780	8	441779	24	32
441785	5	441784	11	16
441800	7	441799	11	18
441803	12	441802	3	15
441806	7	441805	1	8
441819	3	52091	2	5
441829	3	441828	3	6
441837	10	441836	5	15
441841	25	441840	3	28
441862	5	52151	1	6
441864	4	441863	1	5
441866	31	441865	7	38
441869	19	839657	5	24
441876	4	441875	3	7
441882	4	441881	3	7
441885	5	441884	3	8
441895	6	52164	2	8
441908	5	441907	6	11
441912	2	441911	2	4
441915	2	441914	6	8
441917	3	441916	4	7
441919	2	52198	13	15
441929	13	441928	11	24
441958	2	441957	3	5
441963	2	441962	5	7
441970	6	52254	2	8
441974	2	441973	5	7
441976	6	441975	8	14
441984	1	441983	1	2
441996	2	441995	1	3
442004	4	442003	8	12
442014	14	442013	13	27
442018	3	442017	5	8
442026	7	442025	10	17
442031	2	442030	2	4
442043	8	442042	2	10
442053	5	442052	6	11
442060	9	442059	7	16
442063	3	442062	9	12
442065	4	442064	11	15
442067	9	442066	5	14
442084	2	52392	7	9
442087	10	442086	7	17
442096	3	52401	7	10
442122	4	442121	9	13
442125	13	301682	11	24
442131	12	442130	10	22
442135	14	442134	9	23
442137	4	442136	1	5
442140	25	52431	3	28
442142	1	52432	3	4
442145	6	442144	12	18
442148	1	839794	2	3
442150	6	442149	2	8
442153	2	442152	2	4
442160	4	442159	6	10
442176	10	442175	6	16
442179	6	52489	8	14
442186	4	442185	5	9
442190	8	442189	6	14
442204	7	442203	4	11
442218	1	442217	1	2
442224	3	442223	5	8
442225	3	52520	1	4
442229	3	442228	3	6
442241	3	442240	5	8
442247	1	442246	3	4
442249	8	52530	1	9
442251	3	442250	10	13
442265	2	442264	3	5
442266	5	839846	1	6
442271	9	442270	4	13
442273	1	442272	2	3
442282	5	442281	4	9
442287	1	1009419	1	2
442288	2	52553	6	8
442290	9	442289	3	12
442298	2	442297	2	4
442311	1	442310	1	2
442328	2	442327	4	6
442329	3	301709	3	6
442338	4	442337	1	5
442342	2	442341	2	4
442348	3	442347	3	6
442356	5	52600	20	25
442358	9	442357	7	16
442361	4	52603	1	5
442369	5	442368	3	8
442371	3	301717	1	4
442375	2	442374	3	5
442384	2	301720	1	3
442406	2	442405	4	6
442412	4	442411	3	7
442415	15	52650	7	22
442420	3	442419	2	5
442425	6	442424	4	10
442429	2	442428	3	5
442433	2	442432	3	5
442436	3	442435	4	7
442444	1	442443	2	3
442445	2	52674	1	3
442447	3	442446	2	5
442452	1	442451	1	2
442454	4	442453	11	15
442457	8	442456	5	13
442458	7	52679	4	11
442459	3	52680	6	9
442464	3	442463	3	6
442466	1	442465	9	10
442470	4	442469	13	17
442473	2	442472	2	4
442475	2	52688	1	3
442479	3	442478	1	4
442489	6	442488	5	11
442494	1	442493	1	2
442497	2	442496	7	9
442501	3	442500	4	7
442507	2	442506	1	3
442510	1	442509	1	2
442514	1	442513	5	6
442527	7	442526	1	8
442535	5	442534	1	6
442546	2	442545	6	8
442549	2	442548	1	3
442551	29	442550	2	31
442554	1	442553	1	2
442571	7	442570	5	12
442583	4	52801	2	6
442585	4	442584	4	8
442587	5	442586	1	6
442596	7	52806	4	11
442598	10	442597	5	15
442620	5	442619	1	6
442626	1	442625	5	6
442638	9	442637	5	14
442645	2	52880	6	8
442654	6	442653	1	7
442656	1	442655	3	4
442661	1	442660	2	3
442670	3	442669	3	6
442678	12	52907	6	18
442680	6	442679	9	15
442687	5	442686	1	6
442696	8	442695	1	9
442716	4	442715	7	11
442724	1	52952	1	2
442726	1	442725	4	5
442733	11	52961	13	24
442741	2	442740	4	6
442743	1	52980	3	4
442756	5	301797	1	6
442757	5	53012	3	8
442768	1	53019	2	3
442772	1	442771	2	3
442782	4	442781	4	8
442797	3	442796	2	5
442800	4	442799	4	8
442804	3	442803	10	13
442806	6	442805	12	18
442816	5	442815	4	9
442828	1	442827	2	3
442843	1	442842	3	4
442853	5	301825	3	8
442863	2	442862	2	4
442879	2	442878	4	6
442893	2	53145	1	3
442919	2	53161	1	3
442925	1	442924	2	3
442927	51	442926	5	56
442932	1	442931	3	4
442945	1	442944	3	4
442964	2	442963	2	4
442972	4	442971	5	9
442989	6	442988	1	7
442996	2	442995	1	3
442999	1	442998	2	3
443019	4	443018	2	6
443025	5	443024	3	8
443028	1	443027	2	3
443034	3	443033	1	4
443037	6	443036	3	9
443040	1	443039	5	6
443045	6	443044	1	7
443059	3	443058	7	10
443076	2	443075	4	6
443083	6	443082	3	9
443092	4	840182	5	9
443128	1	443127	2	3
443141	2	443140	2	4
443153	4	443152	1	5
443163	4	443162	1	5
443182	1	443181	4	5
443185	1	443184	5	6
443195	4	443194	6	10
443200	3	443199	2	5
443209	7	443208	2	9
443212	5	443211	9	14
443221	5	443220	7	12
443226	3	443225	1	4
443235	3	443234	2	5
443237	3	840244	4	7
443238	1	53414	3	4
443246	4	443245	1	5
443249	4	443248	5	9
443252	6	443251	4	10
443260	9	53427	1	10
443279	3	443278	3	6
443286	9	443285	14	23
443289	4	443288	9	13
443292	7	443291	9	16
443296	9	443295	2	11
443300	5	443299	10	15
443309	3	443308	6	9
443312	3	443311	5	8
443314	1	443313	5	6
443320	4	443319	1	5
443329	3	443328	4	7
443334	1	443333	3	4
443335	9	53473	3	12
443342	5	443341	2	7
443351	3	443350	1	4
443354	2	443353	23	25
443377	4	53515	2	6
443384	7	443383	5	12
443401	2	443400	5	7
443402	1	840323	1	2
443410	5	443409	6	11
443416	2	53552	3	5
443418	3	443417	5	8
443424	1	443423	1	2
443429	1	443428	2	3
443432	3	443431	10	13
443436	3	53559	3	6
443438	1	443437	7	8
443440	3	443439	3	6
443443	3	443442	15	18
443445	5	443444	5	10
443464	4	443463	3	7
443470	4	443469	10	14
443480	5	301923	2	7
443483	20	443482	2	22
443487	6	443486	4	10
443495	3	443494	4	7
443497	6	443496	3	9
443503	3	443502	4	7
443527	2	443526	2	4
443530	1	443529	6	7
443533	5	443532	6	11
443537	3	53633	1	4
443541	11	53649	1	12
443548	4	443547	6	10
443551	1	443550	12	13
443553	3	443552	2	5
443566	7	840407	5	12
443569	6	443568	7	13
443572	4	53690	2	6
443577	6	443576	4	10
443589	5	443588	6	11
443592	2	443591	15	17
443594	15	443593	3	18
443596	9	443595	6	15
443622	3	443621	7	10
443629	3	443628	2	5
443640	13	53745	4	17
443646	2	443645	5	7
443647	3	53750	2	5
443649	2	53752	5	7
443656	2	443655	2	4
443664	2	443663	3	5
443666	1	443665	2	3
443673	1	443672	3	4
443681	4	53772	2	6
443691	5	840458	1	6
443698	5	53799	21	26
443722	10	443721	8	18
443730	1	443729	2	3
443731	2	53826	2	4
443740	2	443739	4	6
443747	3	443746	4	7
443754	10	443753	9	19
443758	5	443757	1	6
443776	3	443775	7	10
443782	7	443781	10	17
443787	5	840503	3	8
443788	1	53886	1	2
443795	3	443794	1	4
443806	6	840511	9	15
443815	4	443814	2	6
443819	4	443818	4	8
443821	1	443820	2	3
443823	9	443822	2	11
443838	3	443837	3	6
443842	2	443841	1	3
443845	2	53918	6	8
443852	2	443851	1	3
443854	8	443853	8	16
443863	1	443862	12	13
443871	1	443870	1	2
443875	15	443874	7	22
443879	2	443878	3	5
443889	1	443888	3	4
443906	2	443905	11	13
443909	4	443908	3	7
443912	4	443911	4	8
443923	7	443922	2	9
443925	12	443924	5	17
443930	3	443929	8	11
443938	1	443937	3	4
443939	9	53979	7	16
443942	2	840571	5	7
443945	45	53983	4	49
443959	5	443958	7	12
443962	11	443961	2	13
443967	6	443966	6	12
443969	1	54014	1	2
443977	6	443976	13	19
443979	7	443978	6	13
443983	6	443982	6	12
443989	4	54037	1	5
443994	2	443993	11	13
443996	7	443995	6	13
443998	15	54049	2	17
444001	5	444000	8	13
444003	3	444002	7	10
444006	8	444005	7	15
444013	9	840600	3	12
444019	6	444018	4	10
444020	7	54055	2	9
444022	9	444021	3	12
444029	2	444028	3	5
444032	4	444031	4	8
444036	7	444035	7	14
444046	6	444045	8	14
444065	4	444064	11	15
444068	8	444067	7	15
444076	8	444075	4	12
444083	1	444082	6	7
444085	5	444084	6	11
444093	2	444092	1	3
444101	2	444100	6	8
444103	3	444102	1	4
444105	12	444104	2	14
444113	4	444112	2	6
444117	3	444116	5	8
444137	4	54111	2	6
444139	1	444138	3	4
444140	3	840642	7	10
444145	11	444144	6	17
444149	2	444148	3	5
444152	2	444151	8	10
444161	3	54147	1	4
444162	6	54151	4	10
444183	2	54164	4	6
444186	3	444185	8	11
444195	4	302078	5	9
444201	1	444200	1	2
444203	12	444202	2	14
444209	1	54181	2	3
444220	8	444219	10	18
444223	2	444222	4	6
444227	1	444226	2	3
444231	5	444230	2	7
444242	4	444241	6	10
444253	2	444252	6	8
444265	5	444264	2	7
444274	5	444273	1	6
444280	5	444279	9	14
444289	3	444288	6	9
444293	2	444292	1	3
444296	4	444295	2	6
444301	2	444300	4	6
444307	2	54277	9	11
444312	6	54284	3	9
444319	4	444318	1	5
444322	6	444321	4	10
444324	8	444323	8	16
444326	2	444325	3	5
444329	2	444328	5	7
444335	1	444334	7	8
444359	3	444358	5	8
444362	3	444361	14	17
444368	5	444367	8	13
444370	1	444369	1	2
444374	1	444373	2	3
444377	5	444376	3	8
444381	1	444380	4	5
444385	1	444384	4	5
444394	5	54320	6	11
444398	4	444397	3	7
444401	1	444400	1	2
444405	4	444404	5	9
444409	5	444408	4	9
444413	7	444412	20	27
444415	1	444414	4	5
444428	3	444427	4	7
444432	10	444431	3	13
444437	1	444436	1	2
444441	3	444440	8	11
444442	6	54328	3	9
444456	4	444455	2	6
444469	6	444468	5	11
444472	8	444471	4	12
444474	3	444473	3	6
444483	5	444482	9	14
444484	4	54344	1	5
444486	1	444485	3	4
444491	9	54348	13	22
444493	4	444492	7	11
444495	17	444494	1	18
444506	2	444505	5	7
444508	2	840761	3	5
444513	6	444512	2	8
444516	10	444515	7	17
444518	6	444517	8	14
444520	5	54365	5	10
444522	6	444521	7	13
444537	4	444536	3	7
444542	4	444541	3	7
444547	2	444546	7	9
444549	3	444548	14	17
444552	4	444551	1	5
444554	7	444553	8	15
444557	2	444556	3	5
444564	3	444563	1	4
444565	3	54377	3	6
444572	2	444571	4	6
444580	4	54382	1	5
444581	5	302122	2	7
444596	1	54390	1	2
444606	5	840801	9	14
444611	4	444610	6	10
444618	3	444617	4	7
444629	5	444628	3	8
444635	3	444634	2	5
444639	2	54418	3	5
444651	3	840824	3	6
444653	2	444652	12	14
444655	3	444654	2	5
444658	6	444657	12	18
444662	26	444661	4	30
444679	1	54441	1	2
444681	1	444680	1	2
444683	2	444682	4	6
444691	2	444690	3	5
444713	1	302147	1	2
444721	5	444719	5	10
444722	2	444720	1	3
444727	3	444726	3	6
444730	1	444729	4	5
444741	4	444740	6	10
444744	15	444743	2	17
444754	2	444753	7	9
444772	4	444771	2	6
444775	1	444774	3	4
444778	1	444777	3	4
444780	2	444779	1	3
444787	6	444786	2	8
444797	4	444796	3	7
444806	2	444805	15	17
444831	3	444830	5	8
444834	5	444833	6	11
444836	3	444835	2	5
444849	6	444848	11	17
444851	5	444850	2	7
444860	8	444859	3	11
444868	4	444867	7	11
444873	1	444872	4	5
444885	1	444884	6	7
444895	3	444894	6	9
444897	6	444896	7	13
444919	5	444918	2	7
444921	9	444920	3	12
444925	17	302180	4	21
444927	5	444926	5	10
444930	2	444929	18	20
444934	6	444933	3	9
444940	4	444939	5	9
444943	3	444942	8	11
444945	5	444944	8	13
444958	9	444957	11	20
444979	3	444978	1	4
444984	6	54627	3	9
444986	4	444985	9	13
444990	3	444989	7	10
444992	5	444991	5	10
444997	1	444996	5	6
445007	3	445006	12	15
445010	1	445009	5	6
445015	8	445014	5	13
445018	9	445017	3	12
445023	3	445022	2	5
445028	5	445027	3	8
445038	2	54648	2	4
445040	1	445039	3	4
445046	2	445045	2	4
445048	1	445047	2	3
445057	7	445056	16	23
445060	8	445059	8	16
445068	4	445067	7	11
445070	7	840998	7	14
445071	5	54662	4	9
445073	1	445072	1	2
445077	6	54664	2	8
445085	8	445084	2	10
445091	1	445090	2	3
445094	11	445093	4	15
445102	1	445101	1	2
445107	3	445106	6	9
445112	2	445111	4	6
445121	4	445120	5	9
445136	3	445135	1	4
445140	7	445139	8	15
445145	2	54682	7	9
445156	5	445155	7	12
445164	3	445163	2	5
445169	6	445168	6	12
445187	1	445186	4	5
445190	2	445189	1	3
445201	3	54699	1	4
445203	7	54700	1	8
445206	3	445205	1	4
445213	1	445212	3	4
445216	3	445215	3	6
445222	5	445221	7	12
445229	4	445228	4	8
445233	9	445232	3	12
445236	7	54725	6	13
445245	5	841065	5	10
445247	5	445246	6	11
445249	8	445248	3	11
445257	4	445256	2	6
445259	2	445258	5	7
445264	1	445263	8	9
445268	14	445267	6	20
445271	2	445270	9	11
445277	5	445276	14	19
445284	4	841073	4	8
445287	3	54764	3	6
445289	7	445288	4	11
445290	3	302220	8	11
445292	7	445291	6	13
445302	5	445301	9	14
445306	3	445305	3	6
445322	1	445321	3	4
445326	6	445325	2	8
445334	5	445333	3	8
445348	7	445347	11	18
445351	1	445350	3	4
445353	7	54813	4	11
445364	3	445363	4	7
445373	1	445372	7	8
445383	12	445382	15	27
445386	7	445385	11	18
445388	10	445387	6	16
445407	3	445406	6	9
445415	4	445414	5	9
445419	5	445418	10	15
445422	3	445421	5	8
445423	12	841137	21	33
445427	9	445426	5	14
445430	5	445429	9	14
445432	7	445431	7	14
445441	3	445440	6	9
445464	1	445463	7	8
445478	13	445477	3	16
445484	2	445483	6	8
445488	1	445487	7	8
445498	9	445497	3	12
445500	5	445499	2	7
445503	3	54886	2	5
445512	5	445511	4	9
445515	4	445514	6	10
445516	3	841174	14	17
445525	5	445524	2	7
445528	8	445527	11	19
445532	8	445531	1	9
445537	9	54920	4	13
445539	4	445538	10	14
445542	2	445541	5	7
445548	3	841186	5	8
445556	3	445555	3	6
445559	8	445558	7	15
445570	4	445569	6	10
445584	9	445583	2	11
445587	1	445586	5	6
445590	1	445589	4	5
445592	3	445591	1	4
445595	5	445594	2	7
445599	3	445598	1	4
445602	2	445601	7	9
445611	6	445610	1	7
445613	8	302260	3	11
445642	1	445641	3	4
445670	8	445669	2	10
445674	9	54988	3	12
445688	9	445687	1	10
445719	2	445718	1	3
445725	2	445724	4	6
445737	9	445736	6	15
445750	3	445749	3	6
445757	3	445756	2	5
445763	11	55047	4	15
445773	4	445772	2	6
445785	5	445784	5	10
445794	3	445793	2	5
445797	8	445796	9	17
445802	4	55077	18	22
445805	7	445804	2	9
445807	8	55084	10	18
445809	5	445808	2	7
445814	4	445813	6	10
445816	12	445815	2	14
445824	9	55093	1	10
445840	4	55104	3	7
445845	1	445844	7	8
445850	4	445849	7	11
445854	11	445853	6	17
445855	7	55107	1	8
445857	5	445856	3	8
445860	10	445859	12	22
445867	6	445866	9	15
445875	3	445874	4	7
445878	3	445877	5	8
445882	8	445881	4	12
445890	6	445889	1	7
445894	17	445893	11	28
445897	1	55123	5	6
445900	6	445899	2	8
445920	7	302319	2	9
445932	4	55151	4	8
445938	2	445937	1	3
445943	6	55159	1	7
445946	3	445945	9	12
445959	16	445958	4	20
445967	4	445966	3	7
445980	3	445979	1	4
445981	3	55173	8	11
445986	4	445985	2	6
445992	2	445991	5	7
445994	2	445993	5	7
445999	3	445998	7	10
446014	3	446013	7	10
446018	6	446017	4	10
446020	3	446019	3	6
446023	3	446022	8	11
446027	8	446026	1	9
446032	1	55196	4	5
446041	5	446040	11	16
446044	1	841353	4	5
446047	4	446046	2	6
446051	2	446050	10	12
446074	1	446073	4	5
446079	2	446078	3	5
446084	7	446083	1	8
446090	2	446089	4	6
446105	3	446104	1	4
446107	3	446106	2	5
446108	2	302347	7	9
446111	5	446110	5	10
446131	2	446130	6	8
446138	6	446137	16	22
446142	6	446141	3	9
446153	3	446152	1	4
446155	3	446154	2	5
446159	3	446158	5	8
446180	5	446179	5	10
446183	1	55303	2	3
446190	3	446189	3	6
446198	2	446197	3	5
446203	4	446202	9	13
446235	9	446234	2	11
446241	3	302367	7	10
446245	1	446244	3	4
446248	7	446247	12	19
446251	12	446250	5	17
446252	4	841426	1	5
446255	4	446254	1	5
446271	5	446270	3	8
446277	4	446276	6	10
446278	5	55339	5	10
446281	9	446280	3	12
446289	2	446288	3	5
446295	5	446294	6	11
446297	8	302374	2	10
446302	7	446301	6	13
446304	1	446303	11	12
446306	2	446305	2	4
446313	2	446312	2	4
446314	7	55347	5	12
446322	4	446321	4	8
446329	2	446328	2	4
446331	1	446330	3	4
446335	6	446334	4	10
446337	5	446336	6	11
446338	7	55363	7	14
446343	3	55365	1	4
446345	6	446344	2	8
446349	4	446348	4	8
446351	29	446350	9	38
446355	4	446354	5	9
446361	2	446360	2	4
446377	2	446376	1	3
446380	1	446379	5	6
446389	1	446388	1	2
446395	4	55417	1	5
446397	2	446396	2	4
446401	5	446400	1	6
446403	12	302395	3	15
446405	6	302397	11	17
446407	1	446406	4	5
446411	3	446410	3	6
446413	1	446412	3	4
446419	8	446418	7	15
446430	3	446429	3	6
446433	12	446432	5	17
446447	4	446446	4	8
446451	2	446450	10	12
446453	1	446452	5	6
446460	6	446459	5	11
446476	2	302416	2	4
446483	13	55500	3	16
446484	7	55501	2	9
446487	5	446486	2	7
446497	6	302419	1	7
446499	4	446498	2	6
446516	6	446515	6	12
446518	5	446517	8	13
446519	5	302421	4	9
446530	2	446529	3	5
446538	8	55518	1	9
446553	5	446552	6	11
446556	10	446555	4	14
446559	7	446558	9	16
446571	7	446570	9	16
446579	2	446578	8	10
446596	2	446595	5	7
446635	8	446634	7	15
446643	11	446642	2	13
446657	8	446656	7	15
446669	4	446668	2	6
446676	3	446675	1	4
446685	5	841577	1	6
446688	2	446687	8	10
446699	1	841582	4	5
446722	5	446721	10	15
446727	4	446726	10	14
446729	11	446728	9	20
446734	18	446733	4	22
446736	2	446735	5	7
446746	8	446745	6	14
446758	3	446757	4	7
446759	2	841606	2	4
446764	3	446763	6	9
446766	2	446765	12	14
446774	2	446773	5	7
446776	3	446775	3	6
446778	2	446777	3	5
446781	3	446780	4	7
446791	9	302450	5	14
446794	3	446793	2	5
446797	10	446796	3	13
446800	4	446799	3	7
446807	6	446806	2	8
446815	11	446814	8	19
446819	2	446818	4	6
446821	6	446820	9	15
446826	9	446825	1	10
446830	9	446829	7	16
446851	3	446850	1	4
446873	1	446872	6	7
446875	4	446874	7	11
446882	4	446881	2	6
446884	6	446883	7	13
446892	15	841671	1	16
446913	4	446912	7	11
446917	3	446916	4	7
446920	3	446919	6	9
446923	5	446922	6	11
446926	10	446925	23	33
446930	19	446929	8	27
446934	6	446933	4	10
446941	5	446940	2	7
446953	6	446952	2	8
446964	8	446963	6	14
446972	14	446971	11	25
446974	6	446973	5	11
447002	11	447001	11	22
447007	12	447006	3	15
447013	10	447012	11	21
447018	2	447017	1	3
447024	7	55708	2	9
447039	5	447038	9	14
447041	4	447040	137	141
447049	9	447048	4	13
447052	8	447051	8	16
447064	14	447063	8	22
447070	4	841739	6	10
447082	2	447081	7	9
447088	4	447087	5	9
447092	4	447091	4	8
447094	11	447093	10	21
447109	5	447108	7	12
447115	6	447114	4	10
447134	5	447133	4	9
447141	3	447140	2	5
447144	2	447143	10	12
447147	29	841764	29	58
447171	12	447170	14	26
447184	9	447183	10	19
447190	6	447189	2	8
447242	13	447241	8	21
447258	10	447257	7	17
447261	2	447260	5	7
447295	1	447294	5	6
447297	3	447296	15	18
447306	12	55825	7	19
447314	11	55842	4	15
447325	6	447324	8	14
447347	1	447346	8	9
447349	5	447348	12	17
447368	7	55884	5	12
447379	7	447378	1	8
447382	6	447381	8	14
447389	6	447388	3	9
447402	6	447401	3	9
447408	1	447407	3	4
447418	21	447417	24	45
447420	9	447419	2	11
447422	3	447421	3	6
447429	19	447428	5	24
447439	13	447438	14	27
447450	8	55941	3	11
447486	3	447485	3	6
447510	1	447509	1	2
447514	4	447513	15	19
447516	6	55992	7	13
447522	5	447521	3	8
447526	4	1010971	11	15
447535	13	447534	9	22
447556	7	447555	6	13
447560	9	447559	10	19
447567	5	447566	11	16
447569	7	447568	13	20
447574	5	447573	20	25
447588	7	447587	6	13
447591	12	447590	5	17
447611	5	447610	5	10
447620	12	841977	9	21
447626	2	447625	5	7
447658	14	447657	8	22
447668	7	447667	10	17
447719	2	447718	6	8
447730	4	447729	4	8
447744	10	447743	5	15
447762	3	447761	7	10
447770	3	447769	4	7
447788	5	447787	8	13
447790	4	447789	3	7
447805	4	56133	1	5
447811	3	447810	12	15
447818	20	447817	3	23
447824	9	302631	13	22
447828	9	447827	1	10
447836	6	447835	14	20
447840	11	302633	4	15
447842	2	842076	4	6
447847	7	447846	7	14
447851	3	447850	1	4
447856	7	447855	11	18
447857	12	842089	11	23
447859	4	447858	8	12
447876	12	447875	8	20
447882	5	447881	5	10
447887	10	447886	10	20
447894	5	447893	14	19
447911	6	447910	7	13
447922	16	447921	18	34
447939	6	447938	5	11
447943	8	447941	8	16
447956	4	447955	4	8
447962	8	447961	4	12
447964	10	447963	1	11
447968	9	447967	10	19
447975	12	842138	7	19
447990	8	56222	5	13
447993	4	447992	3	7
448001	7	448000	18	25
448024	2	448023	6	8
448034	9	842162	20	29
448069	3	448068	2	5
448073	61	448072	24	85
448079	6	448078	5	11
448083	5	448082	11	16
448091	10	842193	8	18
448094	5	448093	4	9
448122	9	448121	4	13
448134	13	448133	3	16
448146	4	448145	7	11
448152	8	448151	3	11
448156	6	448155	11	17
448182	11	448181	3	14
448193	4	448192	2	6
448225	2	56359	1	3
448227	1	448226	1	2
448236	3	448235	6	9
448244	7	448243	6	13
448247	1	448246	1	2
448253	6	56396	4	10
448275	3	302743	6	9
448282	4	302748	3	7
448291	3	56433	6	9
448299	7	448298	6	13
448307	1	448306	6	7
448315	5	448314	11	16
448345	6	448344	4	10
448348	6	448347	4	10
448359	9	448358	10	19
448362	4	448361	5	9
448367	10	448366	6	16
448383	33	56513	7	40
448387	8	448386	3	11
448391	12	56517	26	38
448406	6	448405	4	10
448413	2	842336	5	7
448438	1	842347	3	4
448461	3	448460	2	5
448469	6	448468	4	10
448487	14	448486	9	23
448502	4	448501	3	7
448504	2	448503	9	11
448506	4	448505	4	8
448508	14	56576	1	15
448514	10	56591	2	12
448518	4	56593	3	7
448527	9	448526	3	12
448531	2	448530	10	12
448547	29	448546	40	69
448550	6	56610	5	11
448552	5	448551	15	20
448556	6	448555	10	16
448557	17	842405	6	23
448559	10	448558	5	15
448562	1	448561	14	15
448576	11	448575	5	16
448582	4	448581	4	8
448600	5	448599	14	19
448610	8	448609	10	18
448621	26	448620	5	31
448625	7	448624	10	17
448631	1	302831	2	3
448658	3	448657	11	14
448678	5	56694	7	12
448681	3	448680	10	13
448727	10	448726	13	23
448740	11	448739	6	17
448750	18	448749	16	34
448774	7	448773	18	25
448781	6	842521	5	11
448784	4	56735	3	7
448824	8	56759	7	15
448853	1	448852	4	5
448855	11	448854	4	15
448862	11	448861	6	17
448864	8	448863	8	16
448866	8	448865	4	12
448870	8	448869	4	12
448873	7	448872	17	24
448875	5	448874	2	7
448877	12	448876	6	18
448879	2	448878	10	12
448881	3	448880	9	12
448894	2	448893	18	20
448898	7	448897	13	20
448900	6	448899	4	10
448916	3	448915	5	8
448919	7	448918	10	17
448930	6	448929	7	13
448933	7	448932	5	12
448936	9	448935	4	13
448945	9	448944	6	15
448951	13	448950	5	18
448955	8	448954	2	10
448958	2	448957	21	23
448987	10	448986	5	15
448994	7	448993	2	9
448999	4	448998	4	8
449001	5	449000	3	8
449004	4	449003	3	7
449010	8	449009	2	10
449047	4	449044	7	11
449050	23	449049	5	28
449054	5	449053	6	11
449064	5	449063	6	11
449070	5	449069	5	10
449073	8	449072	6	14
449079	10	449078	3	13
449081	13	449080	3	16
449107	26	449106	12	38
449109	8	449108	6	14
449111	1	449110	4	5
449118	11	449117	2	13
449128	9	449127	6	15
449145	3	449144	3	6
449148	4	56828	4	8
449157	34	449156	6	40
449170	7	56866	2	9
449172	1	449171	3	4
449175	4	449174	1	5
449188	9	449187	8	17
449194	1	449193	3	4
449196	3	449195	1	4
449207	1	449206	1	2
449210	1	449209	4	5
449222	3	449221	2	5
449226	66	449225	2	68
449241	2	449240	6	8
449246	2	449245	2	4
449261	2	449260	1	3
449272	1	449271	2	3
449277	1	449276	3	4
449280	2	449279	2	4
449292	10	449291	2	12
449297	1	449296	1	2
449300	2	449299	1	3
449314	1	56941	1	2
449319	6	449318	2	8
449327	1	449326	2	3
449330	1	449329	11	12
449348	3	449347	3	6
449351	11	449350	5	16
449360	1	449359	1	2
449363	2	449362	5	7
449365	1	449364	1	2
449368	1	449367	3	4
449371	2	449370	36	38
449380	9	449379	2	11
449385	4	449384	10	14
449415	7	449414	3	10
449430	1	449429	2	3
449440	3	449439	3	6
449444	3	302930	3	6
449487	3	449486	10	13
449491	10	449490	2	12
449500	2	449499	3	5
449502	3	449501	6	9
449507	11	57111	3	14
449510	12	449509	8	20
449518	1	449517	6	7
449533	24	449532	7	31
449555	10	449554	3	13
449561	8	449560	7	15
449565	6	57155	4	10
449567	3	449566	6	9
449569	7	449568	5	12
449578	8	449577	20	28
449587	19	449586	2	21
449608	5	449607	17	22
449629	1	449628	4	5
449640	3	449639	2	5
449650	1	449649	2	3
449662	1	449661	1	2
449663	3	57196	4	7
449666	10	449665	9	19
449670	7	449669	2	9
449678	9	449677	4	13
449682	5	449681	3	8
449687	4	449686	9	13
449692	10	57231	4	14
449694	4	449693	7	11
449698	11	449697	3	14
449701	3	449700	1	4
449703	2	57235	1	3
449705	9	449704	5	14
449707	6	449706	3	9
449720	1	449719	4	5
449728	13	449727	1	14
449746	7	449745	12	19
449747	19	57262	6	25
449750	7	449749	13	20
449752	3	449751	9	12
449755	11	449754	11	22
449780	6	57279	1	7
449786	5	842954	12	17
449800	6	449799	5	11
449803	2	449802	10	12
449807	12	449806	6	18
449812	7	449811	8	15
449814	29	449809	1	30
449825	5	303024	2	7
449830	8	449829	8	16
449833	7	449832	1	8
449838	5	449837	10	15
449847	5	449846	9	14
449852	12	449851	6	18
449861	4	449860	10	14
449863	4	449862	4	8
449879	6	449878	13	19
449882	12	449881	3	15
449889	7	449888	2	9
449897	1	449896	3	4
449905	4	449904	7	11
449914	8	449913	7	15
449935	4	449934	7	11
449956	4	449955	4	8
449963	11	449962	1	12
449980	7	449979	2	9
449985	2	449984	1	3
449989	1	57381	3	4
450003	16	450002	10	26
450006	5	450005	3	8
450011	10	57402	2	12
450021	4	450020	2	6
450027	3	450026	2	5
450034	1	843052	11	12
450036	6	450035	4	10
450044	5	450043	2	7
450049	2	450048	11	13
450055	2	450054	1	3
450059	10	450058	3	13
450067	5	450066	9	14
450072	5	450071	3	8
450075	5	450074	1	6
450078	8	450077	6	14
450082	3	843065	2	5
450084	2	450083	8	10
450089	3	450088	6	9
450092	7	450091	8	15
450099	4	450098	4	8
450109	9	450108	11	20
450117	9	450116	16	25
450133	3	450132	3	6
450135	11	450134	11	22
450140	5	450139	1	6
450145	4	450144	8	12
450150	7	450149	2	9
450157	5	450156	1	6
450171	1	450170	7	8
450185	1	450184	5	6
450187	6	450186	8	14
450189	7	57508	1	8
450191	13	450190	4	17
450194	2	57509	3	5
450196	2	843111	10	12
450204	8	450203	6	14
450222	10	450221	1	11
450225	2	450224	3	5
450234	3	57531	7	10
450248	17	450247	6	23
450252	8	450251	2	10
450259	3	450258	4	7
450274	1	450273	2	3
450276	4	450275	4	8
450279	4	450278	7	11
450290	6	450289	2	8
450293	2	450292	3	5
450297	3	450296	24	27
450311	3	450310	4	7
450316	9	843149	2	11
450319	10	450318	1	11
450329	5	450328	21	26
450333	7	450332	2	9
450335	2	450334	5	7
450340	4	450339	5	9
450347	4	450346	5	9
450352	2	450351	10	12
450354	8	450353	12	20
450359	1	450358	1	2
450362	2	57584	4	6
450370	6	450369	3	9
450372	8	450371	2	10
450375	5	450374	14	19
450379	9	450378	8	17
450398	5	450397	4	9
450400	3	450399	4	7
450403	2	450402	1	3
450415	1	57624	2	3
450418	4	450417	3	7
450422	1	450421	2	3
450428	14	450427	2	16
450439	4	450438	4	8
450440	2	303109	1	3
450442	4	450441	4	8
450447	1	450446	2	3
450458	7	450457	7	14
450473	1	450472	4	5
450486	4	450485	1	5
450488	1	450487	5	6
450491	5	450490	3	8
450495	1	450494	5	6
450498	5	450497	2	7
450500	7	450499	3	10
450525	5	303123	1	6
450534	8	57683	2	10
450536	1	450535	3	4
450539	5	450538	3	8
450552	2	57704	2	4
450563	1	450562	2	3
450569	4	450568	3	7
450573	1	450572	1	2
450582	4	450581	6	10
450586	3	450585	2	5
450591	4	450590	1	5
450594	2	450593	1	3
450598	3	450597	5	8
450607	1	450606	6	7
450610	3	843276	1	4
450616	5	450615	3	8
450617	1	57729	4	5
450623	1	450622	1	2
450635	6	450634	15	21
450657	2	57738	1	3
450667	2	450666	1	3
450669	3	450668	4	7
450687	3	450686	3	6
450696	4	450695	3	7
450700	6	450699	4	10
450705	2	450704	1	3
450708	1	450707	1	2
450712	2	450711	4	6
450714	1	450713	2	3
450719	2	450718	1	3
450721	1	450720	4	5
450730	1	450729	6	7
450733	2	450732	9	11
450736	11	450735	11	22
450738	6	450737	7	13
450746	4	450745	14	18
450748	3	450747	2	5
450756	4	450755	2	6
450759	5	450758	5	10
450761	2	450760	1	3
450763	2	450762	3	5
450768	2	450767	5	7
450772	5	450771	4	9
450777	2	450776	2	4
450795	5	843331	2	7
450798	10	450797	5	15
450802	8	843333	4	12
450807	4	450806	5	9
450811	4	450810	9	13
450817	2	450816	2	4
450826	2	843352	3	5
450828	1	450827	1	2
450832	5	450831	5	10
450835	5	450834	4	9
450841	6	450840	6	12
450850	8	450849	8	16
450855	8	450854	5	13
450859	3	450858	3	6
450868	14	450867	16	30
450870	13	450869	5	18
450872	1	450871	3	4
450878	10	450877	5	15
450888	7	450887	1	8
450891	2	450890	1	3
450895	5	450894	2	7
450908	5	450907	2	7
450914	2	450913	5	7
450917	3	450916	3	6
450922	15	450921	20	35
450928	15	57820	2	17
450933	2	450932	4	6
450935	7	450934	8	15
450945	2	450944	6	8
450950	2	450949	6	8
450954	6	450953	3	9
450956	5	450955	10	15
450959	3	450958	4	7
450963	2	450962	5	7
450965	6	450964	3	9
450969	5	450968	3	8
450972	4	450971	5	9
450976	1	450975	7	8
450989	8	450988	32	40
450992	20	450991	8	28
450994	4	450993	3	7
450996	2	450995	5	7
450998	10	57842	1	11
451004	5	451003	4	9
451008	3	451007	1	4
451011	6	451010	2	8
451016	1	451015	2	3
451020	3	451019	5	8
451024	7	451023	3	10
451027	5	451026	6	11
451029	4	451028	2	6
451031	12	451030	12	24
451036	15	451035	7	22
451038	2	57862	2	4
451041	1	451040	9	10
451044	8	451043	12	20
451047	3	451046	5	8
451051	8	451050	4	12
451056	3	451055	2	5
451065	7	451064	1	8
451066	9	57880	10	19
451072	5	451071	4	9
451074	1	451073	4	5
451077	2	451076	12	14
451086	1	451085	11	12
451092	1	451091	4	5
451094	3	451093	4	7
451097	4	451096	12	16
451103	6	843459	27	33
451105	12	451104	2	14
451107	4	451106	4	8
451110	2	451109	2	4
451112	7	451111	1	8
451116	4	451115	9	13
451120	10	451119	7	17
451129	5	451128	7	12
451132	4	451131	1	5
451140	1	451139	5	6
451143	4	451142	12	16
451145	5	451144	1	6
451147	5	451146	4	9
451153	4	451152	3	7
451163	4	451162	5	9
451168	4	451167	9	13
451170	2	451169	3	5
451177	3	451176	4	7
451182	1	451181	5	6
451188	2	451187	4	6
451202	49	451201	3	52
451206	5	451205	2	7
451209	9	451208	6	15
451213	2	451212	1	3
451224	1	451223	8	9
451227	13	451226	5	18
451236	4	451235	4	8
451241	5	451240	3	8
451247	3	303199	2	5
451249	37	451248	1	38
451259	2	451258	1	3
451269	6	451268	2	8
451278	3	451277	1	4
451289	1	451288	2	3
451293	3	303202	1	4
451297	2	451296	12	14
451299	12	451298	6	18
451305	6	451304	4	10
451308	4	451307	1	5
451316	2	451315	3	5
451322	3	451321	4	7
451327	1	451326	1	2
451330	1	451329	2	3
451332	3	843536	2	5
451341	7	451340	2	9
451347	1	451346	6	7
451349	1	451348	1	2
451353	2	451352	3	5
451357	2	451356	2	4
451359	2	451358	1	3
451368	2	451367	2	4
451376	4	451375	2	6
451384	3	451383	1	4
451386	5	451385	1	6
451393	1	451392	5	6
451397	2	451396	4	6
451399	2	451398	2	4
451401	2	451400	2	4
451409	1	451408	1	2
451419	1	451418	2	3
451421	4	451420	18	22
451438	3	451437	1	4
451442	1	451441	1	2
451444	4	451443	1	5
451455	3	451454	1	4
451494	1	451493	1	2
451501	1	451500	2	3
451507	3	58037	2	5
451511	1	451510	1	2
451522	6	843606	3	9
451529	1	303236	6	7
451532	10	451531	2	12
451553	8	58049	5	13
451555	2	451554	1	3
451563	2	451562	4	6
451568	4	451567	1	5
451573	2	451572	5	7
451575	5	451574	2	7
451577	1	451576	3	4
451584	3	451583	7	10
451590	3	451589	5	8
451595	1	451594	3	4
451598	2	451597	5	7
451600	4	451599	12	16
451602	6	451601	3	9
451606	2	58081	2	4
451614	3	451613	3	6
451617	5	843639	7	12
451632	6	451631	4	10
451636	4	1012197	1	5
451644	4	451643	2	6
451647	7	58110	5	12
451656	8	451655	35	43
451658	5	451657	1	6
451660	5	451659	2	7
451663	1	58116	3	4
451665	2	451664	3	5
451686	2	451685	4	6
451699	2	843664	2	4
451700	2	58143	1	3
451703	7	451702	8	15
451721	4	58154	6	10
451723	3	451722	3	6
451738	6	58170	1	7
451741	2	451740	3	5
451746	10	451745	15	25
451757	6	451756	4	10
451759	6	843685	2	8
451773	10	451771	4	14
451774	2	843690	3	5
451797	1	451796	2	3
451799	4	451798	3	7
451801	3	58188	3	6
451812	7	451811	1	8
451816	3	451815	1	4
451822	4	451821	3	7
451827	3	451826	2	5
451830	4	451829	1	5
451844	4	451843	2	6
451855	6	451854	3	9
451859	1	451858	4	5
451862	1	451860	1	2
451868	1	451867	2	3
451897	4	451896	4	8
451899	2	451898	4	6
451905	3	451904	1	4
451908	1	451907	4	5
451918	4	58262	5	9
451928	1	451927	1	2
451939	1	451938	1	2
451948	6	451947	1	7
451952	2	451951	2	4
451954	2	451953	1	3
451968	4	451967	1	5
451976	2	451975	2	4
451986	2	451985	1	3
452011	1	452010	1	2
452013	7	452012	8	15
452035	2	452034	1	3
452050	2	452049	2	4
452069	9	452068	4	13
452083	2	58340	1	3
452085	1	452084	3	4
452120	2	452119	2	4
452131	1	452130	4	5
452136	1	452135	1	2
452142	1	452141	2	3
452153	2	452152	1	3
452174	1	452173	1	2
452215	2	452214	1	3
452228	4	452227	6	10
452244	2	452243	1	3
452251	3	452250	8	11
452260	17	452259	4	21
452307	1	452306	1	2
452310	11	452309	3	14
452327	1	452326	1	2
452336	8	452335	2	10
452351	5	452350	4	9
452362	3	452361	4	7
452365	1	452364	1	2
452374	1	452373	15	16
452398	3	452397	1	4
452401	1	452400	6	7
452403	7	452402	2	9
452407	1	452406	1	2
452414	1	452413	9	10
452416	22	452415	1	23
452435	2	452434	1	3
452453	7	452452	7	14
452456	1	452455	1	2
452494	1	452493	3	4
452520	4	452519	3	7
452523	3	452522	9	12
452534	3	452533	3	6
452551	3	452550	1	4
452556	2	58617	3	5
452559	5	452558	2	7
452561	1	452560	2	3
452563	2	452562	1	3
452581	1	452580	7	8
452587	3	452586	1	4
452594	4	452593	3	7
452597	4	58646	3	7
452600	3	452599	4	7
452605	1	58649	4	5
452608	3	452607	91	94
452616	5	452615	1	6
452621	1	452620	2	3
452623	5	452622	8	13
452641	7	452640	4	11
452650	2	452649	5	7
452660	3	452659	6	9
452662	3	452661	3	6
452665	8	452664	6	14
452680	4	452679	4	8
452683	2	452682	5	7
452701	3	452700	2	5
452704	5	58713	1	6
452715	3	452714	7	10
452719	1	452718	6	7
452729	3	452728	3	6
452742	3	844027	5	8
452754	2	452753	5	7
452760	1	452759	3	4
452769	1	452768	2	3
452775	6	452774	3	9
452779	1	452778	1	2
452784	2	58758	5	7
452787	1	452786	4	5
452794	5	452793	4	9
452798	4	58763	9	13
452804	4	452803	11	15
452810	3	452809	1	4
452812	1	452811	2	3
452815	10	452814	4	14
452816	1	58768	2	3
452832	9	58784	2	11
452833	4	58789	2	6
452842	4	452841	2	6
452844	18	844076	3	21
452846	1	452845	1	2
452854	1	58809	1	2
452873	92	58821	8	100
452878	4	452877	1	5
452889	3	452888	1	4
452891	3	58832	5	8
452907	2	58842	6	8
452913	1	452912	1	2
452925	7	452924	4	11
452929	5	452928	10	15
452931	1	452930	1	2
452935	3	452934	2	5
452944	4	452943	4	8
452950	2	452949	1	3
452953	7	452952	1	8
452964	1	452963	3	4
452965	3	58880	3	6
452966	7	844123	8	15
452969	2	452968	1	3
452971	3	58882	2	5
452974	5	452973	5	10
452977	10	452976	1	11
452986	5	452985	5	10
452993	3	452992	5	8
452997	3	452996	2	5
452998	2	58899	4	6
453007	2	453006	5	7
453012	7	453011	3	10
453014	4	453013	1	5
453032	4	453031	4	8
453055	7	453054	12	19
453062	8	453061	5	13
453074	2	453073	3	5
453076	6	453075	2	8
453083	5	453082	3	8
453092	14	453091	10	24
453095	4	453094	1	5
453101	3	453100	5	8
453103	9	453102	7	16
453106	7	453105	4	11
453114	8	58940	5	13
453128	3	453127	8	11
453132	4	453131	3	7
453134	10	58949	6	16
453138	6	453137	4	10
453141	3	453140	1	4
453144	1	453143	2	3
453152	27	453151	1	28
453154	2	453153	2	4
453157	14	453156	3	17
453162	5	453161	1	6
453165	3	453164	6	9
453170	6	453169	8	14
453171	5	58960	5	10
453173	4	453172	2	6
453179	2	453178	2	4
453181	1	453180	4	5
453183	4	453182	5	9
453193	4	453192	5	9
453196	1	58966	2	3
453211	13	453210	12	25
453228	5	58978	3	8
453237	3	303448	3	6
453243	2	453242	3	5
453247	4	453246	2	6
453252	6	453251	7	13
453255	5	453254	2	7
453261	1	453260	3	4
453268	4	59021	2	6
453272	6	453271	2	8
453274	2	453273	5	7
453280	4	59031	3	7
453289	3	453288	1	4
453291	6	453290	1	7
453295	2	453294	2	4
453298	1	453297	2	3
453302	9	453301	3	12
453318	5	453317	2	7
453330	6	453329	3	9
453343	4	453342	4	8
453346	1	453345	6	7
453353	7	453352	6	13
453362	7	453361	1	8
453364	1	59073	5	6
453366	4	844254	9	13
453368	2	453367	9	11
453372	6	844256	10	16
453380	4	453379	7	11
453386	7	453385	9	16
453387	10	59084	9	19
453392	5	453391	4	9
453394	17	453393	2	19
453396	1	453395	3	4
453398	1	453397	2	3
453400	1	453399	1	2
453404	5	453403	9	14
453409	11	453408	6	17
453413	2	453412	4	6
453415	4	453414	9	13
453417	6	453416	1	7
453425	1	453424	3	4
453432	4	453431	4	8
453449	59	453448	1	60
453452	1	453451	2	3
453458	5	453457	4	9
453464	3	453463	1	4
453475	3	453474	1	4
453478	1	453477	5	6
453484	2	453482	1	3
453498	3	453497	3	6
453503	2	453502	4	6
453516	22	59134	1	23
453523	1	453522	2	3
453529	1	453528	4	5
453531	2	453530	5	7
453533	3	59144	1	4
453536	4	453535	2	6
453540	2	453539	7	9
453542	3	453541	1	4
453544	6	453543	3	9
453553	2	453552	3	5
453555	1	453554	3	4
453560	5	453559	2	7
453563	1	453562	2	3
453566	2	453565	3	5
453568	4	453567	1	5
453579	5	453578	3	8
453584	3	453583	4	7
453589	2	453588	3	5
453590	2	59158	4	6
453593	7	453592	3	10
453598	2	453597	8	10
453605	4	453604	4	8
453613	3	59168	3	6
453617	1	453616	2	3
453622	2	453621	7	9
453624	6	453623	6	12
453626	5	453625	1	6
453635	3	453634	1	4
453646	9	453645	4	13
453648	10	453647	9	19
453663	9	453662	14	23
453666	11	453665	14	25
453670	16	453669	14	30
453678	5	453677	7	12
453681	4	453680	5	9
453683	2	453682	6	8
453690	2	453689	1	3
453704	1	453703	2	3
453709	3	453708	3	6
453724	2	453723	1	3
453727	3	453726	3	6
453730	1	453729	5	6
453735	7	453734	8	15
453737	3	453736	11	14
453739	1	453738	2	3
453741	3	453740	2	5
453757	27	453756	5	32
453759	14	59218	2	16
453762	2	453761	6	8
453764	2	453763	10	12
453769	2	453768	3	5
453778	2	453777	3	5
453788	3	453787	3	6
453799	9	453798	6	15
453813	7	453812	4	11
453815	4	453814	1	5
453818	4	453817	8	12
453832	1	303514	5	6
453835	2	59250	2	4
453837	1	453836	12	13
453839	4	453838	5	9
453851	137	453850	17	154
453853	3	453852	6	9
453857	6	453856	4	10
453868	2	59258	1	3
453871	5	453870	2	7
453874	3	453873	1	4
453876	3	59267	2	5
453881	8	453880	2	10
453882	4	59276	4	8
453885	18	453884	1	19
453888	8	453887	4	12
453895	5	844426	2	7
453902	1	453901	5	6
453903	3	59283	1	4
453909	4	59298	4	8
453928	12	453927	7	19
453932	4	453931	2	6
453933	6	59311	6	12
453935	3	453934	7	10
453944	3	453943	4	7
453952	4	453951	2	6
453959	2	453958	1	3
453962	4	453961	6	10
453965	5	453964	4	9
453970	1	453969	2	3
453978	6	59342	4	10
453987	2	59358	1	3
453989	3	59361	3	6
453990	1	59363	2	3
453992	4	453991	3	7
453996	3	453995	1	4
453998	2	453997	2	4
454007	2	454006	2	4
454010	5	454009	4	9
454012	9	59381	3	12
454014	2	303549	1	3
454026	6	454025	6	12
454028	3	454027	6	9
454035	1	454034	2	3
454037	1	454036	2	3
454043	4	454042	3	7
454048	5	454047	4	9
454056	12	454055	1	13
454060	3	454059	3	6
454062	3	454061	5	8
454071	10	454070	1	11
454073	1	454072	1	2
454082	5	454081	2	7
454089	3	454088	5	8
454093	5	59440	7	12
454095	5	454094	9	14
454099	10	59442	2	12
454108	1	454107	2	3
454111	6	454110	1	7
454129	1	454128	4	5
454139	2	454138	2	4
454143	2	59464	1	3
454145	3	59478	4	7
454149	7	454148	2	9
454153	4	454152	2	6
454156	3	454155	7	10
454161	9	454160	1	10
454163	1	454162	6	7
454166	4	59486	1	5
454185	4	59499	6	10
454201	2	454200	10	12
454203	4	454202	7	11
454206	2	59532	3	5
454208	5	454207	4	9
454213	4	844545	2	6
454215	5	454214	2	7
454216	1	59544	7	8
454222	6	454221	4	10
454225	4	454224	2	6
454235	13	454234	2	15
454237	1	59556	1	2
454239	4	454238	3	7
454254	5	454253	1	6
454265	4	454264	3	7
454267	3	454266	4	7
454276	4	454275	5	9
454304	6	454303	4	10
454316	6	454315	2	8
454318	3	454317	3	6
454321	4	454320	6	10
454337	3	454336	1	4
454341	2	59625	1	3
454367	3	59661	3	6
454373	1	454372	4	5
454382	20	454381	8	28
454391	6	454390	4	10
454394	4	454393	1	5
454408	3	454407	7	10
454411	2	454410	7	9
454417	1	454416	3	4
454429	2	454428	6	8
454436	4	454435	3	7
454444	3	454443	4	7
454456	6	454455	7	13
454460	6	844669	7	13
454498	8	454497	1	9
454508	3	454507	3	6
454511	2	59748	13	15
454518	3	454517	6	9
454523	7	454522	5	12
454526	3	454525	3	6
454533	1	454532	2	3
454536	5	454535	3	8
454539	2	59773	6	8
454542	15	454541	3	18
454553	6	454552	7	13
454563	1	454562	4	5
454569	4	454568	4	8
454571	6	454570	7	13
454575	5	59798	1	6
454588	2	454587	2	4
454615	19	454614	15	34
454629	9	454628	9	18
454637	1	454636	1	2
454643	2	59816	6	8
454645	1	454644	7	8
454651	4	454650	2	6
454655	4	59824	1	5
454688	5	844752	2	7
454690	5	454689	2	7
454693	1	454692	3	4
454697	4	454696	4	8
454699	1	454698	1	2
454707	2	59888	1	3
454710	3	454709	4	7
454714	3	59891	2	5
454722	4	844762	3	7
454725	14	454724	3	17
454728	3	454727	10	13
454733	2	454732	2	4
454753	3	454752	2	5
454758	2	59931	1	3
454779	1	454778	5	6
454781	7	454780	8	15
454783	2	454782	9	11
454786	3	454785	1	4
454789	1	454788	1	2
454791	2	454790	1	3
454793	1	454792	11	12
454796	4	454795	2	6
454802	4	59976	8	12
454821	7	454820	2	9
454836	9	454835	2	11
454844	1	454843	2	3
454851	2	454850	1	3
454864	4	60069	1	5
454869	18	60074	3	21
454875	3	454874	2	5
454876	7	844828	6	13
454882	4	454881	5	9
454885	4	454884	3	7
454893	5	454892	5	10
454900	4	454899	3	7
454907	5	454906	1	6
454914	4	454913	7	11
454916	2	454915	9	11
454932	5	454931	6	11
454935	7	60133	1	8
454942	11	454941	5	16
454945	2	454944	9	11
454947	2	454946	6	8
454949	8	454948	5	13
454969	2	303735	8	10
454972	5	454971	2	7
454976	11	454975	3	14
454978	3	454977	5	8
454980	4	454979	1	5
454983	7	454982	8	15
454993	10	454992	8	18
455006	71	60193	5	76
455010	7	455009	17	24
455020	1	455019	12	13
455040	5	455039	2	7
455052	1	455051	6	7
455055	5	455054	5	10
455065	7	60248	3	10
455067	6	455066	5	11
455069	2	455068	2	4
455074	5	455073	26	31
455076	4	60256	7	11
455085	2	455084	7	9
455101	3	60299	2	5
455110	3	455109	4	7
455115	8	455114	8	16
455120	1	60327	1	2
455128	32	455127	9	41
455133	5	455132	5	10
455140	1	455139	7	8
455147	9	455146	7	16
455150	5	455149	6	11
455174	5	455173	3	8
455195	3	455194	8	11
455198	8	455197	8	16
455205	3	455204	3	6
455207	5	455206	7	12
455211	7	455210	1	8
455215	9	455214	7	16
455219	4	455218	3	7
455221	3	455220	4	7
455225	6	455224	5	11
455237	3	455236	17	20
455240	6	455239	11	17
455242	2	455241	4	6
455248	6	455247	7	13
455250	3	455249	3	6
455252	2	60420	4	6
455262	10	455261	1	11
455264	10	455263	1	11
455270	7	60440	2	9
455272	2	455271	4	6
455279	3	60451	6	9
455289	5	60463	5	10
455302	2	455301	8	10
455311	3	455310	4	7
455314	3	455313	8	11
455330	5	455329	9	14
455333	2	455332	23	25
455335	8	60498	9	17
455341	6	455338	15	21
455354	14	455353	12	26
455370	7	845022	3	10
455379	2	455378	2	4
455388	2	455387	7	9
455394	19	845029	10	29
455398	3	455397	7	10
455404	2	455403	1	3
455413	3	455409	1	4
455419	11	60545	2	13
455422	1	455421	1	2
455424	2	60553	2	4
455426	6	455425	8	14
455433	3	455432	1	4
455435	1	303815	2	3
455450	2	60578	3	5
455453	4	455452	6	10
455455	21	455454	4	25
455463	2	455462	8	10
455471	1	455470	4	5
455473	4	455472	10	14
455491	2	455490	5	7
455501	3	60638	1	4
455506	4	60648	3	7
455508	11	60651	2	13
455510	2	455509	5	7
455512	3	455511	6	9
455513	4	60652	2	6
455515	1	455514	2	3
455518	1	455517	3	4
455520	1	455519	3	4
455521	1	60655	1	2
455523	3	455522	1	4
455525	2	60661	1	3
455530	13	455529	2	15
455535	1	455534	1	2
455540	2	60665	4	6
455543	3	455542	7	10
455547	4	455546	3	7
455549	5	455548	2	7
455556	2	60673	2	4
455567	4	455566	7	11
455569	4	455568	4	8
455575	9	455574	8	17
455577	3	455576	1	4
455582	8	455581	2	10
455587	3	60696	1	4
455590	7	455589	11	18
455648	7	455647	7	14
455652	6	455651	1	7
455654	2	455653	2	4
455656	2	455655	5	7
455663	1	455662	1	2
455667	1	455666	3	4
455677	4	455676	2	6
455681	8	455680	1	9
455683	7	455682	2	9
455687	1	455686	2	3
455692	8	455691	4	12
455696	3	455695	1	4
455707	1	455706	23	24
455713	1	455712	1	2
455750	2	303871	7	9
455790	4	455789	3	7
455814	3	455813	10	13
455825	7	455824	3	10
455848	3	455847	2	5
455854	2	455853	1	3
455858	1	455857	4	5
455861	8	455860	4	12
455869	1	455868	1	2
455878	3	455877	4	7
455888	11	455887	10	21
455891	6	455890	9	15
455895	2	303898	1	3
455904	3	60834	5	8
455906	3	455905	6	9
455909	4	455908	4	8
455910	5	845230	2	7
455914	9	60839	2	11
455918	1	455917	4	5
455922	1	455921	3	4
455925	6	455924	6	12
455931	5	455930	6	11
455933	2	455932	1	3
455942	17	60852	5	22
455947	4	60855	3	7
455954	5	455953	5	10
455956	8	455955	21	29
455960	2	455959	1	3
455962	1	455961	6	7
455968	4	455967	4	8
455971	3	455970	10	13
455973	2	455972	4	6
455983	2	60872	1	3
455988	7	455987	2	9
455993	12	60886	4	16
456001	9	456000	7	16
456016	3	456015	2	5
456023	6	456022	16	22
456051	17	456050	12	29
456058	3	456057	3	6
456062	7	456061	7	14
456064	11	845291	8	19
456067	3	456066	1	4
456083	5	456082	3	8
456085	1	456084	4	5
456091	8	456090	11	19
456092	8	60938	10	18
456096	7	456095	3	10
456106	4	456105	9	13
456109	6	456108	4	10
456111	6	456110	4	10
456114	5	456113	5	10
456124	3	60945	2	5
456127	3	456126	3	6
456131	9	456130	8	17
456139	3	456138	4	7
456144	5	456143	5	10
456147	5	60951	3	8
456151	11	60957	5	16
456156	7	456155	5	12
456163	4	456162	9	13
456168	11	456167	12	23
456170	8	456169	9	17
456172	4	456171	6	10
456181	6	456180	13	19
456196	5	60975	2	7
456199	7	456198	5	12
456204	7	456203	4	11
456210	7	456209	4	11
456212	1	60992	8	9
456218	1	456217	1	2
456226	3	456225	3	6
456231	2	456230	4	6
456238	4	456237	7	11
456241	6	456240	3	9
456243	1	456242	9	10
456249	2	456248	3	5
456250	5	61012	2	7
456255	6	61014	2	8
456257	1	456256	3	4
456262	4	456261	6	10
456277	2	456276	4	6
456281	4	456280	1	5
456290	2	456289	1	3
456292	4	456291	6	10
456295	7	456294	6	13
456308	4	456307	8	12
456322	5	456321	5	10
456335	1	456334	1	2
456351	5	61059	5	10
456357	3	845396	1	4
456371	5	456370	2	7
456418	9	456417	2	11
456419	9	61099	3	12
456427	3	456426	5	8
456430	16	456429	8	24
456432	2	456431	4	6
456451	2	61123	2	4
456466	7	61143	1	8
456484	5	61152	3	8
456486	2	456485	4	6
456489	2	456488	1	3
456492	3	456491	1	4
456500	3	303984	4	7
456504	11	456503	4	15
456506	4	61157	2	6
456508	2	61162	3	5
456516	3	61163	4	7
456523	1	456522	5	6
456525	1	456524	3	4
456538	2	456537	7	9
456544	3	456543	3	6
456552	8	456551	38	46
456584	2	456583	1	3
456587	6	456586	7	13
456597	3	456596	11	14
456610	4	456609	4	8
456615	2	303997	2	4
456620	3	456619	5	8
456624	2	456623	3	5
456636	2	456635	2	4
456639	12	304005	13	25
456644	3	456643	9	12
456648	6	304007	12	18
456651	9	456650	26	35
456659	3	456658	4	7
456660	5	61266	2	7
456665	5	456664	3	8
456668	14	456667	2	16
456694	5	456693	4	9
456697	6	456696	8	14
456702	1	456701	2	3
456709	7	456708	4	11
456721	4	456720	4	8
456755	10	456754	5	15
456765	6	456764	8	14
456769	3	456768	2	5
456783	5	456782	4	9
456787	1	456786	5	6
456791	5	456790	3	8
456797	3	456796	3	6
456801	4	456800	4	8
456808	7	456807	3	10
456813	6	456812	14	20
456821	3	456820	4	7
456839	9	456838	19	28
456847	6	456846	4	10
456858	4	456857	4	8
456866	10	456865	8	18
456869	6	456868	1	7
456875	1	456874	7	8
456898	5	61380	4	9
456901	8	304047	10	18
456905	4	61386	16	20
456910	5	456909	6	11
456912	2	456911	7	9
456915	2	456914	5	7
456919	7	456918	2	9
456921	3	456920	13	16
456923	5	456922	5	10
456925	4	456924	2	6
456927	3	456926	2	5
456933	16	456932	3	19
456935	3	456934	4	7
456944	4	456943	2	6
456946	2	456945	4	6
456959	2	456958	10	12
456965	1	845629	3	4
456967	5	456966	3	8
456973	3	456972	3	6
456978	5	61427	6	11
456988	2	456987	1	3
456991	1	456990	8	9
456996	1	456995	1	2
456998	2	456997	1	3
457002	1	457001	2	3
457006	5	457005	2	7
457010	2	457009	4	6
457011	6	61436	2	8
457012	1	61437	4	5
457019	11	457018	12	23
457027	7	457026	12	19
457032	5	845651	2	7
457043	9	457042	5	14
457049	7	457048	4	11
457056	9	457055	6	15
457064	6	457063	2	8
457066	6	457065	10	16
457068	7	457067	4	11
457071	5	304075	6	11
457074	6	457073	2	8
457079	4	457078	9	13
457081	9	457080	1	10
457088	6	457087	4	10
457091	4	457090	1	5
457093	1	457092	1	2
457097	5	457096	4	9
457104	5	845683	2	7
457111	1	457110	1	2
457121	1	457120	1	2
457125	3	457124	1	4
457136	5	457135	7	12
457138	4	457137	5	9
457146	9	457145	1	10
457154	1	457153	6	7
457157	6	457156	3	9
457161	2	457160	2	4
457163	3	457162	2	5
457168	1	457167	2	3
457172	3	457171	3	6
457175	5	457174	2	7
457188	6	61568	1	7
457191	1	457190	6	7
457194	1	457193	3	4
457199	4	457198	2	6
457200	6	845722	1	7
457202	1	457201	2	3
457214	6	457213	3	9
457219	5	457218	2	7
457225	6	457224	3	9
457230	3	457229	3	6
457234	28	457233	7	35
457237	1	457236	2	3
457238	44	61601	2	46
457244	7	457243	3	10
457250	3	457249	20	23
457255	4	304100	1	5
457264	8	457263	3	11
457265	7	61606	9	16
457273	4	61623	2	6
457277	3	457276	1	4
457293	5	457292	1	6
457301	4	457300	2	6
457304	5	457303	7	12
457334	3	457333	3	6
457339	3	457338	2	5
457344	1	457343	2	3
457346	6	457345	7	13
457350	4	457349	5	9
457352	1	304107	4	5
457354	10	845776	4	14
457356	7	457355	4	11
457359	6	457358	2	8
457368	4	457367	1	5
457370	7	457369	6	13
457380	1	304109	7	8
457383	4	457382	9	13
457395	5	457394	4	9
457402	5	457401	5	10
457406	4	457405	3	7
457407	7	61703	10	17
457413	1	457412	11	12
457428	5	457427	5	10
457432	4	457431	5	9
457434	5	457433	4	9
457443	4	457442	8	12
457452	5	457451	2	7
457457	12	457456	16	28
457458	2	61718	1	3
457473	6	457472	7	13
457475	3	457474	1	4
457478	3	457477	6	9
457485	9	457484	23	32
457498	9	457497	13	22
457500	12	457499	5	17
457508	1	457507	34	35
457512	16	457511	19	35
457514	9	457513	5	14
457521	7	457520	3	10
457527	3	457526	8	11
457534	4	457533	5	9
457549	5	457548	1	6
457551	3	845848	3	6
457556	5	457555	3	8
457567	5	457566	6	11
457571	1	457570	3	4
457573	7	61763	4	11
457580	6	457579	9	15
457583	5	457582	4	9
457590	3	457588	2	5
457594	2	457593	1	3
457604	3	457603	7	10
457610	1	457609	1	2
457617	2	457616	1	3
457620	4	457619	2	6
457628	1	457627	1	2
457646	5	457645	11	16
457650	3	457649	5	8
457652	2	457651	8	10
457654	2	457653	3	5
457657	4	457656	3	7
457661	10	457660	7	17
457669	3	457668	3	6
457679	4	457678	2	6
457682	1	457681	4	5
457683	9	61784	1	10
457686	6	61785	1	7
457697	4	457696	4	8
457700	17	457699	6	23
457702	6	457701	4	10
457704	1	457703	3	4
457709	4	457708	3	7
457715	1	457714	4	5
457720	1	457719	3	4
457731	2	457730	2	4
457739	5	457738	5	10
457745	5	845904	1	6
457756	5	457755	3	8
457757	1	1013957	1	2
457762	4	457761	2	6
457764	2	457763	3	5
457773	1	457772	5	6
457777	4	457776	9	13
457779	8	457778	7	15
457782	13	457781	2	15
457784	7	457783	3	10
457789	2	457788	5	7
457791	3	457790	4	7
457794	5	457793	8	13
457796	9	457795	4	13
457800	8	457799	5	13
457803	8	457802	24	32
457808	9	457807	2	11
457831	3	457830	3	6
457835	1	457834	1	2
457838	5	457837	4	9
457842	2	457841	3	5
457843	3	61890	4	7
457850	1	457849	1	2
457858	12	457857	7	19
457882	5	457881	6	11
457890	5	457889	3	8
457895	12	457894	9	21
457902	9	457901	17	26
457905	7	845965	4	11
457915	4	457914	9	13
457918	4	457917	4	8
457922	9	457921	17	26
457930	5	457929	12	17
457933	7	457932	2	9
457935	3	457934	10	13
457937	10	457936	4	14
457944	3	457943	4	7
457948	5	457947	2	7
457959	12	457958	30	42
457961	4	457960	11	15
457964	5	457963	7	12
457967	4	457966	9	13
457969	4	457968	3	7
457971	7	457970	3	10
457974	4	457973	1	5
457981	12	457980	9	21
457983	4	845992	4	8
457990	14	457989	1	15
457998	14	457997	11	25
458001	14	458000	2	16
458016	5	458015	3	8
458019	3	846004	6	9
458032	3	458031	3	6
458038	4	458037	8	12
458040	4	458039	3	7
458051	7	458050	4	11
458061	5	304204	5	10
458064	3	62006	2	5
458074	6	458073	2	8
458080	3	458079	3	6
458087	4	458086	6	10
458093	4	458092	5	9
458095	2	458094	2	4
458096	8	846041	12	20
458110	6	62026	5	11
458111	4	846047	2	6
458113	16	458112	4	20
458117	8	458116	14	22
458124	11	62032	4	15
458126	1	458125	3	4
458130	4	458129	1	5
458133	6	458132	4	10
458138	5	458137	2	7
458141	1	458140	2	3
458151	5	458150	8	13
458154	11	458153	2	13
458168	6	458167	1	7
458173	1	458172	2	3
458178	20	458177	17	37
458180	8	458179	10	18
458189	5	458188	2	7
458197	3	458196	2	5
458202	1	458201	4	5
458204	7	458203	1	8
458206	8	458205	2	10
458208	4	458207	6	10
458224	20	458223	5	25
458226	3	458225	1	4
458229	6	458228	7	13
458243	3	458242	8	11
458246	2	458245	8	10
458250	3	458249	1	4
458264	1	458263	5	6
458269	22	458268	3	25
458291	4	458290	1	5
458297	3	458296	3	6
458300	8	458299	8	16
458317	2	458316	2	4
458319	8	458318	5	13
458327	2	458326	4	6
458332	4	458331	8	12
458334	23	458333	1	24
458337	5	458336	2	7
458352	1	458351	2	3
458354	8	458353	2	10
458362	2	458361	9	11
458363	1	304247	2	3
458377	8	458376	5	13
458389	3	458388	2	5
458394	4	458393	6	10
458400	1	458399	2	3
458409	4	458408	3	7
458416	4	458415	1	5
458418	4	458417	1	5
458420	7	458419	4	11
458436	1	458435	1	2
458443	2	458442	2	4
458446	6	458445	8	14
458462	1	458461	5	6
458466	2	458465	2	4
458472	2	458471	2	4
458473	2	458469	11	13
458479	3	458478	2	5
458481	2	846185	4	6
458486	7	458485	3	10
458488	2	458487	3	5
458494	2	458493	5	7
458503	5	62257	2	7
458506	13	458505	3	16
458508	1	62258	1	2
458511	5	458510	5	10
458521	6	846205	2	8
458523	11	458522	10	21
458541	1	62290	1	2
458543	2	846220	3	5
458553	8	458552	7	15
458558	3	458557	7	10
458567	6	458566	4	10
458570	9	62301	6	15
458581	6	458580	2	8
458586	20	458585	4	24
458595	3	458594	3	6
458605	2	458604	3	5
458633	1	458632	3	4
458640	2	458639	2	4
458648	4	458647	4	8
458662	2	846263	2	4
458696	5	458695	4	9
458714	13	62392	6	19
458718	6	458717	5	11
458724	2	458723	6	8
458732	8	458731	5	13
458734	9	458733	5	14
458740	9	458739	4	13
458743	10	458742	1	11
458745	8	458744	13	21
458747	3	458746	3	6
458750	3	846294	3	6
458763	7	62432	3	10
458772	1	458771	1	2
458783	4	458782	6	10
458789	7	458788	9	16
458791	3	458790	13	16
458793	12	458792	1	13
458799	6	458798	5	11
458805	5	458804	1	6
458811	4	458810	3	7
458821	1	458820	4	5
458824	1	458823	9	10
458827	1	846326	30	31
458848	8	458847	4	12
458852	2	458851	2	4
458870	26	458869	5	31
458876	6	458875	1	7
458879	1	62512	5	6
458881	2	62515	2	4
458897	4	458896	2	6
458917	7	62570	3	10
458923	2	458922	2	4
458926	3	458925	2	5
458931	4	458930	4	8
458939	5	458938	8	13
458942	8	458941	8	16
458944	11	458943	10	21
458948	8	62602	7	15
458954	7	458953	1	8
458959	9	458958	8	17
458979	9	458978	7	16
458981	2	62633	2	4
458991	3	458990	3	6
458995	4	458994	5	9
459003	6	459002	9	15
459006	7	459005	17	24
459013	1	459012	3	4
459018	3	459017	3	6
459022	5	459021	8	13
459024	8	459023	4	12
459031	4	459030	2	6
459036	9	459035	10	19
459046	3	459045	1	4
459048	3	459047	5	8
459050	4	459049	3	7
459055	7	459054	5	12
459066	7	459065	9	16
459075	6	459074	1	7
459079	16	459078	10	26
459090	6	459089	10	16
459110	3	304388	7	10
459113	9	459112	1	10
459130	5	62773	8	13
459141	5	459140	7	12
459143	1	62800	3	4
459146	1	62807	2	3
459153	3	459152	4	7
459155	10	459154	7	17
459181	6	459180	2	8
459183	2	459182	4	6
459186	7	459185	3	10
459193	1	459192	1	2
459209	2	459208	1	3
459220	3	459219	2	5
459258	4	459257	3	7
459267	12	459266	6	18
459273	1	459272	4	5
459293	6	459292	12	18
459299	2	304444	1	3
459302	2	459301	14	16
459322	2	459321	6	8
459332	2	63028	2	4
459334	2	459333	2	4
459373	1	459372	5	6
459377	3	459376	7	10
459382	2	459381	3	5
459399	1	63102	1	2
459402	4	459401	5	9
459404	6	304472	4	10
459417	4	459416	11	15
459424	5	63122	1	6
459427	3	459426	9	12
459435	1	459434	4	5
459437	8	459436	11	19
459445	5	459444	3	8
459447	45	459446	3	48
459470	1	63170	2	3
459479	1	459478	2	3
459481	4	459480	5	9
459485	1	63190	2	3
459488	7	459487	2	9
459493	19	459492	30	49
459504	11	459503	1	12
459508	2	459507	4	6
459510	1	459509	4	5
459519	2	459518	5	7
459521	4	459520	1	5
459525	1	63221	1	2
459537	3	459536	2	5
459538	6	63231	2	8
459548	3	459547	6	9
459563	3	459562	2	5
459570	1	459569	2	3
459573	1	459572	1	2
459578	12	63288	14	26
459584	8	459583	6	14
459589	5	459588	5	10
459590	3	63300	3	6
459605	4	63309	2	6
459631	5	459630	4	9
459633	12	63359	11	23
459635	5	459634	13	18
459638	12	459637	12	24
459648	13	459647	8	21
459653	13	459652	7	20
459656	3	459655	5	8
459659	10	459658	10	20
459662	11	459661	11	22
459667	6	459666	5	11
459681	7	459680	5	12
459683	6	63399	8	14
459685	26	63402	10	36
459700	3	846682	13	16
459708	7	459707	10	17
459711	4	459710	4	8
459737	6	459736	14	20
459753	9	459752	11	20
459761	13	63476	3	16
459762	2	63479	1	3
459765	6	459764	6	12
459770	3	63491	1	4
459776	1	459775	1	2
459780	1	459779	4	5
459786	1	459785	1	2
459815	95	846727	14	109
459831	15	63556	1	16
459856	7	459855	12	19
459860	1	459859	19	20
459864	1	459863	1	2
459877	3	63593	1	4
459897	2	459896	1	3
459918	31	459917	1	32
459921	2	459920	2	4
459927	21	459926	2	23
459933	1	459932	1	2
459947	3	846759	1	4
459950	4	459949	11	15
459957	1	459956	1	2
459985	1	459984	1	2
459991	3	459990	1	4
460004	2	460003	3	5
460029	3	460028	5	8
460031	3	460030	2	5
460034	6	460033	4	10
460037	1	63717	1	2
460039	1	460038	6	7
460044	1	460043	3	4
460053	2	460052	2	4
460054	3	63737	1	4
460056	4	460055	5	9
460059	1	460058	2	3
460065	2	460064	2	4
460080	5	460079	6	11
460086	6	460085	3	9
460103	1	460102	8	9
460108	10	460107	1	11
460113	3	460112	6	9
460115	1	460114	1	2
460122	1	460121	2	3
460140	4	460139	2	6
460147	6	460146	4	10
460149	4	460148	1	5
460150	2	63865	5	7
460154	6	460153	1	7
460171	2	460170	3	5
460173	3	460172	3	6
460215	2	460214	4	6
460218	4	63939	3	7
460235	2	460234	3	5
460237	2	63952	1	3
460247	1	63959	1	2
460252	1	460251	1	2
460254	9	846894	3	12
460256	7	460255	4	11
460258	5	460257	10	15
460259	3	63969	3	6
460262	4	460261	1	5
460267	2	460266	4	6
460273	3	63986	3	6
460275	3	63990	1	4
460288	3	64003	2	5
460305	1	460304	1	2
460324	2	460323	3	5
460326	1	460325	1	2
460333	3	460332	4	7
460337	1	460336	1	2
460344	1	460343	2	3
460349	10	460348	4	14
460374	15	460373	8	23
460387	12	846959	11	23
460395	1	460394	1	2
460397	1	846963	3	4
460399	1	460398	4	5
460401	15	64153	10	25
460404	14	460403	20	34
460420	1	460419	1	2
460424	3	460423	1	4
460432	1	460431	2	3
460434	4	460433	3	7
460440	2	460439	1	3
460441	1	846975	1	2
460463	5	460462	8	13
460466	5	460465	7	12
460477	7	460476	27	34
460482	4	460481	2	6
460490	3	460489	1	4
460495	3	460494	1	4
460499	2	460498	1	3
460518	1	460517	2	3
460539	2	460538	4	6
460551	3	460550	3	6
460553	1	460552	4	5
460555	1	460554	3	4
460565	4	460564	2	6
460582	1	460581	1	2
460592	1	460591	1	2
460602	2	460601	1	3
460604	2	460603	1	3
460618	4	460617	1	5
460640	3	460639	2	5
460652	1	64364	2	3
460669	1	460668	2	3
460703	2	460702	2	4
460714	2	460713	1	3
460723	4	460722	3	7
460728	1	460727	1	2
460744	8	460743	7	15
460751	5	847070	2	7
460759	1	460758	1	2
460807	4	460806	4	8
460817	1	460816	1	2
460834	5	460833	6	11
460840	4	460839	3	7
460845	4	460844	1	5
460859	4	460858	5	9
460869	4	460868	5	9
460900	3	460899	4	7
460902	5	460901	2	7
460918	1	460917	1	2
460920	1	460919	3	4
460926	1	460925	1	2
460932	1	460931	1	2
460939	2	460938	2	4
460944	2	460943	8	10
460946	8	460945	3	11
460958	1	460957	1	2
460964	2	460963	3	5
460980	1	460979	2	3
460983	3	460982	2	5
460986	2	64715	2	4
460992	6	460991	5	11
461002	6	461001	5	11
461017	5	461016	6	11
461022	13	847183	7	20
461025	5	461024	2	7
461027	2	304866	3	5
461030	5	461029	2	7
461032	2	461031	8	10
461036	5	461035	1	6
461037	1	64760	1	2
461040	3	64761	1	4
461042	3	461041	4	7
461052	8	461051	4	12
461057	6	64775	3	9
461060	5	461059	9	14
461066	4	461065	39	43
461068	3	64779	4	7
461088	1	461087	1	2
461092	3	461091	1	4
461094	1	64794	5	6
461098	1	461097	13	14
461123	2	461122	4	6
461128	12	64845	8	20
461131	7	461130	13	20
461149	11	461148	12	23
461152	12	461151	8	20
461160	1	461159	2	3
461166	7	461165	4	11
461171	9	461170	17	26
461185	6	461184	11	17
461203	6	461202	13	19
461205	13	461204	7	20
461210	13	461209	12	25
461217	7	461216	8	15
461219	13	461218	7	20
461224	9	461223	6	15
461227	4	461226	3	7
461229	11	461228	12	23
461236	4	461235	8	12
461238	9	461237	8	17
461240	12	461239	8	20
461256	7	64937	2	9
461271	7	64951	12	19
461280	21	461279	1	22
461288	7	461287	8	15
461290	1	461289	10	11
461291	6	64961	4	10
461298	8	461297	8	16
461305	15	461304	11	26
461314	1	461313	3	4
461321	5	64982	3	8
461323	5	64986	7	12
461326	3	461325	3	6
461328	4	461327	3	7
461336	9	461335	4	13
461346	2	65011	1	3
461357	7	461356	6	13
461365	17	65031	4	21
461367	6	461366	6	12
461372	4	461371	3	7
461381	3	461380	1	4
461384	2	461383	2	4
461389	2	461388	4	6
461398	4	461397	4	8
461402	1	461401	3	4
461404	5	461403	2	7
461409	30	461408	10	40
461412	6	461411	3	9
461424	3	847303	4	7
461428	3	461427	7	10
461434	2	461433	4	6
461439	4	461438	2	6
461444	3	461443	4	7
461462	1	461461	6	7
461481	2	461480	1	3
461513	1	461512	14	15
461515	6	461514	10	16
461543	5	461542	4	9
461546	5	461545	6	11
461556	19	461555	13	32
461559	12	461558	12	24
461562	7	304968	8	15
461567	8	461566	2	10
461589	3	461588	3	6
461595	3	461594	1	4
461604	5	461603	5	10
461609	8	461608	3	11
461616	10	461615	3	13
461618	4	461617	7	11
461639	5	461638	4	9
461643	2	461642	2	4
461646	2	461645	3	5
461663	3	461662	2	5
461677	1	461676	22	23
461686	1	461685	3	4
461704	6	461703	12	18
461721	1	461720	4	5
461727	4	461726	2	6
461730	1	461729	2	3
461738	10	461737	3	13
461762	4	461761	5	9
461770	2	461769	1	3
461774	1	461773	4	5
461776	2	461775	2	4
461783	3	461782	3	6
461791	2	461790	2	4
461796	3	461795	3	6
461809	2	461808	1	3
461815	6	65406	4	10
461821	3	65412	5	8
461824	1	461823	5	6
461835	5	461834	4	9
461839	4	461838	5	9
461841	5	461840	2	7
461849	5	461848	5	10
461866	1	461865	6	7
461868	5	461867	19	24
461870	2	461869	6	8
461873	1	461872	1	2
461875	4	461874	2	6
461880	4	461879	2	6
461889	1	461888	3	4
461890	1	305032	3	4
461892	1	461891	1	2
461903	4	461902	1	5
461922	1	461921	1	2
461927	2	305038	1	3
461935	2	461934	1	3
461937	1	461936	2	3
461942	2	461941	3	5
461946	2	461945	2	4
461953	4	461952	5	9
461956	2	461955	1	3
461966	5	461965	7	12
461982	5	461981	6	11
461990	5	461989	2	7
461994	2	461993	2	4
461998	6	461997	2	8
462001	7	462000	2	9
462007	2	462006	1	3
462010	1	462009	1	2
462018	4	462017	1	5
462022	2	462021	1	3
462033	2	462032	2	4
462048	2	462047	1	3
462054	1	462053	5	6
462057	1	462056	1	2
462061	4	462060	2	6
462079	3	462078	1	4
462089	2	462088	8	10
462091	3	462090	1	4
462093	2	462092	2	4
462095	3	462094	2	5
462102	2	462101	12	14
462107	3	462106	5	8
462115	16	847585	1	17
462130	3	462129	1	4
462136	8	65791	4	12
462156	5	462155	1	6
462179	2	65844	2	4
462192	4	462191	2	6
462199	6	462198	1	7
462206	4	462205	2	6
462212	2	462211	8	10
462215	6	462214	2	8
462218	3	462217	5	8
462229	2	462228	2	4
462237	1	462236	2	3
462249	1	462248	1	2
462259	1	847660	8	9
462261	3	462260	4	7
462263	3	462262	4	7
462265	8	65928	1	9
462277	2	462276	1	3
462282	7	462281	1	8
462288	6	462287	3	9
462292	8	462291	5	13
462299	5	65967	4	9
462300	1	65971	2	3
462304	2	462303	1	3
462308	25	65976	3	28
462311	2	462310	4	6
462319	2	462318	4	6
462332	1	462331	9	10
462335	9	462334	3	12
462337	5	462336	3	8
462341	1	462340	5	6
462343	4	462342	8	12
462346	14	462345	4	18
462348	4	847692	1	5
462350	2	462349	5	7
462357	1	462356	2	3
462359	4	462358	6	10
462362	14	462361	7	21
462365	10	462364	4	14
462369	1	462368	13	14
462375	2	462374	1	3
462378	2	462377	1	3
462383	2	462382	6	8
462392	3	462391	7	10
462399	2	462398	2	4
462403	1	462402	2	3
462408	3	462407	4	7
462415	8	66056	2	10
462422	4	847719	2	6
462424	6	66072	8	14
462447	1	66098	8	9
462470	1	462469	1	2
462475	1	305203	5	6
462482	9	462481	8	17
462488	8	462487	3	11
462504	1	462503	3	4
462512	6	66175	2	8
462531	2	462530	6	8
462542	4	66210	2	6
462546	6	462545	7	13
462556	5	462555	10	15
462567	3	462566	5	8
462569	2	66245	2	4
462571	1	462570	3	4
462593	1	462592	1	2
462596	3	462595	3	6
462605	4	462604	4	8
462609	6	462608	2	8
462613	2	462612	2	4
462614	1	66300	1	2
462616	1	462615	1	2
462622	5	66305	2	7
462630	2	462629	3	5
462632	2	462631	3	5
462638	10	847829	6	16
462640	10	462639	6	16
462642	3	66315	3	6
462651	2	462650	5	7
462654	4	66326	4	8
462658	2	462657	2	4
462660	1	462659	2	3
462683	1	462682	2	3
462691	2	462690	1	3
462696	1	66361	1	2
462703	5	462702	10	15
462710	1	462709	2	3
462716	3	462715	1	4
462749	3	462748	1	4
462752	2	66420	19	21
462754	10	462753	3	13
462759	1	462758	14	15
462761	14	462760	12	26
462766	2	462765	8	10
462773	1	462772	4	5
462777	15	462776	1	16
462780	20	462779	8	28
462784	30	462783	1	31
462789	4	462788	4	8
462798	9	462797	6	15
462805	5	462804	1	6
462821	3	462820	3	6
462826	6	462825	6	12
462828	7	462827	4	11
462830	13	462829	3	16
462839	6	462838	3	9
462842	9	462841	10	19
462853	7	462852	7	14
462856	5	462855	2	7
462859	5	462858	4	9
462882	8	462881	12	20
462887	5	305294	11	16
462893	9	462892	4	13
462902	7	462901	9	16
462904	2	462903	8	10
462914	7	462913	2	9
462915	9	1015600	3	12
462930	2	462929	3	5
462932	11	462931	12	23
462944	8	66612	4	12
462949	11	462948	3	14
462963	12	462962	5	17
462981	5	462980	1	6
462991	11	462990	17	28
462993	6	462992	7	13
462998	1	462997	3	4
463001	6	463000	2	8
463005	2	463004	2	4
463014	5	463013	4	9
463017	2	463016	1	3
463021	11	463020	1	12
463022	10	66703	7	17
463025	11	463024	8	19
463032	4	463031	9	13
463038	5	463037	11	16
463055	1	463054	14	15
463058	3	463057	10	13
463075	2	463074	3	5
463077	12	463076	6	18
463088	4	463087	5	9
463096	17	463095	5	22
463103	4	463102	12	16
463119	8	463118	5	13
463123	2	463122	2	4
463129	2	463128	2	4
463133	2	463132	5	7
463135	5	463134	1	6
463137	6	463136	3	9
463142	2	463141	2	4
463164	2	305365	2	4
463167	6	463166	3	9
463169	1	463168	2	3
463194	3	463193	1	4
463197	2	463196	4	6
463200	1	66861	3	4
463205	4	463204	2	6
463207	1	463206	2	3
463225	3	463224	4	7
463231	4	463230	8	12
463262	1	463261	6	7
463271	1	463270	5	6
463275	3	463274	3	6
463279	1	66936	1	2
463281	4	463280	5	9
463290	4	66953	3	7
463300	5	463299	3	8
463307	1	463306	23	24
463311	1	463310	2	3
463316	3	463315	4	7
463318	6	463317	2	8
463328	1	463327	1	2
463331	3	463330	1	4
463333	1	463332	7	8
463351	3	463350	1	4
463353	3	463352	3	6
463383	3	463382	2	5
463387	1	463386	5	6
463411	2	463410	4	6
463414	1	463413	2	3
463417	4	463416	3	7
463420	1	463419	2	3
463421	1	67042	2	3
463433	4	67053	1	5
463452	3	67072	3	6
463460	5	463459	5	10
463465	15	463464	6	21
463468	10	463467	2	12
463471	1	463470	4	5
463479	3	463478	3	6
463484	9	463483	7	16
463487	5	305449	1	6
463493	1	463492	4	5
463495	5	463494	6	11
463516	5	463515	3	8
463520	5	67129	4	9
463556	6	463555	3	9
463558	2	67149	3	5
463561	3	67157	1	4
463574	6	463573	7	13
463593	1	463592	3	4
463632	1	463631	1	2
463637	1	463636	3	4
463654	6	463653	2	8
463675	2	463674	1	3
463677	12	67222	11	23
463685	1	463684	6	7
463702	3	463701	5	8
463707	3	67249	2	5
463714	4	463713	1	5
463717	6	463716	2	8
463719	2	463718	2	4
463731	1	463730	2	3
463733	3	463732	2	5
463741	2	463740	3	5
463746	3	463745	3	6
463753	1	463752	2	3
463761	1	463760	2	3
463776	3	67308	2	5
463783	2	67312	2	4
463785	5	67315	4	9
463787	1	463786	2	3
463793	2	67328	7	9
463796	3	67338	1	4
463799	9	463798	9	18
463805	10	463804	4	14
463807	2	463806	2	4
463819	1	67370	4	5
463828	1	463827	3	4
463833	1	463832	39	40
463838	4	463837	5	9
463849	6	463848	4	10
463856	4	463855	3	7
463858	1	463857	1	2
463877	3	463876	3	6
463880	2	463879	1	3
463895	3	67450	1	4
463904	3	67461	3	6
463908	9	463907	5	14
463913	1	67475	1	2
463926	2	463925	5	7
463930	11	463929	37	48
463938	6	67493	2	8
463948	4	463947	1	5
463952	6	67515	2	8
463955	7	463954	4	11
463958	4	463957	3	7
463959	3	848396	1	4
463964	1	67524	1	2
463967	6	463966	8	14
463971	2	463970	6	8
463982	11	305582	4	15
463985	3	67539	2	5
464008	9	67565	1	10
464010	1	464009	6	7
464017	1	464016	7	8
464019	7	67573	2	9
464024	4	464023	3	7
464030	5	464029	3	8
464039	1	464038	2	3
464057	4	464056	1	5
464060	6	305597	4	10
464063	1	464062	3	4
464067	65	67589	14	79
464071	5	464070	7	12
464075	2	67599	1	3
464081	2	464080	2	4
464087	1	464086	3	4
464091	1	464090	2	3
464093	5	67621	1	6
464100	2	464099	3	5
464102	4	464101	2	6
464116	2	464115	3	5
464119	1	464118	1	2
464120	1	1016035	2	3
464123	2	464122	2	4
464134	4	464133	6	10
464157	2	464156	14	16
464160	3	464159	17	20
464163	4	464162	4	8
464175	7	464174	1	8
464176	2	67683	4	6
464187	11	464186	6	17
464197	2	67701	1	3
464202	1	464201	2	3
464204	2	464203	4	6
464218	1	464217	7	8
464223	2	464222	1	3
464230	4	464229	3	7
464238	5	464237	3	8
464246	1	464245	2	3
464251	5	67745	1	6
464271	2	464270	1	3
464273	1	464272	2	3
464275	13	464274	2	15
464277	2	67778	1	3
464300	4	464299	4	8
464307	1	464306	1	2
464313	6	464312	3	9
464329	2	464328	1	3
464331	2	464330	2	4
464336	1	464335	3	4
464340	6	305652	3	9
464354	1	464353	1	2
464358	2	464357	17	19
464371	12	464370	2	14
464378	24	464377	5	29
464383	1	464382	1	2
464420	2	464419	2	4
464429	3	67899	1	4
464432	1	464431	3	4
464436	28	305667	22	50
464442	17	464441	2	19
464464	1	464463	1	2
464471	1	464470	1	2
464476	1	464475	1	2
464518	22	464517	3	25
464532	4	464531	1	5
464550	2	464549	3	5
464560	1	464559	1	2
464582	1	464581	2	3
464599	2	464598	1	3
464614	5	464613	3	8
464621	1	464620	1	2
464626	4	464625	2	6
464638	8	464637	7	15
464650	1	464649	1	2
464658	2	464657	3	5
464679	1	464678	1	2
464682	2	464681	8	10
464714	2	464713	13	15
464721	5	464720	1	6
464735	4	464734	4	8
464738	4	464737	1	5
464740	6	464739	4	10
464751	4	68145	4	8
464764	2	464763	5	7
464765	4	68163	1	5
464766	3	848682	7	10
464769	3	464768	1	4
464773	9	464772	3	12
464776	3	464775	4	7
464778	4	464777	3	7
464784	2	464783	1	3
464791	2	464790	3	5
464795	2	305741	1	3
464798	1	464797	11	12
464811	4	464810	3	7
464813	4	464812	2	6
464815	11	464814	6	17
464816	1	68186	1	2
464819	8	464818	4	12
464822	3	464821	4	7
464828	1	464827	29	30
464832	4	464831	3	7
464845	7	464844	1	8
464856	3	464855	5	8
464858	1	464857	2	3
464863	10	464862	2	12
464869	12	464868	5	17
464877	4	464876	1	5
464879	1	464878	2	3
464884	5	464883	2	7
464901	4	464900	2	6
464909	1	464908	4	5
464911	1	464910	1	2
464913	9	464912	5	14
464933	5	464932	2	7
464952	1	464951	1	2
464956	5	464955	1	6
464960	4	464959	1	5
464967	1	464966	2	3
464975	3	464974	1	4
464978	4	464977	4	8
464980	5	464979	4	9
464988	8	464987	10	18
465002	1	465001	1	2
465010	1	465009	2	3
465013	3	465012	8	11
465029	1	68302	3	4
465031	1	68303	1	2
465034	1	465033	1	2
465046	11	465045	4	15
465049	4	465048	4	8
465063	7	68315	5	12
465080	6	465079	4	10
465084	5	465083	1	6
465099	9	465098	5	14
465104	2	465103	4	6
465109	6	465108	3	9
465113	1	465112	2	3
465115	1	465114	4	5
465118	3	465117	4	7
465121	1	465120	5	6
465126	6	465125	1	7
465132	4	465131	1	5
465135	6	465134	2	8
465153	3	465152	1	4
465160	4	465159	4	8
465164	1	465163	5	6
465169	2	465168	2	4
465171	2	465170	4	6
465177	1	465176	1	2
465186	4	465185	6	10
465189	1	68435	4	5
465192	3	848848	2	5
465196	3	465195	6	9
465217	3	465216	2	5
465230	4	465227	14	18
465259	1	465258	3	4
465268	2	465267	2	4
465281	2	305828	10	12
465297	4	465296	3	7
465301	3	465300	1	4
465305	1	465304	1	2
465314	12	465313	6	18
465329	5	465328	1	6
465339	3	465338	1	4
465348	4	465347	9	13
465352	2	465351	1	3
465359	5	68566	3	8
465366	6	465365	3	9
465379	2	465378	8	10
465388	2	465387	2	4
465400	4	465399	1	5
465409	3	465408	4	7
465431	1	465430	2	3
465437	2	68611	4	6
465447	4	465446	2	6
465452	2	465451	4	6
465471	4	465470	2	6
465476	4	465475	2	6
465510	1	465509	7	8
465518	9	465517	4	13
465527	2	465526	4	6
465536	6	465535	7	13
465542	7	68689	15	22
465567	4	465566	4	8
465570	5	465569	10	15
465575	4	465574	21	25
465577	9	465576	1	10
465586	3	465585	1	4
465588	1	465587	3	4
465595	2	465594	3	5
465598	4	465597	3	7
465607	3	465606	4	7
465611	2	465610	3	5
465618	2	465617	7	9
465621	5	465620	1	6
465624	2	68722	9	11
465626	6	465625	2	8
465632	2	465631	2	4
465646	1	465645	4	5
465653	7	465652	2	9
465655	4	465654	3	7
465670	4	465669	4	8
465681	5	465680	6	11
465690	2	465689	3	5
465695	3	465694	1	4
465703	3	465702	4	7
465707	4	465706	1	5
465720	5	849028	1	6
465727	11	305896	7	18
465737	8	465736	1	9
465739	1	465738	1	2
465741	2	465740	3	5
465748	3	465747	3	6
465754	2	465753	2	4
465766	3	465765	1	4
465768	5	465767	6	11
465771	6	465770	9	15
465774	1	465773	14	15
465793	5	305899	8	13
465797	4	465796	2	6
465813	4	465812	5	9
465819	1	465818	1	2
465821	59	465820	7	66
465824	9	465823	5	14
465828	2	465827	3	5
465830	5	465829	10	15
465832	8	465831	2	10
465837	4	465836	1	5
465839	8	849081	9	17
465841	5	465840	4	9
465845	3	465844	7	10
465848	3	465847	2	5
465859	2	465858	1	3
465862	1	465861	6	7
465865	6	68805	4	10
465869	5	465868	3	8
465883	3	465882	4	7
465885	6	465884	32	38
465896	5	465895	4	9
465908	2	849096	5	7
465910	6	465909	4	10
465919	4	465918	3	7
465930	3	465929	6	9
465937	1	465936	1	2
465939	6	68871	2	8
465944	10	465943	7	17
465949	3	465948	3	6
465955	8	465954	7	15
465963	2	465962	1	3
465973	6	465972	10	16
465979	3	465978	3	6
465981	11	465980	10	21
465990	2	68918	2	4
465992	2	849140	2	4
465995	1	465994	3	4
465999	3	465998	6	9
466001	1	466000	2	3
466014	7	466013	1	8
466022	4	466021	5	9
466030	6	466029	9	15
466056	7	466055	4	11
466076	3	69004	2	5
466082	5	69016	3	8
466084	7	466083	3	10
466088	6	466087	15	21
466090	4	466089	1	5
466092	2	466091	2	4
466096	1	466095	1	2
466109	4	849199	15	19
466131	2	466130	2	4
466138	4	466137	5	9
466195	3	466194	3	6
466198	5	466197	5	10
466200	11	466199	21	32
466214	2	466213	6	8
466220	2	466219	6	8
466225	2	466224	2	4
466228	3	69157	3	6
466238	4	466237	1	5
466255	1	466254	11	12
466270	7	466269	1	8
466276	4	69199	9	13
466291	12	466290	4	16
466295	3	466294	6	9
466307	8	466306	1	9
466316	4	466315	1	5
466324	2	466323	1	3
466327	2	466326	3	5
466328	4	69238	3	7
466333	1	466332	2	3
466336	8	466335	1	9
466349	4	466348	8	12
466351	4	466350	4	8
466362	4	466361	1	5
466364	1	466363	3	4
466372	2	466371	3	5
466386	3	466385	5	8
466392	3	466391	6	9
466403	4	466402	3	7
466405	12	466404	4	16
466408	2	466407	6	8
466414	2	466413	1	3
466420	6	466419	3	9
466427	1	466426	1	2
466430	7	466429	12	19
466438	8	466437	2	10
466443	4	466442	3	7
466447	2	466446	3	5
466459	3	466458	4	7
466470	5	466469	14	19
466473	10	466472	5	15
466474	7	69333	2	9
466489	2	306054	1	3
466494	4	466493	4	8
466502	5	466501	1	6
466505	1	466504	13	14
466512	2	466511	4	6
466517	1	466516	2	3
466537	5	466536	4	9
466546	4	466545	5	9
466560	7	466559	3	10
466564	4	466563	5	9
466569	1	466568	4	5
466586	5	466585	7	12
466588	3	466587	1	4
466593	3	466592	1	4
466603	5	466602	3	8
466607	1	466606	3	4
466613	12	466612	8	20
466630	6	466629	5	11
466646	1	466645	3	4
466648	9	466647	5	14
466651	2	466650	19	21
466653	4	466652	3	7
466662	2	466661	8	10
466664	6	466663	17	23
466675	4	466674	6	10
466676	2	849400	17	19
466680	3	466679	3	6
466682	1	69499	3	4
466685	5	466684	8	13
466695	1	466694	1	2
466713	4	466712	3	7
466729	1	466728	3	4
466731	1	466730	3	4
466732	1	69526	8	9
466750	2	466749	2	4
466761	6	466760	20	26
466766	4	466765	17	21
466783	1	466782	52	53
466794	5	466793	3	8
466803	23	306121	2	25
466822	2	466821	18	20
466848	3	69629	5	8
466853	4	466852	1	5
466856	7	306137	4	11
466867	1	466866	2	3
466868	3	69648	1	4
466870	13	466869	2	15
466873	9	466872	8	17
466875	4	466874	2	6
466896	10	466895	4	14
466900	2	306142	5	7
466902	4	466901	4	8
466915	2	69677	1	3
466919	7	466918	3	10
466926	8	466925	4	12
466928	3	466927	7	10
466934	3	466933	3	6
466936	3	69685	2	5
466938	1	849476	4	5
466941	1	466940	2	3
466943	2	466942	1	3
466949	2	466948	5	7
466954	2	69691	3	5
466956	1	466955	2	3
466961	5	466960	4	9
466963	3	466962	1	4
466966	2	466965	3	5
466977	2	69701	23	25
466996	3	466995	4	7
467010	2	467009	1	3
467014	30	467013	1	31
467016	5	467015	5	10
467023	4	467022	8	12
467032	1	467031	4	5
467041	1	467040	2	3
467045	1	467044	3	4
467049	4	467048	2	6
467053	3	467052	3	6
467059	3	467058	3	6
467061	3	467060	2	5
467075	15	467074	1	16
467099	1	467098	3	4
467103	1	467102	3	4
467108	2	467107	1	3
467116	2	467115	1	3
467120	1	467119	12	13
467131	1	467130	93	94
467136	10	467135	3	13
467138	2	467137	22	24
467144	2	467143	2	4
467154	1	467153	5	6
467156	11	467155	4	15
467160	6	467159	1	7
467163	2	467162	2	4
467166	3	467165	4	7
467169	2	467168	4	6
467186	1	467185	1	2
467189	1	467188	2	3
467198	1	69758	7	8
467211	3	467210	3	6
467213	1	467212	1	2
467224	4	467223	2	6
467228	7	467227	2	9
467235	1	467234	2	3
467240	2	467239	2	4
467243	6	467242	1	7
467248	2	467247	2	4
467250	2	467249	2	4
467265	1	467264	1	2
467276	3	467275	1	4
467279	2	467278	1	3
467282	1	467281	1	2
467287	1	467286	4	5
467300	2	467299	1	3
467309	4	467308	22	26
467312	11	467311	12	23
467322	11	467321	3	14
467324	4	467323	7	11
467333	3	467332	5	8
467335	4	467334	1	5
467337	6	69836	6	12
467341	5	467340	31	36
467343	7	467342	1	8
467347	4	69850	3	7
467357	5	69861	4	9
467367	4	467366	8	12
467374	3	467373	7	10
467377	3	467376	6	9
467381	7	467380	2	9
467384	7	467383	3	10
467396	4	467395	13	17
467398	5	467397	4	9
467400	4	467399	2	6
467404	1	467403	2	3
467406	1	467405	5	6
467420	1	467419	4	5
467429	6	467428	6	12
467444	6	467443	10	16
467449	1	849649	1	2
467451	2	849650	4	6
467453	8	69906	2	10
467459	2	467458	10	12
467461	2	467460	7	9
467469	4	849654	4	8
467481	7	467480	3	10
467488	16	306203	14	30
467490	1	467489	5	6
467492	6	467491	1	7
467496	5	306205	5	10
467502	5	467501	5	10
467511	21	467510	7	28
467519	1	467518	1	2
467525	3	467524	4	7
467530	3	467529	2	5
467532	3	306208	38	41
467538	19	467537	2	21
467542	2	467541	1	3
467545	4	467544	2	6
467548	1	467547	3	4
467550	1	467549	4	5
467552	8	467551	13	21
467561	5	467560	2	7
467567	8	467566	4	12
467574	4	467573	1	5
467576	2	467575	7	9
467585	1	467584	2	3
467590	14	467589	1	15
467592	6	467591	8	14
467600	2	467599	2	4
467607	8	467606	9	17
467609	3	467608	4	7
467614	7	467613	3	10
467619	13	467618	5	18
467625	1	467624	7	8
467628	4	306220	2	6
467637	7	467636	12	19
467646	3	467645	4	7
467648	2	467647	2	4
467658	7	467657	7	14
467669	12	467668	7	19
467675	7	467674	8	15
467683	5	467682	16	21
467691	9	467690	3	12
467700	2	467699	5	7
467709	4	467708	3	7
467711	2	467710	4	6
467716	6	467715	2	8
467725	4	70047	2	6
467728	10	467727	4	14
467732	3	467731	10	13
467736	6	467735	3	9
467738	4	467737	2	6
467740	2	70054	4	6
467743	6	70060	2	8
467748	1	467747	4	5
467752	10	467751	3	13
467755	4	467754	3	7
467757	3	467756	7	10
467764	4	467763	5	9
467766	5	467765	1	6
467768	1	467767	4	5
467771	4	467770	2	6
467773	3	467772	1	4
467777	8	467776	1	9
467798	1	467797	3	4
467804	1	467803	2	3
467806	1	306250	3	4
467807	4	70076	2	6
467813	19	467812	4	23
467817	11	467816	2	13
467821	2	306252	2	4
467827	1	467826	2	3
467832	1	467831	1	2
467837	5	467836	1	6
467839	2	467838	9	11
467841	7	467840	9	16
467850	2	467849	1	3
467858	8	467857	7	15
467863	4	467862	16	20
467866	7	467865	5	12
467921	9	467920	8	17
467932	5	467931	1	6
467936	3	70141	3	6
467938	3	467937	3	6
467940	4	70144	3	7
467944	4	467943	5	9
467946	6	467945	3	9
467963	4	467962	5	9
467973	6	467972	5	11
467975	5	467974	6	11
467981	1	467980	5	6
467985	18	306281	8	26
467989	5	467988	5	10
467998	2	467997	3	5
468009	1	468008	4	5
468018	3	468017	9	12
468024	2	849851	5	7
468030	1	468029	4	5
468033	1	468032	6	7
468039	4	468038	8	12
468043	7	468042	15	22
468047	8	468046	8	16
468055	9	468054	9	18
468057	2	70234	2	4
468060	10	468059	7	17
468071	7	468070	5	12
468082	3	468081	2	5
468084	10	468083	1	11
468098	2	468097	2	4
468109	4	468108	2	6
468137	6	468136	1	7
468148	10	468147	11	21
468159	5	468158	4	9
468163	4	70322	4	8
468166	2	468165	1	3
468185	3	70343	4	7
468188	8	70345	2	10
468193	1	468192	7	8
468195	5	468194	2	7
468202	6	70369	2	8
468205	2	468204	3	5
468218	3	468217	8	11
468220	1	468219	4	5
468229	2	70391	1	3
468233	4	306332	3	7
468236	3	468235	4	7
468239	5	70408	1	6
468247	3	468246	3	6
468257	1	70430	1	2
468259	3	468258	15	18
468269	5	468268	6	11
468287	4	468286	6	10
468303	8	468302	11	19
468310	1	468309	2	3
468313	3	468312	3	6
468319	4	468318	12	16
468325	2	468324	2	4
468330	1	70470	1	2
468338	1	468337	1	2
468347	1	849964	4	5
468352	3	468351	1	4
468360	3	468359	3	6
468366	2	468365	3	5
468368	1	468367	1	2
468372	3	468371	4	7
468374	1	468373	2	3
468377	1	468376	2	3
468380	60	468379	1	61
468388	2	468387	1	3
468391	8	468390	1	9
468400	5	468399	2	7
468404	2	468403	3	5
468407	3	468406	4	7
468416	1	468415	1	2
468452	7	468451	3	10
468458	2	468457	1	3
468463	3	468462	1	4
468479	4	850007	2	6
468489	2	468488	4	6
468499	1	468498	1	2
468506	4	468505	17	21
468514	1	468513	2	3
468518	37	468517	1	38
468531	3	468530	2	5
468534	1	468533	3	4
468536	2	468535	1	3
468538	1	468537	7	8
468550	3	468547	3	6
468575	12	468574	26	38
468577	3	468576	1	4
468587	1	468586	1	2
468594	2	468593	3	5
468596	1	468595	3	4
468606	4	468605	13	17
468617	6	468616	3	9
468624	1	468623	15	16
468626	5	468625	2	7
468635	1	468634	6	7
468655	1	468654	1	2
468658	1	70613	11	12
468673	2	468672	2	4
468675	10	468674	2	12
468677	2	468676	7	9
468680	4	468679	1	5
468694	2	468693	1	3
468702	3	468701	3	6
468716	2	468715	107	109
468721	1	468720	1	2
468723	1	468722	10	11
468741	2	468740	3	5
468765	3	468764	3	6
468770	1	468769	2	3
468798	1	468797	3	4
468803	1	468802	1	2
468810	2	468809	2	4
468823	1	468822	5	6
468826	1	468825	1	2
468829	3	468828	3	6
468833	4	468832	51	55
468836	3	468835	1	4
468838	24	468837	1	25
468840	1	468839	1	2
468864	7	468863	7	14
468868	2	468867	1	3
468876	4	468875	2	6
468878	11	468877	1	12
468880	28	468879	13	41
468899	1	468898	5	6
468904	20	468903	1	21
468907	3	468906	3	6
468918	4	468917	1	5
468925	128	468924	6	134
468927	2	468926	1	3
468929	5	468928	1	6
468953	6	468952	1	7
468963	5	70705	12	17
468968	2	468967	4	6
468973	2	306426	1	3
468985	1	468984	22	23
468987	3	468986	2	5
468989	5	468988	3	8
469001	1	469000	3	4
469007	1	469006	32	33
469015	2	469014	4	6
469023	1	469022	2	3
469028	3	469027	2	5
469034	1	469033	1	2
469039	2	469038	1	3
469046	8	469045	5	13
469047	2	469044	1	3
469054	2	469053	15	17
469068	4	469067	8	12
469087	1	469086	5	6
469092	3	469091	1	4
469098	1	469097	2	3
469100	7	469099	2	9
469106	1	469105	4	5
469109	4	469108	1	5
469114	1	469113	2	3
469120	7	469119	8	15
469125	1	469124	1	2
469128	3	469127	2	5
469131	4	469130	2	6
469142	2	469141	8	10
469158	2	469157	1	3
469170	15	469169	4	19
469178	3	469177	3	6
469180	1	70817	3	4
469182	3	70818	1	4
469191	2	70823	2	4
469200	2	469199	1	3
469210	2	469209	2	4
469224	1	469223	4	5
469244	1	469243	1	2
469256	1	469255	1	2
469263	3	70866	1	4
469295	16	469294	1	17
469301	1	306456	2	3
469304	53	469303	3	56
469314	5	469313	5	10
469323	21	469322	1	22
469330	6	469329	5	11
469336	1	469335	2	3
469343	1	469342	1	2
469364	3	469363	1	4
469366	15	469365	1	16
469369	3	469368	1	4
469373	26	469372	2	28
469383	7	469382	3	10
469385	4	469384	2	6
469405	1	70897	1	2
469409	1	469408	15	16
469412	1	850324	11	12
469415	6	469414	5	11
469445	3	469444	8	11
469469	10	1017601	5	15
469473	1	469472	1	2
469502	5	469501	1	6
469526	2	469525	7	9
469528	14	469527	4	18
469537	11	469536	8	19
469566	1	469565	1	2
469573	4	469572	1	5
469576	1	469575	10	11
469579	2	469578	1	3
469592	2	469591	2	4
469595	6	469594	12	18
469600	13	469599	7	20
469605	1	469604	1	2
469608	1	469607	1	2
469611	13	469610	1	14
469623	4	469622	2	6
469625	1	469624	1	2
469630	2	469629	1	3
469638	2	469637	2	4
469644	6	469643	5	11
469667	1	469666	2	3
469669	1	469668	4	5
469684	4	469683	2	6
469710	2	469709	5	7
469741	4	71042	4	8
469748	1	469747	1	2
469755	7	469754	8	15
469762	12	469761	9	21
469774	1	71072	1	2
469778	4	469777	1	5
469814	1	469813	1	2
469823	9	469822	7	16
469825	2	469824	40	42
469833	1	469832	2	3
469838	4	469837	1	5
469842	3	469841	1	4
469845	2	469844	2	4
469850	5	469849	2	7
469852	1	469851	1	2
469855	1	469854	1	2
469858	1	469857	1	2
469861	1	469860	17	18
469877	4	469876	26	30
469879	12	469878	25	37
469887	9	469886	2	11
469898	12	850498	17	29
469900	10	469899	1	11
469903	1	469902	2	3
469911	18	71143	2	20
469920	1	469919	1	2
469929	4	469928	2	6
469931	3	469930	1	4
469939	1	469938	3	4
469941	1	469940	1	2
469974	4	306565	1	5
469985	1	469984	1	2
469988	21	469987	6	27
469990	10	469989	37	47
469998	8	469997	84	92
470001	3	470000	1	4
470019	5	470018	2	7
470021	2	470020	7	9
470024	55	470023	4	59
470026	10	470025	3	13
470033	4	470032	4	8
470039	1	470038	1	2
470044	3	470043	3	6
470046	3	470045	1	4
470051	1	470050	3	4
470064	2	470063	1	3
470072	2	470071	2	4
470081	4	71211	6	10
470083	3	470082	4	7
470087	4	470086	4	8
470091	6	470090	5	11
470097	4	470096	3	7
470106	5	306592	5	10
470112	3	71235	1	4
470118	2	470117	2	4
470125	3	71241	2	5
470140	11	470139	8	19
470152	5	71251	1	6
470162	7	71256	4	11
470170	1	306610	3	4
470172	4	470171	4	8
470174	31	470173	4	35
470184	4	470183	5	9
470198	9	850625	1	10
470201	4	470200	9	13
470205	7	470204	2	9
470207	10	470206	8	18
470209	5	470208	2	7
470211	1	470210	1	2
470215	1	470214	5	6
470226	2	470225	7	9
470231	1	470230	1	2
470238	5	470237	2	7
470251	3	470250	3	6
470259	2	470258	5	7
470265	11	71320	4	15
470269	11	470268	7	18
470276	3	470275	1	4
470280	8	470279	5	13
470282	7	850654	5	12
470285	6	470284	2	8
470299	5	470298	4	9
470309	5	470308	9	14
470315	5	470314	1	6
470321	10	470320	5	15
470328	2	71379	5	7
470330	3	470329	3	6
470336	9	470335	11	20
470340	3	71386	4	7
470344	3	470342	4	7
470347	8	470346	4	12
470348	7	71392	5	12
470357	8	71397	14	22
470364	4	470363	2	6
470367	7	470366	1	8
470369	3	470368	4	7
470377	2	470376	7	9
470383	3	470382	7	10
470391	3	71423	7	10
470393	6	306672	6	12
470396	3	71434	9	12
470402	4	470401	4	8
470406	6	470405	5	11
470408	16	470407	1	17
470414	2	470413	3	5
470415	8	850709	3	11
470418	6	470417	11	17
470422	5	470421	2	7
470424	3	470423	12	15
470429	4	470428	4	8
470432	17	470431	5	22
470434	2	470433	1	3
470442	1	470441	5	6
470444	10	470443	7	17
470446	2	470445	9	11
470448	6	71463	1	7
470455	4	470454	11	15
470459	3	71468	4	7
470462	6	470461	5	11
470464	11	470463	1	12
470466	1	470465	8	9
470472	6	470471	8	14
470482	8	71481	2	10
470490	4	470489	8	12
470497	5	470496	7	12
470501	8	470500	5	13
470510	4	470509	5	9
470512	7	470511	11	18
470518	7	470517	10	17
470525	6	71511	7	13
470535	7	470534	1	8
470537	3	470536	3	6
470539	1	470538	1	2
470546	3	470545	6	9
470549	3	470548	2	5
470578	8	470577	12	20
470590	3	470589	6	9
470593	7	470592	1	8
470595	7	470594	6	13
470599	10	71534	9	19
470602	6	470601	6	12
470605	3	71540	6	9
470607	3	71545	5	8
470624	2	470623	9	11
470631	5	470630	3	8
470642	5	470641	4	9
470651	7	470650	3	10
470653	12	470652	8	20
470655	3	470654	6	9
470669	6	470668	3	9
470672	7	470671	5	12
470685	3	470684	4	7
470692	1	71585	1	2
470702	5	470701	3	8
470718	1	470717	5	6
470732	3	71609	5	8
470738	6	470737	11	17
470742	6	470741	14	20
470751	5	470750	5	10
470761	2	470760	10	12
470766	12	71629	4	16
470775	7	306724	5	12
470778	1	470777	6	7
470780	1	470779	4	5
470787	3	470786	1	4
470792	2	470791	3	5
470797	31	470796	10	41
470799	2	470798	9	11
470804	5	850853	2	7
470806	36	470805	5	41
470808	2	470807	3	5
470810	2	470809	2	4
470812	11	470811	1	12
470824	2	470823	6	8
470828	5	470827	2	7
470833	5	470832	4	9
470838	2	470837	4	6
470850	16	470849	2	18
470856	15	470855	4	19
470861	3	470860	2	5
470863	5	470862	5	10
470865	5	850877	2	7
470881	7	470880	3	10
470892	1	470891	1	2
470894	3	470893	2	5
470896	7	470895	1	8
470904	5	470903	4	9
470933	5	470932	5	10
470936	2	470935	1	3
470938	2	470937	1	3
470952	2	470951	1	3
470954	1	470953	1	2
470956	2	470955	7	9
470972	1	470971	1	2
470976	2	470975	1	3
470985	1	470984	7	8
470989	6	470988	3	9
470991	5	470990	9	14
470997	8	71706	6	14
470999	4	470998	6	10
471000	34	850919	11	45
471007	4	471006	6	10
471009	10	471008	5	15
471011	4	471010	6	10
471014	5	471013	5	10
471017	4	471016	1	5
471024	4	471023	2	6
471031	3	471030	4	7
471034	4	471033	3	7
471046	5	471045	5	10
471051	6	471050	10	16
471055	1	71725	1	2
471057	6	471056	2	8
471060	1	471059	2	3
471064	4	71729	2	6
471068	1	71732	2	3
471071	2	71733	1	3
471074	4	471073	5	9
471076	11	471075	7	18
471083	2	471082	6	8
471091	2	850943	4	6
471095	3	471094	1	4
471097	1	471096	3	4
471103	2	71741	4	6
471108	4	471107	3	7
471115	8	71749	2	10
471127	8	471126	36	44
471129	5	471128	2	7
471132	7	471131	4	11
471144	1	471143	9	10
471146	2	471145	2	4
471151	1	71758	1	2
471154	1	471153	7	8
471157	10	471156	10	20
471160	4	471159	6	10
471172	3	471171	1	4
471174	4	471173	8	12
471182	2	471181	2	4
471190	6	471189	9	15
471192	1	471191	4	5
471194	3	471193	6	9
471197	5	471196	11	16
471202	1	471201	7	8
471204	2	471203	7	9
471206	2	471205	2	4
471211	7	850967	4	11
471215	6	471214	5	11
471228	12	471227	9	21
471239	5	471238	12	17
471241	4	471240	9	13
471245	5	471244	8	13
471248	14	471247	5	19
471253	4	471252	10	14
471255	6	471254	8	14
471261	3	471260	12	15
471263	4	471262	2	6
471266	6	471265	14	20
471280	2	471279	14	16
471283	3	71792	4	7
471287	7	850995	28	35
471292	8	471291	2	10
471293	10	850996	3	13
471295	11	471294	7	18
471298	3	471297	6	9
471310	10	471309	17	27
471317	4	471316	2	6
471319	2	471318	1	3
471322	7	471321	2	9
471325	3	471324	29	32
471327	2	471326	4	6
471336	17	471335	4	21
471343	8	471342	14	22
471352	3	471351	3	6
471357	12	471356	8	20
471360	2	471359	22	24
471363	9	471362	6	15
471366	10	71817	2	12
471369	3	471368	7	10
471373	4	471372	2	6
471376	6	471375	2	8
471382	7	471381	1	8
471385	2	471384	3	5
471387	2	471386	1	3
471393	8	471392	9	17
471398	6	471397	1	7
471399	17	71842	3	20
471410	4	471409	1	5
471421	22	851048	3	25
471424	2	471423	1	3
471428	9	471427	3	12
471430	2	471429	3	5
471434	5	471433	7	12
471435	6	71872	2	8
471463	2	471462	2	4
471465	4	471464	1	5
471471	3	471470	4	7
471474	8	471473	14	22
471492	4	471491	3	7
471494	11	471493	5	16
471496	2	471495	2	4
471499	9	471498	2	11
471504	6	471503	4	10
471507	4	471506	2	6
471512	9	471511	3	12
471515	2	471514	7	9
471518	3	471517	2	5
471519	1	71938	2	3
471521	2	71944	1	3
471524	5	471523	11	16
471533	13	71949	7	20
471539	1	471538	3	4
471549	5	471548	4	9
471558	2	71964	3	5
471581	15	471580	17	32
471584	6	471583	2	8
471589	3	71992	6	9
471592	3	471591	2	5
471599	1	71997	1	2
471603	4	471602	3	7
471605	24	471604	12	36
471608	9	471607	4	13
471612	28	471611	19	47
471617	8	471616	8	16
471620	4	471619	5	9
471627	1	471626	3	4
471662	5	471661	4	9
471667	6	471666	8	14
471674	1	471673	1	2
471679	3	471678	4	7
471683	3	72068	5	8
471703	1	471702	2	3
471705	5	471704	4	9
471712	1	471711	5	6
471724	4	471723	6	10
471728	7	471727	7	14
471733	7	471732	12	19
471737	2	471736	5	7
471772	4	471771	6	10
471777	4	72161	2	6
471789	10	471788	4	14
471792	5	471791	4	9
471800	8	471799	3	11
471804	14	471803	3	17
471807	1	471806	2	3
471814	1	471813	3	4
471817	2	471816	2	4
471842	4	72214	4	8
471851	6	471850	4	10
471877	5	471876	4	9
471881	5	471880	4	9
471888	4	471887	4	8
471901	4	471900	5	9
471904	3	471903	12	15
471908	4	471907	4	8
471918	2	471917	2	4
471928	3	471927	7	10
471948	3	471947	7	10
471960	3	471959	5	8
471970	3	471969	1	4
471972	1	471971	4	5
471975	5	72308	4	9
471981	2	471980	1	3
471989	1	72318	1	2
471991	3	851291	1	4
471994	1	851294	2	3
472012	1	472011	4	5
472015	1	472014	5	6
472018	5	472017	4	9
472023	3	472022	2	5
472028	5	472027	4	9
472052	5	72381	5	10
472061	11	472060	11	22
472063	5	472062	1	6
472068	15	72395	2	17
472072	1	472071	8	9
472075	3	472074	9	12
472087	13	472086	5	18
472106	1	472105	3	4
472113	10	472112	3	13
472126	3	472125	5	8
472143	5	472142	5	10
472147	4	472146	2	6
472157	3	472156	2	5
472168	2	472167	3	5
472181	4	472180	4	8
472190	4	472189	2	6
472200	6	472199	5	11
472204	4	472203	4	8
472214	3	472213	6	9
472221	6	472220	6	12
472243	1	472242	1	2
472249	9	472248	3	12
472268	2	472267	3	5
472283	8	472282	4	12
472285	6	472284	2	8
472286	2	72621	6	8
472295	2	472294	2	4
472297	4	72637	1	5
472301	6	472300	1	7
472306	1	472305	2	3
472310	3	472309	5	8
472328	2	472327	4	6
472334	1	472333	1	2
472340	1	472339	1	2
472342	2	472341	3	5
472344	2	472343	1	3
472347	1	472346	3	4
472349	3	72710	1	4
472363	1	472362	2	3
472382	2	472381	1	3
472384	6	472383	1	7
472401	12	472400	1	13
472406	8	472405	3	11
472418	4	72778	3	7
472421	2	72780	3	5
472427	4	472426	2	6
472430	2	472429	2	4
472433	1	472432	3	4
472437	4	472436	1	5
472439	4	472438	3	7
472445	1	472444	4	5
472450	6	472449	1	7
472457	4	472456	6	10
472459	2	472458	6	8
472470	1	472469	1	2
472475	3	472474	3	6
472477	3	472476	3	6
472481	8	472480	1	9
472484	1	472483	1	2
472486	5	472485	7	12
472500	2	472499	5	7
472503	2	472502	4	6
472515	6	472514	5	11
472518	6	472517	6	12
472522	3	472521	1	4
472530	5	72875	3	8
472537	4	472536	2	6
472540	8	472539	5	13
472545	2	472544	8	10
472548	3	472547	2	5
472550	5	307011	4	9
472562	3	472561	2	5
472564	11	472563	4	15
472568	3	472567	3	6
472581	1	472580	9	10
472583	1	472582	1	2
472587	1	472586	1	2
472591	2	472590	2	4
472609	11	472608	2	13
472615	1	472614	1	2
472618	3	472617	4	7
472627	5	472626	4	9
472630	3	472629	6	9
472636	1	472635	3	4
472638	3	472637	3	6
472645	3	472644	2	5
472654	36	472653	5	41
472661	1	472660	3	4
472674	12	472673	1	13
472683	5	472682	2	7
472690	12	472689	4	16
472698	3	472697	6	9
472705	1	73047	3	4
472707	8	472706	3	11
472725	1	472724	1	2
472731	1	472730	8	9
472737	3	472736	3	6
472740	5	472739	5	10
472741	6	73109	6	12
472748	1	472747	3	4
472756	5	472755	2	7
472763	7	851623	3	10
472765	8	472764	7	15
472767	2	472766	2	4
472769	2	472768	1	3
472777	4	472776	3	7
472785	1	472784	3	4
472789	3	472788	1	4
472795	8	472794	9	17
472798	7	472797	3	10
472800	1	472799	4	5
472804	1	472803	3	4
472805	1	73172	1	2
472830	2	472829	5	7
472840	6	472839	9	15
472842	1	472841	3	4
472862	3	472861	3	6
472868	3	472867	5	8
472872	5	851669	4	9
472874	1	472873	3	4
472896	3	472895	5	8
472904	1	73258	3	4
472909	1	472908	3	4
472911	4	472910	2	6
472913	6	73267	5	11
472924	1	73271	2	3
472935	4	472934	5	9
472953	2	73288	1	3
472955	4	472954	7	11
472959	4	472958	1	5
472965	3	472964	3	6
472971	4	472970	3	7
472992	3	472991	1	4
473019	4	473018	2	6
473024	2	473023	3	5
473032	5	473031	8	13
473043	4	473042	1	5
473048	4	473047	1	5
473059	1	473058	4	5
473064	9	307111	1	10
473071	1	473070	2	3
473090	1	473089	1	2
473092	3	473091	5	8
473094	1	473093	3	4
473100	7	473099	4	11
473101	10	851764	3	13
473120	3	473119	7	10
473135	2	473134	4	6
473145	2	473144	3	5
473155	1	473154	3	4
473159	6	473158	11	17
473161	5	473160	4	9
473163	3	473162	1	4
473165	1	473164	2	3
473171	1	73466	2	3
473175	1	473174	2	3
473183	2	473182	4	6
473186	3	473185	3	6
473191	6	73476	6	12
473195	4	73477	1	5
473201	1	851795	1	2
473207	5	473206	2	7
473210	1	473209	6	7
473212	5	473211	1	6
473215	7	473214	4	11
473241	3	473240	7	10
473250	2	473249	1	3
473252	1	473251	3	4
473254	4	473253	1	5
473259	2	473258	2	4
473268	7	73517	3	10
473277	3	473276	2	5
473280	5	473279	3	8
473282	3	473281	1	4
473287	4	473286	6	10
473293	3	473292	1	4
473298	3	73541	3	6
473305	1	473304	2	3
473306	3	307149	2	5
473310	3	473309	1	4
473312	1	473311	1	2
473316	3	473315	2	5
473320	7	473319	7	14
473324	1	473323	17	18
473329	2	473328	5	7
473333	3	473332	3	6
473345	3	473344	2	5
473354	2	73579	1	3
473361	2	473360	4	6
473369	3	73597	10	13
473375	1	473374	1	2
473380	1	473379	4	5
473392	4	473391	5	9
473394	3	473393	4	7
473399	1	473398	7	8
473414	1	473413	4	5
473421	1	473420	2	3
473426	7	473425	8	15
473448	1	307176	2	3
473454	4	473453	1	5
473470	21	73692	5	26
473477	1	473476	4	5
473486	6	73712	2	8
473502	6	473501	1	7
473526	3	473525	6	9
473528	3	473527	8	11
473544	1	473543	2	3
473548	1	73781	2	3
473550	2	473549	1	3
473553	2	473552	6	8
473565	3	473564	4	7
473577	7	73815	5	12
473579	6	473578	3	9
473600	2	473599	3	5
473608	1	473607	3	4
473610	1	473609	2	3
473618	5	473617	11	16
473642	5	473641	5	10
473647	4	473646	13	17
473649	5	473648	8	13
473666	1	473665	2	3
473687	1	473686	4	5
473690	1	473689	2	3
473694	4	473693	6	10
473701	4	473700	5	9
473706	1	473705	4	5
473719	3	473718	4	7
473754	4	473753	1	5
473757	8	473756	4	12
473760	24	473759	2	26
473770	3	74063	1	4
473773	10	473772	7	17
473775	5	74070	3	8
473776	3	74072	4	7
473780	5	473779	6	11
473782	6	473781	3	9
473798	12	473797	5	17
473801	7	74094	5	12
473803	4	473802	2	6
473808	6	473807	8	14
473812	4	74097	3	7
473817	6	473816	1	7
473822	4	473821	2	6
473824	2	852042	2	4
473827	6	473826	10	16
473841	10	473840	6	16
473842	3	852051	4	7
473847	4	473846	2	6
473857	6	473856	1	7
473865	1	473864	5	6
473866	9	74158	4	13
473878	4	307303	3	7
473887	12	473886	3	15
473892	11	473891	4	15
473897	1	473896	7	8
473900	4	473899	4	8
473913	1	473912	3	4
473916	3	74193	3	6
473918	2	473917	6	8
473933	2	473932	1	3
473935	2	473934	5	7
473937	1	473936	3	4
473947	2	473946	8	10
473949	5	473948	7	12
473954	11	473953	8	19
473956	11	74234	5	16
473959	5	473958	6	11
473974	4	74246	1	5
473980	3	473979	4	7
473988	4	473987	2	6
473995	1	74277	2	3
474008	1	474007	2	3
474009	1	74295	1	2
474019	2	474018	1	3
474021	8	474020	2	10
474023	6	474022	4	10
474038	6	474037	2	8
474041	6	474040	4	10
474046	2	474045	11	13
474049	5	474048	7	12
474059	1	74334	5	6
474089	10	474088	9	19
474096	6	474095	5	11
474106	4	474105	5	9
474110	4	474109	6	10
474126	5	474125	5	10
474133	3	474132	4	7
474138	3	74454	2	5
474140	4	474139	4	8
474143	8	474142	3	11
474161	8	474160	3	11
474165	5	474164	10	15
474168	9	474167	53	62
474185	2	474184	3	5
474188	2	474187	3	5
474191	2	474190	1	3
474195	3	474194	2	5
474203	1	474202	5	6
474212	1	474211	2	3
474219	10	474218	4	14
474236	7	74587	5	12
474241	3	474240	1	4
474260	4	474259	5	9
474265	3	474264	3	6
474268	3	852240	4	7
474272	6	474271	6	12
474274	5	474273	19	24
474285	6	474284	7	13
474288	13	474287	3	16
474290	11	474289	9	20
474294	9	474293	7	16
474299	3	474298	7	10
474301	2	474300	2	4
474310	2	74644	4	6
474315	9	474314	7	16
474319	4	474318	3	7
474323	5	474322	4	9
474325	2	474324	5	7
474337	10	474336	4	14
474350	2	474349	5	7
474351	4	852285	2	6
474353	2	852288	6	8
474365	7	474364	2	9
474371	3	474370	10	13
474374	10	474373	4	14
474381	14	474380	4	18
474396	12	474395	7	19
474398	3	74669	1	4
474400	12	474399	1	13
474402	7	474401	5	12
474409	8	474408	7	15
474422	5	474421	10	15
474429	1	474428	2	3
474432	47	474431	3	50
474435	25	474434	2	27
474441	1	474440	1	2
474445	3	474444	1	4
474447	10	74701	3	13
474452	6	74705	2	8
474458	6	474457	10	16
474463	2	474462	5	7
474475	5	474474	5	10
474481	3	74723	3	6
474483	3	74728	2	5
474485	3	474484	7	10
474490	8	474489	7	15
474492	6	474491	5	11
474518	3	474517	2	5
474521	3	474520	6	9
474530	1	474529	1	2
474531	9	852355	6	15
474538	6	474537	7	13
474549	15	474548	13	28
474568	16	474567	19	35
474572	14	307449	14	28
474575	6	474574	20	26
474595	12	474593	12	24
474608	3	474607	5	8
474618	4	474617	3	7
474620	6	474619	10	16
474621	11	74826	8	19
474632	14	474631	5	19
474655	15	474654	8	23
474658	11	474657	11	22
474690	6	474689	4	10
474704	4	474703	6	10
474706	4	474705	2	6
474711	7	474710	4	11
474714	7	474713	6	13
474715	11	852431	4	15
474734	8	852443	6	14
474738	11	1019253	5	16
474753	4	474752	7	11
474757	11	474756	5	16
474759	3	474758	6	9
474761	2	474760	3	5
474765	8	474764	6	14
474768	3	474767	6	9
474771	4	74892	6	10
474775	2	474774	1	3
474776	5	74893	6	11
474785	2	474784	2	4
474791	2	474790	1	3
474795	5	474794	10	15
474806	4	474805	4	8
474810	3	474809	6	9
474818	1	474817	4	5
474829	2	474828	5	7
474837	3	474836	2	5
474847	5	474846	2	7
474849	3	474848	1	4
474856	4	474855	4	8
474858	11	474857	5	16
474873	28	474872	11	39
474878	2	852515	31	33
474879	6	74973	8	14
474882	6	474881	7	13
474889	5	852521	7	12
474891	5	474890	14	19
474905	14	474904	14	28
474916	7	474915	24	31
474919	7	474918	6	13
474932	9	474931	10	19
474937	6	474936	6	12
474945	1	474944	1	2
474949	3	474948	3	6
474959	1	75026	1	2
474969	5	474968	4	9
474984	9	474983	4	13
475003	7	475002	3	10
475005	14	475004	4	18
475008	4	475007	9	13
475009	2	75043	9	11
475014	10	475013	8	18
475016	8	475015	3	11
475020	4	475019	5	9
475022	1	475021	1	2
475029	10	475028	5	15
475033	6	475032	14	20
475038	15	475037	12	27
475047	1	475046	3	4
475054	7	475053	4	11
475059	14	475058	6	20
475068	18	475067	3	21
475070	3	75057	7	10
475096	5	475095	6	11
475099	6	475098	7	13
475101	19	475100	6	25
475103	10	475102	4	14
475109	4	475108	5	9
475121	3	475120	37	40
475128	2	475127	4	6
475129	7	307559	4	11
475141	4	75085	4	8
475146	4	475145	4	8
475148	2	475147	7	9
475155	16	475154	15	31
475160	5	75098	8	13
475162	10	475161	7	17
475164	10	475163	7	17
475183	13	475182	6	19
475185	6	475184	30	36
475191	13	475190	4	17
475192	8	75106	1	9
475202	19	475201	5	24
475213	1	475212	5	6
475233	6	475232	13	19
475235	8	852674	3	11
475242	5	475241	11	16
475252	3	475251	4	7
475254	8	475253	4	12
475258	12	475257	2	14
475261	8	475260	4	12
475271	6	475270	6	12
475280	12	475279	5	17
475305	11	475304	9	20
475308	6	475307	4	10
475310	11	475309	11	22
475317	6	475316	8	14
475320	11	475319	11	22
475324	23	75181	4	27
475326	3	475325	9	12
475329	1	475328	7	8
475331	9	475330	6	15
475347	7	475346	8	15
475350	11	475349	15	26
475365	13	852725	6	19
475379	5	475378	10	15
475382	17	475381	14	31
475386	9	475385	6	15
475388	5	475387	10	15
475405	17	475404	2	19
475406	8	75261	12	20
475414	13	475413	9	22
475457	8	475456	10	18
475461	4	475460	10	14
475463	9	475462	5	14
475467	3	475466	9	12
475470	3	475469	9	12
475472	9	475471	9	18
475475	16	475474	8	24
475478	5	75322	5	10
475480	7	75327	4	11
475484	8	475483	16	24
475486	8	475485	15	23
475498	7	475497	11	18
475506	10	475505	12	22
475509	13	475508	13	26
475511	3	475510	19	22
475516	9	475515	20	29
475525	11	475524	10	21
475543	9	307632	7	16
475560	6	475559	12	18
475570	12	475569	9	21
475580	8	475579	2	10
475583	12	475582	7	19
475586	13	475585	17	30
475587	19	75380	9	28
475589	9	475588	7	16
475590	13	75383	7	20
475593	6	475592	8	14
475596	4	75385	2	6
475609	3	475608	4	7
475613	10	475612	9	19
475624	10	475623	7	17
475626	8	475625	11	19
475650	4	475649	11	15
475665	9	475664	4	13
475692	6	475691	1	7
475694	4	75431	2	6
475696	13	475695	3	16
475706	4	475705	3	7
475709	19	475708	7	26
475711	5	475710	5	10
475729	7	475728	15	22
475735	3	475734	26	29
475754	8	475753	4	12
475757	8	475756	2	10
475761	7	475760	2	9
475766	7	475765	2	9
475770	5	475769	2	7
475776	5	475775	10	15
475778	1	475777	2	3
475781	5	475780	1	6
475787	2	475786	5	7
475798	4	475797	6	10
475802	14	475801	8	22
475806	4	475805	5	9
475811	3	475810	1	4
475813	7	475812	2	9
475821	5	475820	6	11
475829	9	475828	12	21
475834	4	475833	5	9
475838	1	475837	3	4
475840	1	852908	5	6
475842	2	475841	1	3
475844	1	475843	1	2
475846	1	475845	3	4
475848	2	475847	6	8
475852	5	475851	5	10
475856	3	475855	4	7
475860	3	475859	5	8
475871	12	475870	8	20
475874	6	475873	6	12
475890	5	475889	13	18
475891	6	75525	4	10
475912	4	475911	2	6
475917	2	475916	1	3
475919	2	475918	4	6
475923	1	475922	4	5
475932	7	475931	1	8
475934	7	475933	7	14
475943	5	75541	5	10
475945	3	475944	8	11
475957	5	475956	3	8
475959	2	475958	1	3
475974	3	475973	2	5
475995	8	475994	6	14
475997	12	475996	13	25
476000	3	475999	6	9
476009	2	476008	4	6
476018	3	476017	13	16
476024	6	476023	1	7
476030	4	476029	2	6
476032	4	476031	2	6
476042	7	476041	5	12
476052	2	476051	9	11
476053	4	75618	7	11
476059	9	476058	5	14
476073	1	75628	1	2
476079	3	476078	1	4
476082	15	75634	12	27
476083	4	853007	4	8
476088	4	476087	7	11
476095	7	476094	5	12
476105	4	476104	2	6
476116	7	476115	8	15
476122	5	476121	5	10
476125	4	75650	4	8
476127	5	476126	10	15
476129	1	476128	1	2
476137	5	476136	27	32
476150	12	476149	20	32
476152	5	476151	7	12
476154	12	476153	6	18
476156	2	476155	8	10
476168	1	476167	1	2
476170	5	476169	4	9
476175	6	75673	3	9
476189	3	476188	2	5
476190	2	75701	2	4
476207	7	476206	1	8
476236	4	476235	1	5
476242	9	476241	7	16
476247	6	476246	7	13
476267	14	476266	2	16
476269	7	476268	7	14
476271	6	75773	3	9
476279	4	476278	1	5
476282	1	75777	7	8
476296	2	476295	4	6
476300	5	476299	3	8
476303	23	476302	5	28
476311	2	476310	2	4
476314	7	476313	1	8
476315	2	75797	3	5
476317	6	476316	2	8
476331	9	75814	5	14
476338	4	476337	1	5
476341	2	476340	7	9
476344	7	476343	8	15
476346	4	476345	3	7
476350	2	476349	2	4
476353	14	476352	10	24
476356	6	476355	6	12
476362	3	476361	7	10
476364	12	476363	3	15
476366	3	476365	2	5
476369	4	476368	5	9
476373	7	476372	14	21
476374	1	75857	7	8
476382	7	476381	5	12
476388	9	476387	7	16
476390	7	75865	1	8
476398	3	476397	5	8
476401	7	476400	3	10
476406	7	476405	3	10
476409	3	476408	6	9
476411	3	476410	1	4
476418	11	476417	112	123
476419	3	75882	3	6
476423	3	476422	2	5
476431	2	476430	3	5
476433	1	476432	1	2
476441	3	476440	4	7
476447	1	476446	3	4
476452	1	476451	1	2
476459	1	476458	3	4
476471	3	476470	3	6
476479	1	476478	1	2
476494	5	476493	8	13
476498	5	476497	1	6
476502	13	476501	4	17
476505	8	476504	4	12
476517	5	476516	15	20
476538	5	76008	2	7
476546	6	476545	2	8
476553	2	476552	6	8
476555	3	476554	1	4
476575	4	476574	2	6
476591	4	76049	7	11
476603	2	476602	3	5
476605	8	476604	7	15
476614	4	476613	5	9
476619	5	476618	6	11
476628	8	476627	10	18
476635	6	476634	3	9
476638	10	476637	2	12
476640	1	76070	1	2
476646	4	476645	5	9
476648	6	476647	4	10
476656	5	476655	15	20
476662	2	476661	8	10
476664	4	476663	3	7
476665	6	76098	4	10
476667	9	476666	2	11
476675	6	476674	5	11
476679	7	476678	13	20
476681	6	476680	8	14
476686	8	853247	14	22
476708	3	476707	4	7
476709	7	76137	3	10
476711	4	76145	3	7
476724	6	476723	7	13
476726	10	476725	4	14
476733	2	476732	5	7
476735	6	476734	5	11
476741	16	476740	2	18
476743	5	476742	5	10
476766	4	76181	3	7
476768	3	76183	1	4
476771	4	476770	5	9
476776	2	476775	5	7
476780	4	476779	5	9
476793	4	476792	8	12
476801	3	476800	5	8
476808	10	476807	9	19
476810	1	476809	5	6
476818	12	476817	9	21
476820	1	476819	6	7
476824	9	476823	8	17
476827	2	476826	1	3
476832	9	76219	8	17
476835	5	476834	3	8
476837	6	476836	5	11
476848	2	476847	1	3
476868	10	476867	11	21
476878	3	476877	11	14
476882	8	476881	8	16
476885	23	476884	5	28
476887	2	476886	3	5
476890	18	476889	10	28
476899	4	476898	7	11
476931	8	476930	9	17
476933	2	76285	3	5
476940	4	476939	6	10
476942	4	476941	9	13
476946	2	476945	14	16
476948	9	476947	19	28
476952	9	476951	22	31
476956	8	476955	1	9
476967	7	476966	6	13
476969	13	476968	6	19
476974	6	476973	7	13
476975	7	853355	7	14
476980	11	476979	4	15
476984	2	476983	10	12
476986	11	476985	5	16
476991	7	476990	9	16
476995	4	476994	1	5
476997	9	476996	3	12
477007	7	477006	7	14
477017	1	477016	6	7
477026	4	477025	2	6
477029	4	477028	5	9
477033	6	76324	3	9
477036	7	76328	4	11
477037	2	853378	5	7
477042	2	477041	2	4
477046	7	477045	3	10
477050	7	477049	6	13
477062	8	477061	10	18
477068	3	853389	3	6
477079	3	477078	4	7
477095	1	477094	3	4
477099	5	477098	1	6
477105	3	477104	3	6
477111	5	477110	6	11
477114	7	477113	5	12
477126	7	477125	1	8
477130	3	477129	24	27
477151	6	76430	8	14
477154	5	477153	7	12
477161	7	76436	2	9
477163	3	477162	4	7
477170	2	477169	3	5
477173	3	477172	5	8
477175	10	477174	10	20
477195	2	477194	3	5
477198	2	477197	2	4
477201	4	477200	3	7
477207	5	76462	4	9
477216	12	477215	1	13
477219	4	76473	4	8
477231	2	477230	4	6
477235	7	477234	2	9
477241	3	477240	13	16
477245	6	477244	11	17
477266	14	477265	2	16
477268	2	477267	4	6
477274	8	477273	8	16
477284	21	477283	4	25
477285	15	76518	2	17
477290	1	477289	10	11
477303	7	477302	5	12
477306	3	477305	4	7
477315	6	477314	8	14
477319	5	477318	11	16
477325	6	477324	1	7
477328	1	477327	3	4
477330	12	76537	2	14
477334	7	477333	2	9
477339	5	477338	3	8
477341	8	477340	4	12
477344	6	477343	1	7
477348	3	477347	6	9
477368	2	477367	4	6
477370	3	477369	8	11
477375	3	477374	10	13
477384	36	76566	6	42
477394	5	477393	4	9
477397	3	477396	2	5
477398	7	1020005	4	11
477400	3	477399	1	4
477403	3	477402	3	6
477411	9	477410	4	13
477438	7	477437	7	14
477442	13	76591	3	16
477454	3	477453	6	9
477456	5	477455	1	6
477458	3	477457	6	9
477460	2	477459	4	6
477474	24	853560	6	30
477477	15	477476	10	25
477479	4	477478	6	10
477481	5	477480	3	8
477523	2	477522	5	7
477544	3	853585	5	8
477549	3	477548	8	11
477551	3	477550	9	12
477554	7	477553	2	9
477558	7	477557	4	11
477560	8	477559	3	11
477565	8	477564	1	9
477574	3	477573	2	5
477583	4	477582	5	9
477610	4	477609	4	8
477617	3	477616	5	8
477619	10	76654	10	20
477627	4	477626	10	14
477631	3	307936	1	4
477633	5	477632	7	12
477636	6	477635	11	17
477638	5	76669	3	8
477645	4	853615	1	5
477656	8	477655	12	20
477663	11	307942	2	13
477666	10	307944	10	20
477674	2	477673	7	9
477684	4	477683	8	12
477703	7	477702	10	17
477705	2	477704	7	9
477712	4	477711	4	8
477716	36	477715	2	38
477718	1	477717	3	4
477731	4	477730	5	9
477738	1	477737	5	6
477767	1	477766	1	2
477771	9	477770	8	17
477773	3	76723	1	4
477777	3	477776	1	4
477780	3	477779	1	4
477792	5	477791	7	12
477798	4	477797	4	8
477804	2	477803	2	4
477818	9	477817	1	10
477823	3	477822	9	12
477831	7	477830	10	17
477836	5	477835	9	14
477846	4	477845	5	9
477848	9	477847	6	15
477850	5	477849	10	15
477863	4	477862	5	9
477876	1	76749	5	6
477885	9	853704	8	17
477906	5	477905	3	8
477908	10	477907	7	17
477911	2	477910	5	7
477920	3	477919	1	4
477924	5	76770	3	8
477928	4	477927	4	8
477939	1	477938	2	3
477948	6	76786	3	9
477954	6	477953	5	11
477958	1	477957	2	3
477962	8	477961	10	18
477971	8	477970	15	23
477988	3	477987	6	9
477990	7	477989	4	11
477996	12	477995	6	18
478007	3	478006	3	6
478009	8	478008	4	12
478011	2	478010	2	4
478019	3	478018	3	6
478023	13	478022	3	16
478025	4	478024	1	5
478038	13	478037	2	15
478042	9	478041	8	17
478056	9	478055	13	22
478059	5	478058	19	24
478064	5	478063	3	8
478072	2	478071	2	4
478080	9	478079	26	35
478086	2	478085	5	7
478093	8	478092	11	19
478100	8	478099	4	12
478105	6	478104	2	8
478128	8	478127	2	10
478134	5	478133	4	9
478146	1	478145	2	3
478151	35	478150	2	37
478166	1	478165	2	3
478178	5	478177	2	7
478193	1	478192	4	5
478210	4	308002	6	10
478218	6	478217	8	14
478223	3	76901	3	6
478229	1	853837	4	5
478235	1	478234	3	4
478239	11	478238	3	14
478253	6	853844	7	13
478270	3	478269	6	9
478274	17	478273	2	19
478277	3	478276	2	5
478296	10	76919	2	12
478301	5	76922	1	6
478303	1	478302	11	12
478307	4	478306	3	7
478324	2	478323	3	5
478326	4	76926	1	5
478341	5	308008	2	7
478352	7	478351	1	8
478359	3	478358	5	8
478374	11	478373	12	23
478393	8	478392	18	26
478405	6	478404	3	9
478410	3	478409	9	12
478420	9	478419	3	12
478436	10	478435	8	18
478452	3	478451	7	10
478458	1	478457	3	4
478475	2	478474	4	6
478477	4	478476	12	16
478491	3	478490	2	5
478508	8	478507	4	12
478510	2	478509	3	5
478513	5	478512	2	7
478519	7	853950	5	12
478529	12	478528	2	14
478540	6	478539	5	11
478543	3	478542	2	5
478546	1	478545	1	2
478549	5	478548	6	11
478561	1	478560	1	2
478566	6	853967	2	8
478575	3	478574	2	5
478579	2	478578	6	8
478599	5	478598	4	9
478610	8	478609	2	10
478614	4	478613	6	10
478620	3	478619	4	7
478622	3	478621	1	4
478624	2	478623	1	3
478628	5	478627	5	10
478647	7	478646	9	16
478652	2	478651	5	7
478667	6	478666	9	15
478686	1	478685	2	3
478701	2	478700	2	4
478707	1	478706	6	7
478711	2	478710	2	4
478719	2	77075	2	4
478726	14	478725	1	15
478728	12	478727	8	20
478731	3	478730	4	7
478740	4	478739	5	9
478744	23	478743	15	38
478749	1	478748	9	10
478764	6	478763	4	10
478768	8	478767	3	11
478774	10	77108	1	11
478796	5	478795	1	6
478797	4	854078	1	5
478814	5	478813	4	9
478818	3	478817	6	9
478820	2	478819	3	5
478823	1	478822	2	3
478836	3	478835	3	6
478893	4	854127	1	5
478919	4	478918	3	7
478924	3	478923	1	4
478948	1	478947	3	4
478951	2	478950	2	4
478954	4	478953	17	21
478963	3	478962	6	9
478964	17	77192	1	18
478980	19	478979	10	29
478984	3	478983	4	7
478986	8	478985	5	13
478989	3	478988	6	9
478992	3	478991	3	6
479007	30	479006	6	36
479010	6	479009	3	9
479012	15	479011	9	24
479027	11	479026	4	15
479030	4	479029	7	11
479032	1	308123	7	8
479049	3	854196	7	10
479068	1	479067	2	3
479079	13	479078	6	19
479081	5	479080	10	15
479108	2	479107	2	4
479110	1	479109	4	5
479125	7	479124	6	13
479141	1	479140	1	2
479149	1	479148	3	4
479164	1	479163	4	5
479171	4	479170	26	30
479173	4	479172	1	5
479175	1	479174	4	5
479179	2	479178	1	3
479204	1	479203	2	3
479206	10	479205	10	20
479218	4	308146	14	18
479226	8	854252	2	10
479238	2	77367	1	3
479246	3	479245	1	4
479248	2	479247	7	9
479254	1	479253	1	2
479270	7	479269	8	15
479277	14	479276	13	27
479280	3	479279	2	5
479295	1	479294	3	4
479298	7	479297	8	15
479306	2	479305	2	4
479319	2	479318	1	3
479327	5	479326	3	8
479332	2	479331	2	4
479334	3	479333	3	6
479336	18	479335	6	24
479348	2	479347	1	3
479352	12	479351	5	17
479370	2	479369	1	3
479382	1	479381	1	2
479392	2	479391	2	4
479396	3	479395	11	14
479407	2	479406	2	4
479416	5	479415	5	10
479426	3	479425	6	9
479436	2	479435	3	5
479440	2	479439	4	6
479449	1	479448	3	4
479470	11	479469	5	16
479473	12	479472	1	13
479482	2	479481	1	3
479486	4	308190	10	14
479498	9	479497	2	11
479500	2	854342	1	3
479506	25	479505	2	27
479513	5	479512	3	8
479516	4	479515	10	14
479521	6	479520	5	11
479530	5	479529	12	17
479538	11	479537	15	26
479541	17	479540	2	19
479544	8	479543	2	10
479547	9	479546	5	14
479552	7	479551	3	10
479556	8	479555	6	14
479560	3	479559	8	11
479571	7	854367	11	18
479579	9	479578	7	16
479583	9	479582	5	14
479590	7	479589	25	32
479595	3	479594	4	7
479598	7	479597	9	16
479606	6	479605	8	14
479616	3	479615	7	10
479622	8	479621	5	13
479625	2	854384	4	6
479628	3	479627	5	8
479632	6	479631	5	11
479644	5	479643	5	10
479646	9	479645	3	12
479653	4	479652	1	5
479657	5	479656	6	11
479660	4	479659	5	9
479663	2	479662	5	7
479673	17	479672	9	26
479694	2	479693	7	9
479701	7	479700	3	10
479707	3	479706	5	8
479714	5	479713	6	11
479719	9	479718	12	21
479724	9	479723	9	18
479726	11	854409	4	15
479737	5	479736	12	17
479740	3	479739	5	8
479747	4	479746	3	7
479750	12	479749	7	19
479752	10	479751	1	11
479755	9	479754	2	11
479760	8	479759	14	22
479762	4	479761	5	9
479766	6	479765	2	8
479774	4	479773	15	19
479778	3	479777	2	5
479781	9	77533	2	11
479792	8	479791	7	15
479801	2	479800	11	13
479804	6	479803	13	19
479819	5	479818	3	8
479824	3	479823	11	14
479827	5	479826	6	11
479846	4	479845	2	6
479850	8	479849	5	13
479861	2	479860	8	10
479880	3	854473	6	9
479882	3	479881	8	11
479884	2	77564	1	3
479886	5	479885	6	11
479901	7	479900	9	16
479917	10	479916	8	18
479920	9	479919	4	13
479928	1	479927	4	5
479930	2	479929	3	5
479937	14	479936	16	30
479939	4	479938	9	13
479943	7	479942	4	11
479946	10	479945	8	18
479950	2	479949	3	5
479954	2	479953	7	9
479956	3	479955	6	9
479960	3	479959	1	4
479964	6	479963	9	15
479970	9	479969	7	16
479981	1	479980	2	3
479984	4	479983	4	8
479989	4	1020762	8	12
479998	5	479997	3	8
480000	2	479999	1	3
480007	6	480006	10	16
480009	10	480008	8	18
480020	7	480019	6	13
480026	4	480025	5	9
480033	10	854520	4	14
480038	2	480037	1	3
480055	10	480054	2	12
480059	3	480058	1	4
480064	3	480063	9	12
480080	3	480079	12	15
480091	16	854550	4	20
480104	11	480103	3	14
480107	1	480106	3	4
480176	11	480175	2	13
480182	5	480181	8	13
480189	15	480188	4	19
480194	5	480193	15	20
480207	15	480206	8	23
480209	8	480208	5	13
480215	5	480214	1	6
480224	4	480223	10	14
480233	4	77689	3	7
480241	1	480240	2	3
480248	3	480247	5	8
480258	1	308272	2	3
480268	1	480267	25	26
480269	3	77713	1	4
480275	2	480274	5	7
480286	7	480285	5	12
480294	7	480293	7	14
480297	13	480296	9	22
480300	12	480299	10	22
480304	35	480303	26	61
480311	13	77737	7	20
480314	12	480313	6	18
480321	5	480320	2	7
480323	7	480322	8	15
480325	15	480324	3	18
480333	7	77754	6	13
480342	2	854643	6	8
480347	4	480346	12	16
480351	4	480350	4	8
480358	4	480357	6	10
480361	1	480360	8	9
480365	6	77772	2	8
480373	6	480372	5	11
480376	5	480375	5	10
480378	2	480377	12	14
480380	4	77803	1	5
480390	5	480389	9	14
480395	3	480394	2	5
480398	8	480397	11	19
480400	6	480399	7	13
480403	12	480402	8	20
480410	4	480409	8	12
480414	6	480413	13	19
480437	4	480436	7	11
480441	2	77824	3	5
480443	5	480442	2	7
480447	6	480446	4	10
480451	5	480450	2	7
480454	5	480453	6	11
480461	7	480460	14	21
480471	9	480470	5	14
480477	61	480476	4	65
480487	2	480486	5	7
480491	7	480490	3	10
480499	2	77854	1	3
480500	8	77855	10	18
480502	3	480501	3	6
480508	1	480507	5	6
480512	2	480511	6	8
480517	12	480516	12	24
480522	11	480521	6	17
480527	18	480526	2	20
480535	5	480534	8	13
480538	4	480537	6	10
480543	2	480542	13	15
480545	11	308293	3	14
480547	5	480546	1	6
480550	5	480549	8	13
480552	12	480551	4	16
480559	2	480558	5	7
480561	4	480560	9	13
480563	2	480562	4	6
480571	2	854722	14	16
480581	3	480580	3	6
480588	10	480587	4	14
480590	5	480589	11	16
480599	5	480598	8	13
480603	13	480602	4	17
480605	6	480604	4	10
480625	1	480624	3	4
480629	7	480628	4	11
480633	5	480632	11	16
480637	1	854749	6	7
480639	2	480638	6	8
480641	4	77881	4	8
480646	6	480645	4	10
480648	2	480647	2	4
480656	8	480655	10	18
480660	6	480659	1	7
480662	1	480661	3	4
480664	10	480663	1	11
480668	12	480667	3	15
480671	4	480670	4	8
480673	5	480672	11	16
480676	6	1020949	1	7
480678	4	480677	2	6
480681	7	480680	2	9
480684	2	480683	3	5
480692	1	480691	8	9
480699	5	480698	3	8
480703	9	480702	3	12
480706	1	480705	7	8
480709	8	480708	5	13
480715	3	480714	4	7
480720	9	480719	5	14
480735	5	480734	4	9
480744	1	480743	6	7
480746	4	480745	4	8
480753	1	77915	6	7
480756	5	480755	4	9
480758	4	480757	12	16
480779	3	480778	2	5
480780	3	77931	10	13
480782	3	480781	2	5
480800	4	480799	2	6
480807	2	854822	15	17
480823	7	480822	6	13
480830	6	480829	7	13
480835	1	77942	3	4
480838	6	480837	2	8
480861	4	480860	3	7
480863	9	480862	9	18
480865	3	480864	3	6
480873	5	480872	3	8
480879	1	480878	5	6
480881	4	308329	1	5
480885	5	480884	6	11
480887	1	480886	3	4
480890	4	480889	4	8
480902	2	480901	4	6
480907	1	480906	6	7
480916	4	480915	1	5
480920	2	480919	4	6
480933	5	308334	2	7
480936	3	480935	7	10
480939	2	480938	3	5
480941	2	480940	6	8
480947	6	480946	6	12
480950	1	480949	2	3
480955	1	480954	2	3
480957	3	480956	3	6
480965	4	480964	1	5
480970	2	480969	3	5
480972	2	480971	4	6
480976	1	480975	2	3
480978	1	480977	2	3
480981	1	78034	9	10
480987	1	480986	2	3
481001	1	481000	5	6
481007	13	481006	4	17
481022	64	481021	1	65
481035	3	481034	5	8
481042	3	481041	3	6
481045	11	854912	4	15
481059	3	481058	6	9
481062	1	481061	3	4
481066	10	481065	5	15
481077	2	481076	1	3
481090	10	481089	5	15
481092	2	481091	1	3
481103	3	481102	5	8
481106	4	481105	1	5
481109	1	481108	5	6
481112	6	481111	4	10
481114	3	481113	3	6
481122	2	481121	1	3
481128	4	481127	4	8
481130	3	481129	3	6
481132	4	481131	1	5
481134	14	481133	2	16
481136	5	481135	2	7
481144	2	481143	13	15
481166	5	481165	3	8
481168	6	481167	2	8
481170	1	481169	2	3
481171	50	78105	1	51
481178	4	481177	8	12
481181	3	481180	9	12
481182	2	78107	1	3
481184	4	481183	1	5
481188	2	481187	1	3
481194	1	481193	3	4
481205	4	78120	4	8
481214	11	78123	3	14
481217	9	481216	2	11
481222	3	481221	9	12
481246	8	308365	10	18
481252	8	481251	16	24
481256	6	481255	9	15
481259	7	308368	10	17
481261	9	481260	7	16
481267	8	481266	4	12
481275	5	481274	8	13
481303	2	481302	2	4
481314	3	78162	3	6
481321	4	481320	3	7
481323	4	481322	11	15
481325	6	481324	3	9
481336	4	78175	4	8
481350	2	481349	5	7
481355	7	78186	8	15
481360	36	855026	3	39
481372	6	481371	5	11
481374	5	481373	3	8
481376	5	481375	5	10
481380	7	481379	6	13
481383	7	481382	7	14
481385	9	481384	5	14
481390	7	481389	3	10
481392	4	481391	5	9
481396	7	481395	9	16
481403	1	481402	8	9
481408	2	481407	11	13
481415	7	481414	11	18
481435	4	481434	7	11
481439	9	481438	11	20
481451	8	78214	8	16
481455	7	78215	5	12
481463	6	481462	7	13
481468	4	78222	3	7
481477	1	481476	4	5
481486	6	481485	3	9
481490	8	481489	9	17
481495	6	481494	2	8
481513	4	855089	2	6
481517	5	855093	6	11
481520	6	481519	5	11
481539	2	481538	1	3
481551	3	481550	4	7
481559	3	481558	12	15
481561	16	78333	12	28
481563	11	481562	12	23
481571	5	481570	4	9
481583	9	481582	3	12
481585	4	481584	2	6
481589	3	481588	3	6
481593	12	481592	16	28
481608	5	78362	3	8
481614	1	481613	1	2
481621	4	481620	1	5
481622	4	78373	3	7
481649	4	481648	8	12
481651	4	78402	2	6
481653	2	481652	3	5
481659	2	481658	6	8
481664	1	481663	4	5
481666	6	481665	6	12
481669	5	481668	4	9
481676	10	481675	8	18
481683	1	481682	4	5
481687	3	481686	3	6
481691	4	481690	1	5
481709	6	481708	3	9
481739	3	481738	5	8
481746	5	481745	1	6
481748	8	481747	2	10
481750	1	481749	2	3
481755	4	78482	4	8
481758	4	481757	3	7
481762	5	481761	3	8
481772	6	481771	3	9
481783	4	481782	6	10
481789	12	481788	6	18
481795	11	481794	7	18
481797	13	481796	5	18
481809	9	481808	8	17
481815	5	481814	4	9
481816	2	78509	2	4
481821	3	481820	1	4
481824	3	481823	6	9
481826	5	481825	4	9
481838	5	78526	1	6
481848	20	78537	6	26
481856	4	481855	6	10
481862	2	308467	13	15
481868	2	855258	3	5
481870	1	481869	3	4
481872	6	481871	6	12
481874	2	481873	1	3
481879	4	481878	10	14
481893	3	481892	1	4
481897	2	481896	1	3
481899	5	481898	3	8
481911	9	481910	2	11
481922	5	78608	7	12
481925	4	78611	3	7
481942	3	481941	4	7
481944	1	855290	2	3
481955	26	481954	5	31
481960	4	78666	2	6
481978	1	855302	1	2
481980	2	481979	1	3
481982	1	481981	3	4
481990	3	481989	3	6
482017	3	482016	2	5
482021	4	482020	13	17
482026	5	482025	1	6
482029	2	482028	7	9
482030	1	78712	7	8
482034	6	482033	8	14
482041	1	482040	3	4
482043	9	482042	2	11
482048	8	482047	7	15
482051	8	482050	3	11
482053	1	482052	4	5
482056	5	482055	1	6
482058	3	482057	7	10
482068	1	482067	4	5
482071	2	482070	4	6
482075	1	482074	6	7
482080	2	482079	3	5
482081	1	78745	2	3
482089	1	482088	6	7
482092	2	78758	1	3
482099	1	482098	4	5
482101	2	482100	1	3
482115	3	482114	1	4
482120	3	482119	3	6
482123	45	855360	1	46
482129	5	482128	1	6
482131	1	482130	2	3
482140	2	482139	6	8
482146	1	482145	1	2
482148	3	482147	3	6
482156	5	855373	7	12
482159	2	482158	1	3
482167	1	482166	3	4
482171	4	482170	2	6
482183	3	482182	1	4
482193	3	482192	1	4
482194	2	308541	1	3
482200	6	482199	3	9
482205	5	482204	2	7
482207	9	482206	2	11
482209	1	482208	3	4
482214	14	482213	17	31
482221	2	482220	2	4
482230	8	482229	3	11
482237	7	482236	2	9
482239	1	482238	2	3
482241	2	482240	1	3
482244	6	78853	1	7
482292	5	78873	3	8
482298	7	855419	1	8
482301	7	482300	6	13
482310	3	78879	2	5
482311	5	78882	4	9
482319	4	482318	4	8
482325	4	482324	2	6
482327	4	482326	5	9
482334	9	482333	6	15
482347	1	482346	9	10
482350	3	482349	11	14
482353	3	482352	5	8
482359	1	482358	1	2
482362	2	482361	1	3
482366	2	482365	2	4
482370	3	482369	5	8
482372	39	482371	6	45
482380	6	482379	5	11
482382	2	482381	3	5
482387	5	78948	2	7
482389	5	482388	5	10
482392	5	482391	3	8
482396	2	482395	1	3
482400	3	78951	2	5
482414	3	78962	3	6
482419	1	482418	12	13
482421	5	482420	5	10
482436	9	482435	1	10
482456	3	78987	3	6
482467	4	482466	1	5
482470	3	482469	7	10
482472	5	482471	1	6
482477	7	482476	4	11
482479	3	78997	1	4
482483	4	482482	3	7
482518	1	482517	1	2
482524	1	482523	2	3
482538	1	482537	1	2
482539	1	308589	2	3
482541	5	482540	2	7
482544	2	482543	5	7
482548	1	482547	4	5
482554	4	482553	4	8
482558	5	79046	1	6
482564	4	482563	1	5
482566	6	482565	3	9
482580	2	79058	4	6
482584	2	482583	3	5
482587	1	482586	1	2
482589	3	482588	4	7
482592	1	482591	1	2
482595	3	79072	3	6
482605	9	482604	2	11
482616	2	482615	8	10
482619	2	482618	1	3
482625	4	482624	2	6
482627	6	482626	5	11
482634	2	482633	4	6
482653	1	79120	3	4
482656	1	482655	3	4
482703	1	855607	1	2
482737	2	482736	1	3
482744	2	482743	2	4
482747	1	482746	2	3
482750	2	482749	3	5
482752	3	482751	5	8
482759	2	482758	6	8
482760	1	79197	1	2
482762	1	482761	5	6
482775	1	482774	2	3
482788	3	482787	5	8
482805	2	79216	1	3
482811	1	79228	3	4
482817	5	482816	1	6
482820	5	482819	2	7
482826	1	482825	4	5
482832	7	855645	7	14
482833	1	855646	2	3
482835	5	79247	3	8
482839	6	482838	9	15
482841	7	482840	3	10
482843	3	482842	5	8
482846	2	482845	1	3
482847	4	79253	1	5
482858	3	482857	2	5
482864	3	482863	5	8
482872	1	482871	7	8
482897	3	482896	2	5
482900	9	482899	3	12
482901	3	855682	9	12
482903	1	482902	3	4
482905	3	482904	6	9
482907	1	482906	2	3
482910	8	482909	1	9
482913	2	482912	4	6
482918	2	79295	5	7
482920	1	482919	2	3
482926	5	482925	7	12
482928	7	482927	5	12
482940	9	482939	1	10
482944	1	482943	4	5
482946	5	482945	4	9
482960	3	482959	6	9
482988	3	482987	4	7
482990	2	482989	2	4
482993	2	482992	3	5
482995	1	482994	6	7
482998	6	482997	9	15
483000	10	482999	4	14
483009	3	483008	2	5
483015	7	79339	16	23
483021	2	483020	4	6
483032	6	483031	7	13
483034	5	483033	9	14
483045	1	483044	3	4
483048	6	483047	5	11
483061	2	855738	2	4
483067	3	79376	5	8
483082	5	308667	21	26
483084	2	483083	5	7
483086	3	483085	6	9
483088	4	483087	4	8
483098	6	79422	5	11
483103	3	483102	1	4
483106	1	483105	2	3
483123	4	483122	3	7
483130	4	483129	6	10
483132	4	483131	4	8
483139	8	483138	1	9
483147	5	483146	4	9
483149	4	483148	3	7
483164	7	483163	4	11
483172	4	483171	4	8
483176	2	483175	10	12
483179	1	483178	9	10
483184	3	79473	4	7
483201	1	483200	2	3
483203	1	483202	2	3
483207	2	483206	1	3
483210	3	483209	3	6
483216	5	483215	2	7
483225	5	483224	4	9
483232	4	79506	2	6
483234	3	483233	4	7
483247	7	483246	3	10
483272	9	483271	1	10
483287	1	483286	2	3
483304	2	79582	3	5
483330	1	483329	2	3
483348	1	79618	2	3
483364	2	483363	2	4
483379	5	483378	4	9
483382	1	483381	7	8
483393	1	483392	6	7
483398	1	483397	2	3
483401	5	483400	6	11
483418	2	483417	3	5
483427	2	483426	2	4
483450	14	483449	2	16
483451	2	79712	2	4
483461	3	483460	2	5
483467	1	483466	2	3
483480	1	308764	2	3
483482	5	483481	1	6
483492	1	483491	1	2
483510	9	483509	3	12
483528	1	483527	2	3
483534	3	483533	14	17
483536	13	483535	1	14
483548	2	483547	2	4
483564	4	483563	2	6
483569	3	79785	4	7
483572	4	483571	9	13
483573	8	79790	1	9
483575	6	483574	3	9
483580	2	483579	1	3
483586	1	483585	3	4
483598	1	483597	2	3
483614	2	483613	2	4
483615	14	79842	11	25
483624	2	79847	1	3
483627	3	483626	1	4
483636	2	483635	1	3
483662	5	483661	9	14
483664	2	483663	4	6
483668	2	483667	2	4
483672	6	483671	30	36
483675	1	483674	5	6
483683	1	483682	1	2
483690	34	79888	6	40
483691	4	79892	5	9
483704	1	483703	7	8
483707	7	483706	5	12
483718	2	483717	2	4
483723	2	483722	2	4
483739	5	483738	1	6
483752	2	79937	1	3
483754	2	483753	4	6
483759	2	483758	1	3
483767	9	483766	4	13
483771	6	483770	5	11
483779	2	856065	1	3
483798	5	79986	4	9
483802	3	483801	1	4
483811	2	483810	5	7
483815	1	483814	2	3
483826	3	483825	4	7
483830	1	483829	1	2
483836	1	483835	2	3
483842	4	483841	1	5
483844	1	483843	3	4
483861	2	483860	6	8
483886	4	483885	3	7
483902	2	483901	1	3
483911	1	483910	4	5
483915	3	483914	3	6
483930	5	483929	1	6
483939	1	483938	2	3
483944	4	483943	2	6
483949	2	483948	5	7
483951	4	308864	1	5
483964	4	80128	2	6
483973	11	483972	5	16
483975	2	483974	3	5
483977	2	483976	14	16
483985	11	483984	10	21
483988	2	483987	6	8
483992	3	483991	3	6
483997	5	483996	2	7
484000	7	483999	1	8
484006	4	80158	3	7
484008	5	484007	3	8
484011	1	484010	1	2
484013	1	484012	2	3
484021	2	484020	1	3
484024	4	80173	1	5
484034	1	484033	6	7
484043	1	484042	1	2
484045	4	484044	3	7
484051	2	484049	2	4
484053	4	80193	1	5
484056	3	80195	1	4
484068	3	80209	1	4
484075	2	484074	15	17
484105	5	484104	12	17
484114	24	484113	2	26
484126	7	484125	3	10
484127	1	80272	3	4
484136	3	484135	2	5
484144	2	484143	1	3
484148	8	80287	3	11
484151	6	80289	5	11
484156	1	484155	2	3
484165	4	484164	7	11
484168	9	484167	2	11
484173	1	484172	7	8
484180	5	80310	2	7
484184	8	484183	2	10
484186	6	484185	4	10
484190	1	484189	2	3
484198	5	484197	1	6
484207	2	484206	2	4
484210	4	484209	5	9
484226	1	484225	6	7
484228	6	484227	1	7
484230	3	484229	1	4
484238	1	80338	2	3
484239	3	856255	3	6
484242	3	484241	3	6
484250	8	80340	3	11
484252	2	484251	3	5
484260	14	484259	2	16
484265	3	484264	1	4
484270	3	484269	3	6
484296	10	484295	1	11
484303	2	484302	1	3
484318	3	484317	5	8
484321	1	484320	3	4
484339	2	484338	1	3
484350	1	80421	1	2
484354	4	484353	2	6
484374	7	484373	2	9
484379	2	484378	2	4
484382	1	484381	1	2
484390	5	484389	2	7
484394	4	484393	1	5
484402	7	80461	2	9
484408	1	484407	3	4
484421	2	484420	2	4
484424	1	484423	2	3
484426	1	484425	5	6
484438	3	484437	16	19
484442	7	484441	5	12
484445	3	484444	9	12
484451	4	484450	4	8
484452	4	856340	4	8
484455	1	484454	8	9
484458	4	80505	1	5
484462	4	484461	1	5
484466	17	484465	49	66
484482	10	484481	3	13
484491	3	484490	1	4
484497	2	484496	8	10
484513	5	80531	3	8
484515	5	484514	2	7
484517	2	484516	2	4
484519	1	484518	1	2
484525	1	484524	5	6
484529	6	484528	3	9
484539	13	484538	8	21
484550	4	484549	5	9
484558	1	484557	2	3
484568	1	80566	2	3
484585	20	484584	5	25
484587	3	80587	2	5
484596	1	484595	1	2
484598	2	484597	5	7
484630	1	484629	2	3
484639	3	484638	6	9
484647	3	80624	4	7
484655	7	484654	7	14
484665	3	484664	7	10
484674	5	484673	9	14
484677	12	484676	10	22
484689	2	308990	4	6
484693	27	484692	2	29
484715	1	484714	5	6
484719	2	484718	5	7
484721	2	484720	1	3
484724	2	484723	3	5
484750	1	484749	21	22
484752	3	484751	2	5
484786	43	80727	4	47
484811	3	80738	1	4
484817	3	484816	1	4
484823	2	484822	1	3
484848	3	80759	1	4
484852	1	484851	7	8
484854	1	484853	3	4
484863	2	484862	1	3
484866	1	484865	3	4
484868	3	484867	4	7
484872	1	484871	1	2
484878	2	484877	1	3
484882	1	484881	2	3
484905	1	484904	2	3
484908	5	484907	2	7
484920	4	484919	2	6
484925	2	484924	2	4
484952	1	484951	2	3
484955	2	484954	4	6
484958	10	484957	5	15
484975	7	484974	7	14
484984	6	484983	3	9
484988	10	484987	3	13
484993	2	484992	4	6
484995	7	484994	12	19
485000	3	484999	4	7
485003	6	485002	5	11
485005	1	485004	2	3
485007	3	485006	5	8
485011	2	485010	1	3
485016	2	485015	1	3
485021	4	485020	2	6
485027	1	485026	1	2
485038	2	485037	7	9
485040	1	485039	2	3
485041	1	309048	1	2
485044	2	485043	2	4
485046	2	80864	1	3
485049	5	485048	4	9
485052	1	485051	1	2
485056	7	485055	3	10
485060	4	485059	2	6
485064	5	485063	3	8
485071	2	485070	2	4
485078	6	485077	3	9
485107	1	485106	3	4
485109	12	485108	5	17
485113	2	485112	21	23
485154	2	485153	2	4
485160	2	485159	1	3
485174	4	309081	3	7
485180	1	485179	1	2
485184	2	485183	1	3
485188	3	485187	2	5
485197	4	485196	1	5
485212	3	485211	4	7
485217	3	485216	1	4
485231	2	81018	2	4
485242	1	485241	1	2
485251	4	81041	4	8
485259	5	485258	6	11
485266	6	485265	7	13
485277	6	485276	4	10
485289	11	485288	6	17
485291	5	485290	5	10
485302	2	81094	5	7
485310	24	485309	16	40
485316	12	485315	4	16
485322	8	485321	4	12
485328	3	485327	5	8
485331	6	485330	8	14
485348	9	485347	2	11
485351	6	485350	8	14
485353	4	485352	4	8
485372	12	81133	7	19
485385	2	485384	2	4
485394	1	485393	2	3
485397	10	856744	9	19
485407	4	485406	16	20
485409	3	485408	3	6
485412	3	485411	3	6
485414	1	485413	6	7
485420	2	485419	3	5
485429	4	485428	1	5
485437	4	309142	1	5
485447	5	485446	3	8
485450	2	485449	20	22
485453	3	81217	8	11
485457	4	485456	2	6
485460	3	485459	2	5
485463	5	485462	2	7
485473	8	485472	6	14
485492	6	485491	2	8
485495	3	485494	5	8
485500	5	485499	6	11
485514	4	485513	2	6
485534	7	485533	5	12
485543	3	485542	6	9
485546	12	485545	8	20
485554	9	485553	8	17
485572	11	485571	15	26
485574	6	485573	8	14
485578	11	81305	5	16
485605	4	485604	6	10
485607	11	485606	12	23
485611	15	485610	7	22
485618	8	485617	8	16
485622	6	485621	5	11
485635	10	485634	9	19
485637	14	485636	9	23
485651	5	485650	3	8
485655	8	81378	6	14
485657	6	485656	5	11
485669	8	485668	10	18
485674	10	485673	11	21
485677	5	485676	9	14
485680	6	485679	9	15
485682	13	485681	7	20
485698	4	485697	6	10
485722	2	485721	5	7
485725	4	485724	2	6
485738	4	485737	6	10
485755	11	485754	4	15
485765	2	485764	2	4
485780	10	485779	3	13
485787	8	485786	10	18
485790	4	485789	12	16
485794	8	485793	4	12
485804	5	485803	10	15
485811	3	309219	3	6
485813	3	485812	3	6
485822	4	485821	2	6
485824	6	81497	1	7
485828	1	485827	1	2
485831	1	485830	2	3
485836	2	485835	1	3
485842	4	485841	6	10
485843	5	81510	3	8
485853	4	485852	4	8
485858	3	485857	6	9
485864	13	485863	7	20
485870	3	485869	3	6
485874	9	485873	8	17
485877	3	485876	2	5
485880	6	485879	4	10
485890	6	485889	5	11
485898	2	485897	14	16
485900	9	485899	13	22
485908	8	485907	6	14
485917	9	485916	2	11
485921	4	485920	4	8
485929	2	485928	1	3
485934	3	485933	2	5
485941	8	485940	6	14
485945	10	81576	8	18
485951	2	485950	4	6
485953	13	485952	4	17
485954	8	81582	7	15
485957	5	485956	3	8
485968	1	485967	2	3
485975	3	485974	5	8
485979	2	485978	5	7
485986	3	485985	4	7
485992	3	485991	1	4
485994	3	485993	4	7
486000	4	81620	5	9
486006	7	486005	7	14
486008	7	486007	9	16
486011	10	486010	15	25
486021	2	486020	1	3
486025	2	81637	5	7
486027	6	486026	7	13
486029	7	486028	4	11
486039	2	486038	6	8
486042	4	486041	6	10
486065	5	81680	5	10
486069	11	309273	4	15
486097	3	486096	3	6
486102	8	81697	3	11
486108	6	486107	3	9
486112	4	486111	2	6
486115	5	486114	1	6
486120	2	486119	1	3
486131	1	486130	1	2
486141	3	486140	1	4
486147	4	486146	9	13
486163	4	486162	1	5
486166	3	81786	2	5
486187	6	486186	2	8
486189	2	486188	3	5
486193	5	486192	8	13
486195	1	486194	1	2
486199	2	486198	1	3
486201	3	486200	4	7
486204	2	486203	15	17
486218	2	486217	3	5
486220	8	81833	4	12
486232	33	486231	3	36
486252	6	486251	4	10
486255	6	486254	2	8
486260	1	486259	4	5
486262	4	486261	9	13
486271	7	486270	4	11
486274	4	486273	3	7
486295	9	486294	3	12
486303	8	486302	9	17
486313	6	486312	7	13
486315	2	81924	3	5
486322	10	486321	9	19
486327	3	486326	4	7
486332	5	486331	2	7
486342	3	486341	4	7
486346	2	486345	4	6
486352	1	486351	1	2
486386	5	81976	2	7
486389	2	486388	3	5
486393	3	486392	14	17
486400	3	486399	3	6
486410	3	486409	3	6
486426	6	486425	2	8
486450	1	486449	3	4
486463	2	486462	2	4
486469	30	486468	2	32
486474	3	486473	1	4
486477	5	486476	5	10
486487	2	486486	2	4
486492	4	486491	2	6
486494	7	82088	1	8
486496	9	82093	4	13
486498	7	486497	12	19
486508	1	486507	4	5
486512	1	82104	1	2
486520	5	82108	7	12
486524	6	486523	6	12
486539	6	486538	6	12
486545	16	486544	5	21
486556	10	486555	3	13
486561	6	486560	4	10
486588	24	486587	10	34
486606	8	486605	2	10
486634	6	486633	10	16
486641	7	486640	8	15
486658	5	486657	7	12
486667	3	486666	3	6
486669	74	486668	7	81
486672	3	82222	2	5
486674	2	486673	3	5
486678	8	486677	1	9
486683	3	486682	8	11
486699	2	486698	5	7
486702	2	486701	4	6
486726	4	486725	1	5
486734	7	486733	2	9
486746	8	486745	4	12
486758	3	486757	1	4
486775	9	486774	1	10
486779	7	486778	6	13
486780	4	82354	1	5
486796	4	486795	3	7
486802	5	486801	6	11
486812	2	486811	3	5
486838	4	486837	11	15
486840	4	486839	2	6
486871	1	486870	3	4
486895	6	486894	7	13
486900	2	486899	1	3
486909	1	486908	1	2
486911	2	486910	2	4
486914	4	486913	1	5
486919	2	486918	1	3
486922	1	486921	2	3
486940	1	82496	4	5
486948	4	486947	4	8
486952	1	486951	2	3
486954	3	486953	2	5
486960	7	82526	11	18
486965	5	486964	2	7
486972	1	486971	1	2
486975	4	486974	5	9
486978	2	486977	3	5
486981	5	486980	4	9
486983	5	486982	14	19
486985	4	309476	10	14
486989	5	486988	6	11
486991	4	486990	6	10
486998	3	486997	10	13
487004	5	487003	8	13
487007	1	487006	4	5
487011	5	487010	2	7
487012	4	82563	1	5
487015	3	487014	3	6
487039	4	487038	1	5
487047	1	487046	1	2
487051	3	487050	5	8
487053	8	487052	13	21
487063	1	857398	3	4
487077	7	487076	2	9
487083	4	487082	10	14
487091	42	487090	15	57
487092	20	82588	14	34
487097	2	487096	9	11
487101	2	487100	9	11
487107	8	487106	8	16
487118	3	82605	7	10
487120	20	487119	10	30
487123	3	487122	2	5
487132	14	487131	5	19
487134	3	487133	4	7
487144	7	487143	1	8
487150	1	487149	3	4
487177	2	487176	3	5
487201	12	487200	14	26
487214	6	487213	2	8
487230	3	487229	3	6
487235	12	309535	3	15
487269	12	487268	2	14
487312	2	487311	2	4
487316	1	487315	5	6
487348	8	309568	17	25
487405	1	487404	3	4
487409	15	487408	19	34
487413	12	1023032	4	16
487541	6	487540	5	11
487556	1	487555	4	5
487568	1	487567	2	3
487574	73	487573	2	75
487597	1	487596	1	2
487686	6	487685	5	11
487688	7	487687	18	25
487757	2	487756	2	4
487763	4	857843	1	5
487793	14	857856	14	28
487794	5	82972	1	6
487795	1	82974	1	2
487797	3	309657	2	5
487860	2	487859	1	3
487872	3	487871	4	7
487875	2	487874	2	4
487877	1	487876	1	2
487886	1	487885	3	4
487892	9	487891	29	38
487896	8	487895	5	13
487899	5	487898	4	9
487928	2	487927	1	3
487932	4	487931	5	9
487934	3	487933	3	6
487954	2	487953	3	5
487955	5	309682	5	10
487967	11	487966	6	17
487985	5	487984	12	17
488033	8	488032	1	9
488034	3	83067	4	7
488054	3	488053	5	8
488058	5	488057	4	9
488063	3	488062	1	4
488072	3	488071	4	7
488084	2	488083	3	5
488098	4	488097	3	7
488107	3	83137	2	5
488122	7	488121	5	12
488134	2	83168	1	3
488136	10	488135	3	13
488139	2	488138	3	5
488141	1	488140	9	10
488145	4	488144	4	8
488147	1	488146	2	3
488149	13	488148	7	20
488160	4	488159	6	10
488169	1	488168	3	4
488171	18	488170	16	34
488176	13	488175	3	16
488185	1	488184	2	3
488188	5	83196	5	10
488215	8	488214	3	11
488244	5	488243	18	23
488257	7	488256	6	13
488271	2	488270	11	13
488273	3	488272	8	11
488282	6	488281	8	14
488294	11	488293	5	16
488360	4	488359	6	10
488386	6	488385	1	7
488446	7	488445	2	9
488459	9	488458	6	15
488461	2	488460	9	11
488567	20	488566	24	44
488578	15	488577	17	32
488641	3	488640	2	5
488644	1	488643	2	3
488647	2	488646	1	3
488651	4	488650	1	5
488653	4	488652	4	8
488664	18	488663	2	20
488683	2	488682	10	12
488687	6	488686	9	15
488689	10	488688	6	16
488729	5	488728	2	7
488736	2	488735	7	9
488745	71	488744	6	77
488757	2	488756	3	5
488759	5	488758	5	10
488771	3	488770	9	12
488783	18	488782	8	26
488807	10	488806	5	15
488826	2	1023545	5	7
488838	3	488837	5	8
488850	2	309891	4	6
488862	11	309892	18	29
488911	11	488910	9	20
488926	5	488925	7	12
488936	4	488935	5	9
488939	8	488938	5	13
489010	7	309906	9	16
489037	6	83432	8	14
489075	9	489074	36	45
489107	4	489106	3	7
489124	17	489123	21	38
489135	5	489134	7	12
489181	11	489180	10	21
489193	10	489192	4	14
489282	10	489281	29	39
489284	17	489283	15	32
489340	5	489339	6	11
489349	4	489348	2	6
489352	3	489351	17	20
489354	3	858664	6	9
489356	4	489355	1	5
489376	2	489375	3	5
489393	4	489392	2	6
489417	8	489416	3	11
489420	6	489419	8	14
489425	4	489424	4	8
489581	7	489580	13	20
489587	8	489586	4	12
489589	2	489588	10	12
489593	6	489592	11	17
489607	3	489606	8	11
489610	7	489609	12	19
489631	12	489630	4	16
489658	11	489657	7	18
489667	10	489666	7	17
489672	7	489671	2	9
489684	3	489683	6	9
489686	3	489685	7	10
489688	5	489687	1	6
489691	7	489690	6	13
489696	2	489695	2	4
489729	5	489728	8	13
489733	4	489732	9	13
489735	4	489734	5	9
489738	3	489737	3	6
489741	2	83710	12	14
489791	6	489790	12	18
489845	2	489844	5	7
489849	7	489848	4	11
489876	6	489875	13	19
489882	16	489881	9	25
489903	10	489902	15	25
489924	17	489923	5	22
490028	30	490027	8	38
490031	10	490030	6	16
490072	2	490071	5	7
490104	3	490103	3	6
490111	1	490110	2	3
490146	6	490145	2	8
490178	3	490177	3	6
490182	6	490181	5	11
490198	4	490197	14	18
490200	3	490199	2	5
490206	1	490205	3	4
490220	6	490219	18	24
490230	4	490229	23	27
490263	5	83831	5	10
490270	6	490269	6	12
490273	12	490272	10	22
490281	4	490280	4	8
490291	4	490290	1	5
490317	17	490316	21	38
490331	3	490330	2	5
490363	6	490362	24	30
490384	16	490383	14	30
490396	14	490395	1	15
490435	1	490434	4	5
490443	4	490442	30	34
490448	7	490447	7	14
490461	12	83890	14	26
490505	1	490504	3	4
490556	14	310175	1	15
490559	2	310176	1	3
490593	15	490592	8	23
490659	10	490658	2	12
490728	15	859433	11	26
490733	8	490732	16	24
490812	12	490811	11	23
490866	7	84051	6	13
490913	1	490912	4	5
490918	3	490917	13	16
490933	7	490932	4	11
490973	4	490972	6	10
490975	5	490974	1	6
490985	13	490984	5	18
490987	7	490986	7	14
490991	5	490990	9	14
490994	3	490993	11	14
490995	33	84076	4	37
491001	8	491000	1	9
491007	3	491006	2	5
491015	5	491014	5	10
491017	5	491016	5	10
491023	8	491022	11	19
491033	8	491032	18	26
491088	10	491087	14	24
491122	5	491121	2	7
491156	7	84143	13	20
491173	1	491172	5	6
491176	8	491175	6	14
491228	10	491227	9	19
491249	8	491248	9	17
491260	3	491259	10	13
491270	13	859694	8	21
491302	4	491301	13	17
491324	36	491323	32	68
491327	3	84206	6	9
491378	9	491377	7	16
491382	1	491381	2	3
491384	1	491383	3	4
491390	2	491389	7	9
491394	3	491393	2	5
491448	6	491447	4	10
491452	4	491451	6	10
491455	4	84238	11	15
491485	12	491484	9	21
491553	9	491552	7	16
491634	4	491633	10	14
491636	6	491635	7	13
491639	7	491638	1	8
491641	1	491640	2	3
491644	8	491643	3	11
491655	7	491654	12	19
491674	5	491673	2	7
491706	6	491705	8	14
491729	3	310337	71	74
491732	1	491731	5	6
491747	3	491746	3	6
491749	3	491748	4	7
491754	3	491753	3	6
491785	6	491784	6	12
491808	9	859981	7	16
491814	12	491813	19	31
491875	5	491874	1	6
491904	6	491903	12	18
491927	7	491926	10	17
492012	1	492011	1	2
492014	5	492013	7	12
492018	13	860082	12	25
492023	5	492022	8	13
492026	4	84389	5	9
492072	4	492071	3	7
492078	7	84406	1	8
492111	13	492110	1	14
492159	1	492158	19	20
492161	3	492160	2	5
492170	3	492169	4	7
492186	12	310401	8	20
492266	9	492265	6	15
492297	14	492296	3	17
492308	1	492307	1	2
492315	3	492314	1	4
492317	3	492316	3	6
492322	19	492321	7	26
492384	5	492383	1	6
492388	4	492387	10	14
492409	20	492408	11	31
492481	5	860337	7	12
492544	29	492543	9	38
492649	8	492648	14	22
492654	11	492653	14	25
492656	16	492655	10	26
492663	14	492662	5	19
492678	3	492677	11	14
492719	12	492718	11	23
492727	5	492726	13	18
492730	4	492729	4	8
492732	5	492731	4	9
492734	19	492733	1	20
492744	2	492743	4	6
492776	10	492775	8	18
492779	15	492778	6	21
492786	12	84654	1	13
492788	9	492787	4	13
492810	4	492809	11	15
492812	4	492811	2	6
492852	10	492851	2	12
492856	4	492855	6	10
492864	11	492863	4	15
492868	11	492867	7	18
492891	5	492890	7	12
492964	23	492963	25	48
493033	5	493032	3	8
493042	4	493041	98	102
493060	17	493059	7	24
493062	9	493061	9	18
493091	3	860657	9	12
493153	9	493152	4	13
493160	3	84730	23	26
493168	3	493167	2	5
493170	7	493169	7	14
493173	5	493172	3	8
493175	1	493174	11	12
493202	1	493201	9	10
493214	2	493213	1	3
493216	7	493215	10	17
493253	65	493252	9	74
493292	7	493291	6	13
493296	5	493295	3	8
493298	4	493297	3	7
493303	10	493302	11	21
493318	1	493317	5	6
493328	7	493327	7	14
493343	5	493342	9	14
493345	6	493344	4	10
493374	7	493373	2	9
493380	17	493379	3	20
493386	8	84789	3	11
493435	7	493434	10	17
493465	1	493464	10	11
493472	2	493471	6	8
493478	3	493477	5	8
493482	1	493481	2	3
493501	6	493500	4	10
493516	2	310609	1	3
493561	2	493560	8	10
493594	31	493593	5	36
493597	9	493596	3	12
493702	23	493701	4	27
493705	4	493704	1	5
493746	2	493745	1	3
493774	8	493773	3	11
493802	2	84942	12	14
493821	6	493820	2	8
493884	5	493883	8	13
493894	12	493893	8	20
493913	6	493912	1	7
493922	4	493921	5	9
493924	7	493923	3	10
493961	8	493960	6	14
493967	11	493966	4	15
494076	8	861200	8	16
494100	19	310712	19	38
494104	6	494103	9	15
494119	5	494118	11	16
494125	6	494124	12	18
494148	8	85097	2	10
494229	2	494228	4	6
494245	11	494244	6	17
494264	4	494263	17	21
494300	7	494299	8	15
494311	6	494310	12	18
494413	2	494412	33	35
494419	1	494418	5	6
494422	2	85171	1	3
494446	8	494445	8	16
494477	10	310751	16	26
494491	5	494490	9	14
494501	7	494500	12	19
494509	11	494508	6	17
494541	4	494540	8	12
494544	7	494543	1	8
494571	6	494570	6	12
494576	7	494575	13	20
494584	4	494583	8	12
494586	6	494585	3	9
494593	6	494592	5	11
494595	6	494594	33	39
494605	4	494604	3	7
494630	3	494629	7	10
494631	20	85233	4	24
494647	7	310768	12	19
494668	4	494667	14	18
494680	4	494679	1	5
494702	12	494701	14	26
494710	9	861521	13	22
494721	15	861527	3	18
494754	4	494753	6	10
494771	4	494770	2	6
494773	1	494772	13	14
494780	12	494779	9	21
494787	24	85284	17	41
494794	5	494793	4	9
494802	16	861567	3	19
494812	8	85291	3	11
494817	2	494816	7	9
494819	6	494818	34	40
494831	4	494830	12	16
494833	10	494832	7	17
494837	4	85295	7	11
494888	34	494887	17	51
494897	3	494896	5	8
494942	6	494941	1	7
494946	2	494945	2	4
494948	19	1025909	14	33
494973	4	85331	1	5
494979	1	494978	8	9
495005	10	495004	3	13
495078	6	495077	8	14
495096	4	495095	10	14
495098	8	495097	2	10
495104	6	495103	5	11
495105	4	861701	6	10
495130	15	495129	5	20
495137	4	495136	1	5
495151	10	495150	12	22
495155	5	495154	4	9
495159	5	495158	7	12
495164	10	495163	6	16
495169	3	495168	15	18
495181	4	495180	9	13
495210	14	495209	8	22
495219	2	495218	6	8
495221	8	495220	3	11
495285	3	495284	12	15
495306	2	495305	1	3
495321	13	495320	9	22
495339	4	495338	12	16
495351	2	495350	1	3
495368	7	495367	2	9
495370	6	495369	3	9
495373	3	495372	7	10
495374	5	861857	3	8
495379	6	495378	6	12
495398	3	85453	36	39
495400	2	495399	19	21
495436	26	495435	1	27
495447	1	495446	6	7
495506	4	861938	13	17
495510	2	495509	5	7
495515	2	495514	5	7
495544	3	495543	3	6
495545	2	310891	5	7
495674	15	495673	2	17
495690	3	495689	3	6
495693	1	495692	1	2
495710	4	495709	12	16
495757	4	495756	3	7
495778	6	495777	8	14
495790	18	495789	7	25
495796	4	495795	5	9
495843	3	495842	6	9
495845	2	495844	9	11
495852	9	495851	3	12
495888	16	495887	11	27
495890	7	495889	11	18
495892	8	495891	9	17
495924	4	495923	3	7
495928	3	495927	3	6
495930	8	495929	5	13
495933	10	495932	16	26
495946	6	495945	6	12
495952	22	495951	6	28
496039	3	496038	2	5
496047	5	496046	2	7
496086	6	310989	5	11
496137	15	862259	9	24
496152	7	496151	6	13
496168	20	496167	1	21
496257	3	311015	4	7
496273	3	496272	1	4
496274	5	862352	3	8
496287	3	862357	3	6
496300	5	496299	2	7
496315	6	496314	5	11
496318	13	862372	7	20
496328	10	496327	5	15
496337	16	496336	7	23
496363	1	496362	3	4
496416	2	496415	1	3
496421	1	311041	2	3
496430	5	496429	12	17
496440	12	311045	6	18
496457	18	496456	22	40
496504	5	496503	8	13
496511	7	496510	4	11
496518	12	1026544	1	13
496523	22	496522	22	44
496532	6	496531	8	14
496534	1	496533	4	5
496541	14	496540	7	21
496559	23	496558	16	39
496562	7	496561	3	10
496565	7	496564	3	10
496568	3	496567	10	13
496580	2	862493	4	6
496603	7	496602	3	10
496610	4	496609	29	33
496638	48	85874	12	60
496668	4	496667	2	6
496728	13	496727	11	24
496732	1	496731	4	5
496743	3	496742	1	4
496796	11	496795	11	22
496799	4	496798	4	8
496806	4	496805	2	6
496811	5	496810	2	7
496852	8	496851	6	14
496892	14	496891	18	32
496900	3	496899	1	4
497025	21	497024	14	35
497065	13	497064	25	38
497068	3	862710	10	13
497091	3	497090	1	4
497105	1	86008	2	3
497107	4	497106	5	9
497121	4	497120	8	12
497124	15	497123	3	18
497190	11	497189	5	16
497227	7	1026823	2	9
497232	32	497231	7	39
497234	6	497233	8	14
497242	15	497241	16	31
497296	6	497295	8	14
497298	8	497297	6	14
497301	17	497300	5	22
497309	1	497308	1	2
497357	21	497356	35	56
497386	6	497385	1	7
497416	67	497415	19	86
497441	4	86095	6	10
497449	4	497448	13	17
497476	71	497475	14	85
497480	1	86105	2	3
497483	2	497482	5	7
497485	2	497484	2	4
497487	3	497486	3	6
497500	1	497499	3	4
497508	9	497507	17	26
497520	4	497519	11	15
497550	4	497549	1	5
497615	2	497614	2	4
497624	3	497623	6	9
497643	1	86169	4	5
497658	1	497657	3	4
497683	4	497682	16	20
497756	4	497755	7	11
497764	19	497763	2	21
497771	7	863070	5	12
497805	7	497804	1	8
497825	2	497824	4	6
497839	5	497838	3	8
497878	4	497877	1	5
497906	5	497905	1	6
497911	15	497910	22	37
497914	14	497913	16	30
497960	27	86324	20	47
497995	2	497994	1	3
497997	1	497996	1	2
497999	3	497998	10	13
498005	11	498004	4	15
498013	5	498012	7	12
498022	8	498021	3	11
498024	9	311338	6	15
498032	2	498031	2	4
498037	2	498036	1	3
498046	10	498045	4	14
498050	6	498049	10	16
498061	13	86359	2	15
498083	6	311345	12	18
498089	5	86371	5	10
498168	8	498167	2	10
498196	7	498195	4	11
498208	6	86414	6	12
498241	18	498240	8	26
498302	10	498301	5	15
498310	6	498309	1	7
498322	3	311390	7	10
498370	4	86472	1	5
498372	8	498371	9	17
498374	9	498373	7	16
498377	3	86476	2	5
498428	5	498427	7	12
498454	4	498453	6	10
498456	2	498455	3	5
498478	3	498477	2	5
498499	5	498498	8	13
498516	2	498515	6	8
498525	6	498524	5	11
498535	2	86540	18	20
498569	8	498568	11	19
498622	19	498621	2	21
498625	7	498624	7	14
498629	10	498628	4	14
498657	14	498656	15	29
498661	9	498660	5	14
498683	3	498682	5	8
498690	3	498689	5	8
498744	5	498743	12	17
498759	2	498758	3	5
498786	3	498785	2	5
498844	2	498843	1	3
498848	5	498847	10	15
498871	4	498870	10	14
498872	5	86663	4	9
498881	1	498880	2	3
498883	4	498882	4	8
498884	3	86669	1	4
498938	5	498937	5	10
498946	2	498945	4	6
498968	3	498967	5	8
499009	9	499008	6	15
499011	12	499010	8	20
499042	4	499041	12	16
499054	18	499053	19	37
499067	9	311520	2	11
499077	9	499076	11	20
499160	3	499159	31	34
499162	1	499161	1	2
499197	11	86781	3	14
499204	5	499203	10	15
499214	2	499213	1	3
499266	6	499265	4	10
499334	2	499333	8	10
499350	15	499349	9	24
499355	3	864008	1	4
499426	8	499425	9	17
499440	4	499439	7	11
499474	5	499473	8	13
499501	12	499500	4	16
499507	5	499506	5	10
499512	2	499511	10	12
499517	6	499516	3	9
499652	3	499651	3	6
499674	12	499673	7	19
499696	1	499695	2	3
499701	7	499700	3	10
499714	19	499713	27	46
499718	8	499717	2	10
499933	4	499932	2	6
500199	3	500198	5	8
500212	10	500211	5	15
500220	2	500219	2	4
500243	14	500242	11	25
500246	1	500245	5	6
500312	13	500311	20	33
500314	1	500313	14	15
500332	12	864568	15	27
500340	2	87099	11	13
500385	11	500384	11	22
500432	2	500431	3	5
500458	19	500457	6	25
500482	5	500481	6	11
500486	21	500485	21	42
500545	2	500544	1	3
500574	10	500573	9	19
500593	6	87153	9	15
500609	2	500608	1	3
500628	13	311757	13	26
500636	2	500635	4	6
500638	12	500637	9	21
500640	4	500639	5	9
500650	5	500649	12	17
500654	2	500653	13	15
500663	11	500662	8	19
500670	13	311774	2	15
500677	5	500676	3	8
500699	4	500698	1	5
500707	1	500706	1	2
500716	2	500715	1	3
500719	1	87207	3	4
500731	3	87213	2	5
500732	6	311782	2	8
500734	7	500733	2	9
500736	3	500735	1	4
500737	3	311783	1	4
500740	122	500739	4	126
500744	3	500743	1	4
500747	2	500746	4	6
500753	1	500752	1	2
500799	3	500798	10	13
500806	8	500805	8	16
500842	2	500841	15	17
500857	9	500856	6	15
500895	2	500894	35	37
500911	3	500910	7	10
500944	12	864837	2	14
500948	9	864838	4	13
500975	12	500974	8	20
500982	2	864849	4	6
500984	16	500983	2	18
501004	4	501003	1	5
501006	6	501005	3	9
501026	22	501025	22	44
501054	5	501053	7	12
501070	16	501069	14	30
501154	8	501153	5	13
501165	18	501164	25	43
501213	1	87370	4	5
501276	25	311861	12	37
501289	6	501288	1	7
501300	2	501299	1	3
501309	5	501308	5	10
501321	19	501320	5	24
501324	10	501323	10	20
501329	4	311864	3	7
501406	1	87416	10	11
501417	3	501416	8	11
501439	1	501438	1	2
501456	9	501455	15	24
501463	2	501462	1	3
501523	13	501522	6	19
501605	1	501604	1	2
501619	1	501618	3	4
501654	1	501653	5	6
501679	14	501678	3	17
501684	5	501683	9	14
501691	2	501690	9	11
501698	4	501697	4	8
501702	4	501701	2	6
501705	2	501704	6	8
501711	5	501710	6	11
501728	5	501727	6	11
501733	7	501732	12	19
501740	5	501739	10	15
501745	3	501744	2	5
501763	1	501762	1	2
501766	4	501765	2	6
501768	5	501767	13	18
501779	2	501778	9	11
501784	4	501783	4	8
501805	2	501804	6	8
501811	2	87527	1	3
501814	2	501813	3	5
501824	3	87549	2	5
501845	2	87585	6	8
501854	17	501853	8	25
501869	1	501868	8	9
501872	4	501871	2	6
501876	7	501875	5	12
501889	7	501888	16	23
501901	5	501900	10	15
501904	10	501903	9	19
501906	2	501905	14	16
501908	1	501907	5	6
501912	1	501911	11	12
501918	9	501917	4	13
501937	9	501936	10	19
501944	8	501943	6	14
501974	2	87625	2	4
502010	16	502009	10	26
502043	11	87643	8	19
502059	4	502058	4	8
502067	20	502066	13	33
502073	8	502072	2	10
502133	8	502132	1	9
502137	6	502136	4	10
502142	5	502141	2	7
502147	16	502146	4	20
502148	4	87699	2	6
502150	5	502149	4	9
502152	3	502151	3	6
502166	10	502165	3	13
502171	4	502170	5	9
502173	3	502172	104	107
502176	1	502175	1	2
502182	39	502181	29	68
502193	6	502192	40	46
502232	12	502231	4	16
502237	4	502236	3	7
502340	1	502339	3	4
502348	2	502347	4	6
502353	1	502352	1	2
502357	5	502356	6	11
502370	29	502369	2	31
502381	2	502380	5	7
502384	1	502383	1	2
502398	2	865473	6	8
502401	1	502400	1	2
502407	2	502406	1	3
502417	3	502416	1	4
502422	2	502421	7	9
502430	11	87805	5	16
502439	9	502438	1	10
502441	7	502440	10	17
502446	17	502445	10	27
502449	13	87816	12	25
502451	8	87821	2	10
502453	9	502452	7	16
502457	9	502456	9	18
502460	4	865504	6	10
502465	4	502464	3	7
502468	5	502467	2	7
502470	3	502469	3	6
502477	6	502476	8	14
502484	4	502483	6	10
502490	3	502489	12	15
502496	1	502495	6	7
502521	6	865538	17	23
502573	5	502572	5	10
502604	5	502603	8	13
502616	21	502615	1	22
502641	1	502640	2	3
502643	8	502642	5	13
502663	2	502662	5	7
502665	2	502664	2	4
502668	14	502667	9	23
502673	7	502672	3	10
502682	1	312088	2	3
502690	10	502689	2	12
502692	4	502691	12	16
502706	2	502705	4	6
502716	1	502715	3	4
502738	1	502737	30	31
502740	4	502739	3	7
502753	24	502752	11	35
502755	8	502754	11	19
502770	2	502769	1	3
502844	5	502843	8	13
502863	3	502862	1	4
502903	4	87964	1	5
502924	1	502923	4	5
502933	9	502932	10	19
502935	4	502934	7	11
502942	4	87994	2	6
502945	9	502944	9	18
502963	5	502962	7	12
502967	1	87999	2	3
503042	7	503041	2	9
503050	12	503049	6	18
503066	4	503065	9	13
503087	18	503086	3	21
503097	2	88065	5	7
503099	9	503098	5	14
503122	8	88088	3	11
503125	11	503124	11	22
503138	1	503137	3	4
503146	1	503145	4	5
503159	2	88117	3	5
503170	3	503169	9	12
503188	3	88155	4	7
503205	3	503204	52	55
503219	4	503218	10	14
503243	4	503242	10	14
503246	18	503245	5	23
503251	13	503250	19	32
503279	7	503278	9	16
503281	5	503280	4	9
503293	4	503292	10	14
503316	3	503315	14	17
503331	6	503330	4	10
503389	4	503388	6	10
503419	17	865969	3	20
503447	2	503446	5	7
503457	12	503456	2	14
503459	8	503458	1	9
503474	23	503473	5	28
503520	4	503519	1	5
503526	5	503525	3	8
503534	1	503533	54	55
503537	9	503536	6	15
503545	8	503544	5	13
503551	8	503550	4	12
503555	9	503554	4	13
503558	4	503557	6	10
503559	5	88279	7	12
503562	4	503561	2	6
503565	6	503564	4	10
503569	20	503568	3	23
503580	8	503579	9	17
503586	4	88287	4	8
503593	5	503592	4	9
503613	2	866055	4	6
503619	14	503618	24	38
503624	13	503623	14	27
503640	8	503639	4	12
503652	8	503651	5	13
503662	6	503661	1	7
503688	5	88306	2	7
503797	1	503796	1	2
503808	2	503807	1	3
503817	2	503816	37	39
503822	2	503821	1	3
503829	5	866165	2	7
503832	1	503831	3	4
503835	2	503834	1	3
503854	1	503853	2	3
503857	1	503856	2	3
503877	1	503876	1	2
503893	5	312268	11	16
503931	2	503930	15	17
503976	1	503975	2	3
503984	5	503983	1	6
503994	2	503993	9	11
503999	1	503998	1	2
504007	1	504006	6	7
504110	31	504109	4	35
504176	12	504175	3	15
504185	1	504184	4	5
504277	4	504276	9	13
504279	8	504278	5	13
504282	20	504281	8	28
504283	30	866393	26	56
504304	6	504303	1	7
504327	1	504326	1	2
504332	3	504331	8	11
504334	4	312329	1	5
504344	1	504343	3	4
504368	7	504367	2	9
504374	1	504373	5	6
504378	5	504377	2	7
504403	2	504402	1	3
504438	6	866454	4	10
504463	5	312354	3	8
504516	3	504515	2	5
504518	12	504517	6	18
504520	17	504519	3	20
504553	11	504552	8	19
504563	1	88556	1	2
504569	9	504568	1	10
504582	2	88567	4	6
504604	2	504603	3	5
504609	3	504608	4	7
504612	4	504611	9	13
504615	5	504614	4	9
504627	3	504626	6	9
504636	5	504635	12	17
504668	9	504667	15	24
504679	1	504678	13	14
504686	8	504685	2	10
504720	12	504719	6	18
504724	7	88618	8	15
504744	19	504743	7	26
504754	1	504753	6	7
504770	8	504769	14	22
504782	4	504781	5	9
504834	3	504833	1	4
504854	1	504853	4	5
504859	1	504858	6	7
504868	3	504867	12	15
504873	5	504872	2	7
504895	7	504894	6	13
504918	7	504917	38	45
504922	3	504921	2	5
504942	4	504941	6	10
504944	1	504943	6	7
504950	5	312432	5	10
504956	1	504955	2	3
504974	1	504973	17	18
504978	19	504977	11	30
504981	5	504980	5	10
504985	7	504984	8	15
504991	4	504990	12	16
504994	6	504993	12	18
505002	3	505001	5	8
505103	13	505102	20	33
505119	13	505118	7	20
505146	12	505145	2	14
505147	2	88708	6	8
505165	18	505164	13	31
505178	2	505177	7	9
505182	9	505181	6	15
505189	14	505188	6	20
505193	8	505192	9	17
505213	12	505212	20	32
505221	2	505220	8	10
505231	8	505230	1	9
505294	4	505293	3	7
505310	8	505309	6	14
505312	1	505311	4	5
505317	10	505316	12	22
505330	7	88752	1	8
505333	5	505332	18	23
505336	9	505335	13	22
505338	4	505337	3	7
505340	6	505339	6	12
505347	26	866908	23	49
505359	4	505358	5	9
505365	7	505364	2	9
505374	14	505373	13	27
505402	8	505401	3	11
505424	2	505423	2	4
505427	1	505426	5	6
505432	10	505431	6	16
505448	3	505447	3	6
505456	30	505455	8	38
505457	3	88796	4	7
505515	2	312498	3	5
505528	17	867007	23	40
505559	7	505558	6	13
505669	3	505668	1	4
505698	10	505697	9	19
505703	2	505702	6	8
505710	5	505709	14	19
505750	3	505749	2	5
505775	8	312537	4	12
505779	14	505778	16	30
505780	7	88872	2	9
505783	2	505782	5	7
505786	2	505785	7	9
505800	6	505799	4	10
505802	2	505801	3	5
505810	1	505809	1	2
505822	5	867138	2	7
505837	10	505836	5	15
505852	2	505851	4	6
505867	5	505866	1	6
505896	2	505895	3	5
505934	11	505933	9	20
505979	7	505978	5	12
505983	5	505982	8	13
505986	15	505985	3	18
505992	3	505991	3	6
506002	1	506001	4	5
506004	3	506003	3	6
506014	3	506013	3	6
506023	2	506022	1	3
506025	4	506024	3	7
506028	1	506027	1	2
506031	2	506030	5	7
506056	9	506055	10	19
506058	2	506057	1	3
506066	20	506065	24	44
506075	12	312592	7	19
506091	9	506090	2	11
506102	14	506101	5	19
506107	2	506106	1	3
506109	2	506108	1	3
506120	3	506119	1	4
506122	3	506121	2	5
506129	1	867275	7	8
506155	28	506154	4	32
506167	10	1030139	2	12
506170	14	506169	9	23
506174	21	506173	21	42
506179	12	506178	11	23
506183	5	506182	26	31
506188	1	312601	2	3
506236	13	506235	10	23
506242	3	89064	1	4
506257	3	506256	3	6
506261	2	506260	7	9
506302	1	89079	1	2
506311	7	506310	10	17
506340	4	506339	2	6
506377	10	506376	24	34
506401	12	312637	14	26
506424	13	506423	2	15
506486	1	506485	1	2
506488	1	506487	9	10
506527	8	506526	25	33
506530	21	506529	5	26
506561	3	506560	8	11
506581	2	506580	1	3
506684	1	89209	3	4
506689	3	312686	1	4
506701	2	89228	1	3
506710	2	506709	9	11
506723	1	506722	4	5
506726	2	506725	3	5
506731	1	506730	2	3
506734	4	506733	1	5
506741	7	506740	7	14
506763	3	506762	8	11
506774	2	506773	1	3
506802	4	506801	2	6
506818	3	506817	3	6
506848	1	506847	3	4
506853	2	89311	3	5
506925	51	506924	16	67
506957	4	506956	9	13
506971	8	506970	7	15
507005	5	507004	5	10
507006	2	89400	4	6
507030	2	507029	1	3
507033	3	507032	10	13
507039	2	507038	1	3
507059	3	507058	1	4
507064	3	507063	1	4
507070	6	507069	2	8
507074	3	507073	3	6
507076	2	507075	2	4
507094	2	507093	1	3
507097	1	507096	5	6
507099	3	89480	1	4
507104	2	507103	5	7
507121	2	507120	4	6
507123	3	312770	1	4
507133	2	507132	7	9
507136	1	507135	2	3
507146	1	507145	1	2
507156	4	507155	5	9
507158	3	89537	6	9
507160	2	507159	2	4
507167	5	507166	4	9
507170	3	89543	2	5
507177	8	507176	3	11
507191	2	507190	1	3
507217	2	507216	7	9
507219	6	507218	2	8
507222	2	312790	2	4
507240	1	507239	1	2
507247	2	507246	2	4
507252	3	89645	2	5
507259	1	507258	3	4
507286	1	507285	4	5
507289	1	89675	4	5
507292	1	507291	2	3
507297	3	507296	1	4
507302	4	507301	7	11
507323	9	89706	2	11
507329	13	507328	4	17
507331	4	507330	2	6
507339	5	507338	5	10
507343	1	507342	7	8
507349	4	507348	3	7
507351	4	507350	5	9
507357	6	507356	7	13
507359	4	507358	8	12
507362	8	507361	6	14
507364	2	507363	1	3
507367	7	507366	5	12
507370	7	507369	21	28
507377	6	507376	4	10
507378	4	89764	1	5
507388	3	507387	6	9
507396	8	507395	12	20
507398	4	507397	11	15
507401	5	89785	5	10
507406	4	507405	1	5
507415	6	507414	4	10
507421	4	507420	3	7
507431	6	507430	29	35
507450	10	507449	14	24
507452	2	507451	2	4
507457	3	507456	6	9
507465	4	507464	4	8
507470	4	507469	3	7
507478	5	507477	4	9
507485	6	507484	7	13
507489	10	507488	8	18
507496	4	507495	3	7
507503	3	507502	1	4
507509	1	507508	2	3
507511	3	507510	5	8
507516	9	507515	3	12
507519	2	507518	4	6
507526	10	507525	2	12
507539	1	507538	1	2
507541	4	507540	10	14
507554	4	507553	24	28
507556	1	507555	7	8
507558	9	507557	12	21
507570	2	507569	9	11
507571	6	89887	4	10
507573	29	507572	10	39
507583	10	507582	6	16
507587	4	507586	28	32
507591	15	507590	10	25
507610	8	507609	1	9
507650	3	507649	2	5
507663	1	507662	3	4
507670	5	507669	6	11
507673	2	507672	4	6
507675	2	507674	5	7
507686	7	507685	6	13
507696	5	507695	4	9
507698	3	507697	3	6
507700	1	507699	5	6
507705	2	507704	6	8
507717	10	507716	1	11
507726	5	89974	1	6
507732	5	507731	10	15
507737	6	507736	2	8
507744	3	507743	2	5
507751	6	89996	4	10
507752	5	90001	3	8
507765	1	90008	2	3
507767	1	507766	1	2
507773	3	507772	1	4
507808	1	507807	1	2
507811	1	507810	1	2
507827	2	90054	1	3
507829	2	507828	2	4
507831	7	507830	5	12
507846	2	507845	14	16
507853	1	507852	2	3
507861	2	507860	6	8
507867	2	507866	4	6
507881	21	507880	4	25
507885	2	90114	4	6
507887	3	507886	4	7
507890	10	507889	2	12
507893	4	507892	4	8
507898	5	507897	2	7
507901	6	507900	5	11
507909	4	507908	6	10
507915	6	507914	5	11
507927	5	507926	3	8
507928	5	90159	3	8
507943	4	507942	4	8
507978	1	507977	1	2
507984	12	507983	2	14
507995	11	507994	3	14
508007	3	508006	3	6
508010	3	508009	5	8
508012	5	508011	2	7
508031	4	508030	2	6
508053	2	508052	3	5
508056	7	508055	10	17
508066	3	508065	4	7
508086	4	508085	7	11
508089	3	508088	10	13
508104	2	508103	2	4
508114	4	508113	7	11
508118	5	508117	1	6
508134	3	508133	1	4
508137	6	508136	1	7
508139	4	508138	1	5
508148	1	508147	3	4
508180	3	508179	6	9
508184	5	508183	2	7
508216	2	508215	1	3
508231	2	90372	7	9
508235	4	508234	3	7
508239	3	508238	1	4
508286	1	508285	1	2
508299	4	508298	2	6
508318	3	90427	3	6
508346	2	508345	1	3
508351	4	508350	3	7
508361	2	508360	1	3
508384	1	508383	2	3
508391	1	508390	2	3
508396	1	508395	2	3
508405	4	508404	7	11
508426	1	508425	1	2
508431	1	508430	1	2
508441	1	508440	3	4
508445	2	90536	4	6
508469	4	508468	13	17
508471	10	508470	8	18
508478	4	508477	2	6
508482	5	508481	4	9
508504	20	508503	13	33
508514	9	508513	2	11
508522	5	508521	7	12
508525	10	508524	3	13
508532	1	508531	9	10
508537	4	508536	12	16
508544	3	90611	2	5
508552	5	508551	7	12
508562	3	508561	2	5
508564	3	868255	6	9
508568	4	508567	7	11
508569	7	90632	4	11
508583	7	508582	2	9
508585	10	508584	5	15
508596	7	90648	1	8
508603	3	508602	3	6
508608	6	508607	5	11
508610	5	508609	2	7
508614	1	313043	3	4
508616	1	508615	2	3
508620	4	508619	3	7
508628	7	508627	5	12
508633	1	508632	1	2
508641	1	508640	4	5
508645	1	508644	3	4
508649	3	508648	10	13
508654	1	508653	1	2
508661	4	90700	4	8
508668	3	508667	5	8
508676	1	90722	5	6
508678	1	508677	3	4
508680	4	508679	1	5
508687	4	508686	10	14
508689	1	508688	7	8
508697	5	508696	4	9
508705	2	508704	6	8
508708	2	508707	6	8
508714	4	508713	6	10
508716	1	508715	3	4
508726	1	508725	3	4
508729	2	508728	5	7
508734	1	508733	4	5
508753	6	90802	4	10
508756	5	508755	6	11
508759	1	508758	4	5
508762	2	508761	2	4
508775	1	508774	1	2
508793	4	90849	6	10
508799	2	868354	1	3
508807	7	508806	7	14
508811	2	508810	8	10
508815	5	508814	9	14
508831	6	90881	4	10
508836	3	508835	2	5
508838	5	868376	1	6
508844	1	508843	2	3
508850	4	508849	6	10
508854	3	90919	4	7
508856	6	508855	2	8
508861	2	313085	1	3
508863	1	508862	2	3
508865	2	90925	4	6
508874	3	508873	3	6
508879	4	508878	3	7
508888	2	508887	1	3
508892	13	508891	5	18
508895	12	508894	1	13
508904	13	508903	11	24
508913	3	508912	1	4
508916	1	508915	4	5
508933	4	508932	1	5
508942	5	508941	4	9
508946	2	508945	2	4
508972	1	313099	4	5
508976	3	508975	13	16
508989	14	508988	17	31
509004	3	509003	1	4
509013	2	91049	1	3
509027	2	509026	1	3
509073	1	509072	1	2
509088	1	509087	1	2
509093	3	509092	2	5
509096	2	509095	1	3
509101	2	91148	3	5
509116	8	91166	1	9
509118	4	509117	5	9
509152	2	509151	2	4
509163	5	313170	8	13
509165	1	509164	1	2
509179	1	91234	3	4
509186	5	91242	1	6
509196	1	509195	1	2
509202	4	509201	4	8
509204	4	509203	5	9
509207	4	509206	5	9
509218	3	509217	2	5
509231	1	509230	1	2
509238	1	91303	2	3
509246	3	509245	2	5
509249	1	509248	3	4
509253	2	509252	1	3
509259	11	91331	3	14
509264	6	509263	4	10
509269	2	509268	19	21
509275	6	509274	25	31
509293	9	509292	13	22
509299	3	91378	7	10
509313	5	509312	10	15
509316	6	509315	6	12
509332	5	509331	9	14
509367	10	1031164	9	19
509369	20	509368	4	24
509374	8	509373	9	17
509384	10	509383	12	22
509389	10	509388	14	24
509394	4	509393	2	6
509398	3	509397	13	16
509403	9	509402	21	30
509405	7	509404	6	13
509411	10	509410	5	15
509412	3	91435	8	11
509414	6	313211	5	11
509424	6	509423	2	8
509427	11	509426	8	19
509432	13	509431	6	19
509438	2	509437	6	8
509451	21	509450	3	24
509455	2	509454	4	6
509459	3	868612	6	9
509488	9	509487	9	18
509498	7	509497	8	15
509501	4	509500	4	8
509508	1	509507	5	6
509515	1	509514	3	4
509517	4	509516	2	6
509526	1	509525	2	3
509529	1	509528	1	2
509539	5	509538	1	6
509552	3	509546	1	4
509566	2	509565	7	9
509570	10	509569	6	16
509572	11	509571	9	20
509576	3	509575	4	7
509595	4	509594	9	13
509605	3	91572	4	7
509609	4	509608	2	6
509632	5	91617	7	12
509633	11	91618	9	20
509637	8	91625	12	20
509639	8	509638	11	19
509640	17	91630	9	26
509667	6	509666	9	15
509670	4	509669	4	8
509686	5	509685	2	7
509687	8	91668	10	18
509691	6	509690	3	9
509695	13	509694	12	25
509710	2	91684	3	5
509712	9	509711	12	21
509720	13	509719	15	28
509725	4	509724	13	17
509736	6	509735	16	22
509759	16	509758	14	30
509763	2	509762	1	3
509768	2	509767	1	3
509784	5	868738	5	10
509792	1	509791	5	6
509796	2	509795	3	5
509809	2	509808	2	4
509810	2	313288	7	9
509814	5	509813	3	8
509831	7	509830	2	9
509838	9	509837	2	11
509849	2	509848	8	10
509857	1	509856	3	4
509860	1	509859	2	3
509863	1	509862	1	2
509865	8	509864	7	15
509867	2	509866	11	13
509870	12	91825	2	14
509873	1	509872	3	4
509876	1	868767	1	2
509888	1	509887	4	5
509891	1	509890	2	3
509909	1	509908	1	2
509913	6	509912	1	7
509915	2	91858	2	4
509943	1	509942	3	4
509950	1	509949	1	2
509962	45	91905	4	49
509974	7	509973	6	13
509977	5	509976	1	6
509978	5	91920	3	8
509981	1	509980	1	2
509984	3	509983	2	5
509989	3	509988	1	4
509993	17	509992	1	18
509997	4	509996	2	6
509999	3	509998	1	4
510011	2	510010	1	3
510020	4	510019	4	8
510030	1	510029	4	5
510031	4	91998	1	5
510033	5	92003	1	6
510036	2	510035	2	4
510040	1	510039	1	2
510052	4	510051	2	6
510057	1	510056	4	5
510068	1	510067	4	5
510071	2	510070	1	3
510076	4	510075	2	6
510079	1	510078	2	3
510087	1	510086	1	2
510104	5	510103	3	8
510132	1	92084	5	6
510145	3	868900	1	4
510164	3	510163	1	4
510167	1	510166	5	6
510174	2	510173	1	3
510182	1	510181	3	4
510190	1	510189	1	2
510196	4	510195	4	8
510223	4	510222	2	6
510234	1	510233	1	2
510237	1	92191	1	2
510239	2	510238	1	3
510243	1	92212	2	3
510246	2	510245	4	6
510251	1	510250	2	3
510263	1	510262	2	3
510279	3	510278	5	8
510283	4	510282	3	7
510297	3	510296	2	5
510301	6	510300	2	8
510316	4	510315	2	6
510318	2	510317	1	3
510320	3	510319	2	5
510323	6	510322	11	17
510334	9	510333	2	11
510372	1	510371	1	2
510378	5	510377	2	7
510415	1	510414	1	2
510421	3	510420	1	4
510426	4	92347	3	7
510430	4	510429	22	26
510443	3	510442	3	6
510447	1	510446	3	4
510448	1	92371	1	2
510450	7	510449	4	11
510454	1	510453	2	3
510458	5	510457	5	10
510463	5	510462	5	10
510465	10	510464	2	12
510468	1	510467	4	5
510470	4	510469	2	6
510477	1	510476	2	3
510489	5	510488	1	6
510494	7	92403	6	13
510497	3	510496	2	5
510498	1	92410	2	3
510501	5	510500	2	7
510506	1	510505	1	2
510509	3	510508	1	4
510516	2	510515	1	3
510520	3	510519	1	4
510524	4	510523	11	15
510528	1	510527	4	5
510532	2	510531	5	7
510537	1	510536	1	2
510539	2	510538	1	3
510541	4	510540	4	8
510543	2	510542	2	4
510548	4	510547	1	5
510553	2	510552	3	5
510555	3	92450	5	8
510560	7	510559	6	13
510572	2	510571	3	5
510582	3	510581	4	7
510592	3	510591	4	7
510598	2	510597	5	7
510608	2	510607	1	3
510616	1	510615	1	2
510623	3	510622	1	4
510640	3	510637	3	6
510662	1	510661	4	5
510671	4	510670	2	6
510684	2	510683	5	7
510694	7	92545	7	14
510697	2	510695	2	4
510707	4	510706	7	11
510709	2	92549	3	5
510715	2	510714	4	6
510719	23	510718	1	24
510721	3	510720	3	6
510732	1	510731	4	5
510738	1	510737	4	5
510741	7	510740	3	10
510761	3	869145	4	7
510769	11	510768	5	16
510778	1	510777	4	5
510795	1	510794	1	2
510799	3	92629	2	5
510807	7	510806	3	10
510811	1	510810	2	3
510813	3	510812	1	4
510818	1	510817	4	5
510819	4	92651	2	6
510828	1	510827	2	3
510830	5	510829	3	8
510831	3	92665	2	5
510837	2	510836	1	3
510843	1	510842	1	2
510875	7	92713	1	8
510877	5	92715	1	6
510885	3	510884	5	8
510888	3	510887	2	5
510891	4	510890	3	7
510895	2	510894	2	4
510898	6	510897	1	7
510904	1	510903	2	3
510912	2	510911	7	9
510915	6	510914	2	8
510917	4	510916	1	5
510921	2	510920	2	4
510925	2	510924	1	3
510941	2	92741	1	3
510945	3	510944	5	8
510947	1	510946	5	6
510951	8	510950	6	14
510964	5	510963	3	8
510971	3	510970	1	4
510974	4	510973	2	6
510979	2	510978	5	7
510981	3	510980	3	6
510984	14	510983	11	25
510987	7	92767	3	10
510990	6	510989	1	7
510993	1	92777	1	2
510995	2	510994	3	5
511000	3	510999	6	9
511005	2	511004	3	5
511018	6	511017	1	7
511039	8	511038	7	15
511045	8	511044	1	9
511049	5	511048	7	12
511054	2	511053	1	3
511062	3	92844	12	15
511070	1	511069	4	5
511072	6	511071	4	10
511075	4	511074	6	10
511078	4	511077	4	8
511080	2	511079	1	3
511084	2	511083	1	3
511087	9	511086	1	10
511088	1	92859	8	9
511090	4	92861	1	5
511096	5	92866	1	6
511101	6	511100	8	14
511102	6	92872	3	9
511125	3	511124	2	5
511134	2	511133	3	5
511137	5	511136	5	10
511143	3	511142	1	4
511183	4	511182	1	5
511205	1	511204	2	3
511207	3	511206	1	4
511213	2	511212	2	4
511219	4	511218	1	5
511223	4	511222	2	6
511232	3	511231	3	6
511242	5	511241	6	11
511263	1	511262	2	3
511265	3	511264	1	4
511267	2	511266	1	3
511274	2	511273	5	7
511287	6	93007	7	13
511291	1	511290	3	4
511303	2	511302	1	3
511306	2	511305	1	3
511308	3	93026	3	6
511314	1	511313	2	3
511322	4	93036	2	6
511326	4	511325	12	16
511332	3	93042	3	6
511339	1	511338	3	4
511347	2	93055	3	5
511363	3	511362	4	7
511365	6	511364	2	8
511374	3	511373	2	5
511401	5	511400	3	8
511405	2	511404	2	4
511407	6	93124	3	9
511421	4	511420	1	5
511423	6	511422	2	8
511439	3	511438	5	8
511443	7	511442	7	14
511449	5	93189	1	6
511455	27	511454	1	28
511457	1	313658	9	10
511463	4	511462	2	6
511465	2	93203	3	5
511473	1	93212	1	2
511475	2	511474	7	9
511482	4	511481	3	7
511489	2	93227	2	4
511491	12	511490	6	18
511493	9	511492	8	17
511501	4	511500	4	8
511507	2	93246	1	3
511511	2	511510	2	4
511517	2	93264	1	3
511525	3	511524	2	5
511528	1	511527	1	2
511530	5	511529	2	7
511536	2	511535	2	4
511541	1	511540	1	2
511543	4	93313	6	10
511545	5	511544	7	12
511549	2	511548	1	3
511559	4	511558	4	8
511563	1	511562	1	2
511574	2	511573	3	5
511578	1	511577	1	2
511584	2	511583	4	6
511586	7	511585	6	13
511589	1	511588	1	2
511595	1	93342	3	4
511606	1	93351	3	4
511609	3	511608	9	12
511615	4	511614	7	11
511620	2	511619	7	9
511630	1	511629	2	3
511635	4	511634	1	5
511640	3	511639	5	8
511649	3	511648	1	4
511658	2	511657	4	6
511659	1	93406	1	2
511661	1	511660	1	2
511673	1	511672	2	3
511680	1	511679	2	3
511691	1	511690	3	4
511697	7	93444	2	9
511700	7	511699	5	12
511707	7	511706	2	9
511709	6	93445	2	8
511719	4	93448	8	12
511726	3	511725	2	5
511728	6	511727	7	13
511741	6	93457	2	8
511746	4	511745	4	8
511780	5	93491	2	7
511794	9	511793	3	12
511804	1	511803	5	6
511811	2	511810	1	3
511828	2	511827	2	4
511830	2	511829	3	5
511832	4	511831	3	7
511840	6	93529	1	7
511863	1	511862	3	4
511867	2	511866	3	5
511873	4	511872	13	17
511878	2	313763	4	6
511882	2	511881	8	10
511891	1	93566	4	5
511898	2	511897	8	10
511907	6	511906	5	11
511910	2	511909	11	13
511912	3	511911	6	9
511921	2	511920	4	6
511941	2	511940	3	5
511942	9	93610	1	10
511949	1	511948	3	4
511954	3	511953	4	7
511958	3	511957	6	9
511961	1	511960	5	6
511968	2	511967	3	5
511988	3	93637	2	5
512011	5	512010	1	6
512017	42	512016	6	48
512020	16	512019	2	18
512023	5	512022	6	11
512025	2	512024	3	5
512040	4	512039	3	7
512042	5	512041	9	14
512048	1	512047	6	7
512050	11	512049	4	15
512052	7	869671	4	11
512054	8	512053	7	15
512058	1	512057	2	3
512062	5	512061	4	9
512065	2	512064	3	5
512070	2	512069	2	4
512072	9	512071	6	15
512074	2	512073	5	7
512086	6	512085	2	8
512094	7	512093	2	9
512097	3	512096	5	8
512099	2	512098	6	8
512107	4	512106	2	6
512118	4	512117	2	6
512120	14	512119	1	15
512128	3	512127	3	6
512136	3	512135	4	7
512138	1	512137	1	2
512139	2	313815	2	4
512144	5	512143	6	11
512151	1	512150	2	3
512157	3	512156	4	7
512160	3	512159	2	5
512163	3	512162	5	8
512166	6	512165	13	19
512168	2	512167	2	4
512177	7	512176	5	12
512180	5	512179	3	8
512184	2	512183	2	4
512206	7	512205	3	10
512211	3	512210	9	12
512223	1	869743	4	5
512226	5	512225	13	18
512229	2	512228	3	5
512231	5	93799	1	6
512248	3	512247	3	6
512255	10	869757	5	15
512257	2	512256	4	6
512263	5	512262	2	7
512272	2	512271	2	4
512278	1	512277	10	11
512289	3	512288	1	4
512294	3	512293	5	8
512302	11	512301	3	14
512305	5	512304	2	7
512311	8	869779	3	11
512314	5	512313	1	6
512333	1	512332	2	3
512352	1	512351	1	2
512356	15	512355	2	17
512370	2	512369	3	5
512373	8	512372	4	12
512375	2	512374	2	4
512390	1	512389	1	2
512392	2	512391	2	4
512398	3	512397	1	4
512400	2	869810	2	4
512414	1	512413	4	5
512418	4	512417	2	6
512424	1	512423	4	5
512429	1	512428	4	5
512431	3	512430	9	12
512434	2	512433	1	3
512436	2	512435	2	4
512439	2	512438	1	3
512450	3	93924	6	9
512454	1	93926	3	4
512470	3	512469	4	7
512472	1	512471	4	5
512475	6	512474	5	11
512480	1	93940	5	6
512486	4	512485	3	7
512489	4	512488	2	6
512491	24	313856	3	27
512492	1	93944	5	6
512494	3	512493	5	8
512499	3	93950	4	7
512516	7	512515	2	9
512535	3	869856	3	6
512538	39	512537	4	43
512546	7	512545	1	8
512552	6	512551	2	8
512555	2	512554	7	9
512557	5	512556	2	7
512574	1	93993	3	4
512583	4	512582	3	7
512585	4	512584	3	7
512587	3	512586	1	4
512596	3	512595	4	7
512600	5	512599	3	8
512607	3	512606	6	9
512612	7	512611	10	17
512627	6	512626	10	16
512633	4	512632	7	11
512637	1	512636	4	5
512642	2	313891	1	3
512646	2	512645	1	3
512652	2	512651	2	4
512676	2	512675	11	13
512685	1	512684	6	7
512696	2	512695	5	7
512698	2	512697	1	3
512710	2	94082	5	7
512725	1	512724	4	5
512729	8	512728	1	9
512735	5	512734	10	15
512741	3	512740	2	5
512747	4	512746	2	6
512749	3	512748	7	10
512793	2	512792	6	8
512794	5	869951	4	9
512797	2	512796	13	15
512798	8	94138	6	14
512802	4	512801	5	9
512807	1	512806	1	2
512816	3	512815	1	4
512823	1	512822	1	2
512825	1	512824	2	3
512827	2	313916	1	3
512833	4	512832	4	8
512843	1	512842	4	5
512850	3	94159	1	4
512857	4	512856	3	7
512862	12	512861	4	16
512865	3	512864	3	6
512870	2	512869	2	4
512871	13	94165	5	18
512875	2	512874	9	11
512878	6	512877	1	7
512889	3	512888	3	6
512897	3	94180	1	4
512900	6	512899	2	8
512903	1	512902	6	7
512906	12	512905	3	15
512907	7	94194	10	17
512914	1	512913	2	3
512926	14	512925	7	21
512931	1	512930	2	3
512949	10	512948	3	13
512953	2	512952	2	4
512955	2	512954	7	9
512962	4	512961	8	12
512975	4	313932	5	9
512988	6	512987	1	7
512996	6	512995	12	18
513005	8	513004	5	13
513007	4	513006	8	12
513010	9	513009	8	17
513012	22	513011	19	41
513036	12	513035	4	16
513041	7	513040	1	8
513044	1	513043	3	4
513046	12	513045	2	14
513056	4	513055	12	16
513068	3	513067	3	6
513070	3	513069	7	10
513073	5	513072	1	6
513074	2	313955	2	4
513080	1	513079	1	2
513085	6	513084	7	13
513096	4	513095	2	6
513100	3	94305	10	13
513113	6	513112	6	12
513130	4	513129	3	7
513132	2	94335	4	6
513135	4	513134	3	7
513158	9	513157	13	22
513160	8	513159	5	13
513167	9	513166	3	12
513175	11	513174	1	12
513180	4	513179	8	12
513183	5	513182	8	13
513186	5	94366	17	22
513194	9	513193	4	13
513214	6	513213	7	13
513216	9	513215	2	11
513219	4	513218	12	16
513225	6	313989	4	10
513234	3	513233	7	10
513239	7	513238	5	12
513241	5	513240	2	7
513244	4	513243	3	7
513247	4	513246	31	35
513254	5	513253	1	6
513283	5	513282	8	13
513287	7	513286	7	14
513303	3	513302	2	5
513317	3	513316	1	4
513318	2	94459	1	3
513321	3	513320	1	4
513323	3	513322	3	6
513326	2	513325	4	6
513330	8	513329	1	9
513335	4	513334	1	5
513337	6	513336	4	10
513340	3	513339	3	6
513344	8	513343	5	13
513366	4	94492	3	7
513374	4	513373	3	7
513384	2	513383	5	7
513386	4	513385	8	12
513388	2	513387	7	9
513390	4	94504	1	5
513396	1	513395	4	5
513403	3	513402	4	7
513417	1	870192	3	4
513425	1	513424	4	5
513431	10	513430	15	25
513433	3	513432	3	6
513435	6	513434	6	12
513439	6	314019	1	7
513453	3	513452	5	8
513456	2	513455	8	10
513459	7	513458	6	13
513464	6	94536	5	11
513471	10	513470	18	28
513476	2	513475	3	5
513478	1	513477	3	4
513501	8	513500	3	11
513509	6	513508	3	9
513515	3	513514	4	7
513522	1	870246	4	5
513525	8	513524	8	16
513527	3	94550	1	4
513532	4	870249	12	16
513534	8	513533	5	13
513539	3	513538	4	7
513545	2	513544	2	4
513553	4	513552	1	5
513559	4	513558	6	10
513564	2	513563	2	4
513583	1	513582	3	4
513614	7	513613	7	14
513616	5	513615	9	14
513631	2	94606	4	6
513637	10	94608	3	13
513639	4	513638	3	7
513641	7	513640	1	8
513652	2	513651	2	4
513654	4	513653	6	10
513655	6	314045	3	9
513668	12	513667	4	16
513673	4	94622	2	6
513678	8	513677	6	14
513687	3	870305	3	6
513694	2	513693	2	4
513695	5	94631	7	12
513704	5	94634	4	9
513705	13	94635	6	19
513710	5	513709	3	8
513721	9	513720	5	14
513723	7	513722	1	8
513732	2	513731	3	5
513733	15	94672	2	17
513742	2	513741	3	5
513752	11	513751	2	13
513754	5	513753	3	8
513758	1	513757	5	6
513775	7	513774	2	9
513804	4	513803	4	8
513814	8	513813	2	10
513817	4	513816	5	9
513819	15	513818	1	16
513827	4	513826	6	10
513835	4	513834	5	9
513846	3	513845	5	8
513852	2	513851	5	7
513868	2	513867	4	6
513871	6	513870	12	18
513872	17	94731	2	19
513883	12	94737	5	17
513899	4	513898	5	9
513902	7	513901	4	11
513910	5	513909	2	7
513911	8	870405	5	13
513920	4	94750	3	7
513925	1	513924	3	4
513942	2	513941	1	3
513948	5	513947	29	34
513950	4	513949	7	11
513953	3	513952	1	4
513961	6	513960	7	13
513964	5	513963	5	10
513977	1	513976	4	5
513997	2	513996	2	4
514001	6	514000	3	9
514025	7	514024	6	13
514031	5	514030	1	6
514033	3	514032	7	10
514035	6	514034	4	10
514043	1	514042	8	9
514050	2	514049	2	4
514053	3	514052	3	6
514055	7	514054	10	17
514058	4	514057	5	9
514062	4	514061	3	7
514064	4	514063	2	6
514070	1	514069	1	2
514076	7	514075	3	10
514080	2	514079	4	6
514083	4	514082	4	8
514087	5	94829	3	8
514118	5	514117	2	7
514124	4	870478	1	5
514126	2	514125	10	12
514145	3	514144	2	5
514148	2	94884	1	3
514150	8	514149	5	13
514152	4	514151	1	5
514155	4	514154	2	6
514166	3	514165	3	6
514173	8	514172	2	10
514178	8	514177	1	9
514181	1	514180	2	3
514190	6	514189	1	7
514194	3	514193	1	4
514204	5	514203	2	7
514207	3	514206	3	6
514212	4	514211	9	13
514235	13	514234	3	16
514239	10	514238	4	14
514243	7	514242	6	13
514246	5	314139	3	8
514247	3	514245	4	7
514249	4	514248	3	7
514254	5	514253	9	14
514259	6	514258	7	13
514262	3	514261	6	9
514265	4	514264	10	14
514271	15	514270	4	19
514276	8	514275	4	12
514278	22	514277	8	30
514281	3	514280	3	6
514288	7	514287	3	10
514294	4	514293	2	6
514297	9	514296	7	16
514303	5	514302	5	10
514306	24	514305	4	28
514312	9	514311	1	10
514315	4	514314	2	6
514318	1	514317	9	10
514320	5	94981	8	13
514334	7	514333	3	10
514336	5	514335	3	8
514348	1	870571	1	2
514350	4	514349	5	9
514354	5	514353	8	13
514355	7	314150	8	15
514357	5	514356	7	12
514383	6	514382	8	14
514385	3	514384	2	5
514388	3	514387	1	4
514396	5	514395	6	11
514408	2	514407	6	8
514415	5	514414	4	9
514418	3	514417	8	11
514420	1	514419	1	2
514423	2	514422	2	4
514432	5	314161	3	8
514435	1	514434	9	10
514440	6	514439	4	10
514444	5	514443	6	11
514449	8	514448	2	10
514463	5	95016	2	7
514474	4	95020	3	7
514481	6	514480	10	16
514485	2	514484	7	9
514488	1	514487	1	2
514494	4	514493	5	9
514499	1	514498	4	5
514504	2	514503	4	6
514510	5	514509	1	6
514512	1	514511	4	5
514515	7	95047	2	9
514518	6	514517	3	9
514521	5	514520	2	7
514524	3	514523	9	12
514527	10	514526	4	14
514529	1	514528	3	4
514532	6	514531	6	12
514536	3	514535	4	7
514539	8	514538	9	17
514545	6	514544	1	7
514552	4	514551	4	8
514558	3	95060	1	4
514561	19	514560	4	23
514564	9	514563	6	15
514573	13	514572	9	22
514576	12	95067	2	14
514578	6	514577	1	7
514585	10	514584	14	24
514595	3	514594	5	8
514610	3	514609	4	7
514616	4	514615	1	5
514620	7	514619	4	11
514624	6	95091	3	9
514634	10	514633	12	22
514637	5	514636	7	12
514639	1	514638	7	8
514649	4	514648	9	13
514653	10	514652	7	17
514665	7	514664	8	15
514670	6	870693	8	14
514672	8	514671	5	13
514675	3	514674	1	4
514678	5	514677	5	10
514693	4	514692	5	9
514704	6	514703	2	8
514723	6	514722	8	14
514725	2	514724	5	7
514730	9	514729	7	16
514737	2	514736	3	5
514738	7	95128	5	12
514749	6	514748	7	13
514752	10	514751	3	13
514758	3	514757	6	9
514761	2	514760	5	7
514770	5	514769	6	11
514779	14	514778	4	18
514799	5	314204	2	7
514807	12	514806	5	17
514811	4	514810	2	6
514816	6	514815	2	8
514819	3	514818	2	5
514822	8	514821	7	15
514826	27	514825	18	45
514830	17	514829	6	23
514832	6	514831	3	9
514846	4	514845	3	7
514849	6	514848	6	12
514851	2	514850	2	4
514870	5	514869	4	9
514873	6	514872	5	11
514882	8	95188	3	11
514887	5	95190	14	19
514890	2	514889	5	7
514894	3	514893	8	11
514900	9	514899	9	18
514903	9	514902	2	11
514909	3	514908	4	7
514916	1	514915	2	3
514920	9	514919	2	11
514931	5	514930	8	13
514945	6	514944	13	19
514956	4	514955	1	5
514961	5	514960	4	9
514964	8	870791	15	23
514966	5	514965	6	11
514976	22	514975	7	29
514989	5	870809	4	9
514992	1	514991	1	2
514997	4	514996	6	10
515001	2	515000	2	4
515015	118	515014	14	132
515026	3	515025	7	10
515036	15	515035	2	17
515037	1	95276	5	6
515041	1	515040	5	6
515051	4	515050	2	6
515055	8	515054	3	11
515063	7	515062	1	8
515070	6	515069	3	9
515076	14	515075	6	20
515085	59	95293	1	60
515094	3	515093	3	6
515096	4	515095	4	8
515104	4	515103	9	13
515114	8	515113	3	11
515116	1	515115	4	5
515120	2	515119	3	5
515123	2	515122	2	4
515127	8	515126	7	15
515130	2	515129	1	3
515134	1	515133	6	7
515136	9	95310	4	13
515139	4	515138	3	7
515151	1	515150	7	8
515170	4	870870	2	6
515177	3	515176	8	11
515194	13	95345	1	14
515208	6	515207	1	7
515212	4	515211	8	12
515215	12	515214	7	19
515226	8	515225	7	15
515236	4	515235	6	10
515239	7	515238	2	9
515243	9	515242	7	16
515246	11	515245	4	15
515248	16	515247	17	33
515251	1	515250	14	15
515259	10	515258	5	15
515270	5	515269	5	10
515275	5	515274	9	14
515297	7	515296	1	8
515301	14	515300	4	18
515307	6	95401	1	7
515312	11	515311	14	25
515333	2	515332	1	3
515336	12	515335	8	20
515337	8	95410	2	10
515339	6	515338	1	7
515344	3	95418	3	6
515350	3	515349	8	11
515357	2	515356	2	4
515364	2	515363	4	6
515371	2	515370	2	4
515375	3	515374	7	10
515379	1	515378	10	11
515385	6	515384	8	14
515396	2	95437	4	6
515403	10	515402	3	13
515409	3	515408	1	4
515416	6	870959	2	8
515427	5	515426	12	17
515431	3	515430	9	12
515441	7	515440	12	19
515454	4	515453	3	7
515459	4	515458	14	18
515460	4	870978	12	16
515463	9	95500	2	11
515486	6	515485	4	10
515489	3	515488	12	15
515498	3	515497	11	14
515500	5	95541	2	7
515506	1	515505	1	2
515512	7	515511	5	12
515527	8	515526	5	13
515539	19	515538	4	23
515550	3	515549	2	5
515557	27	314311	6	33
515559	10	515558	4	14
515576	3	515575	5	8
515577	11	95604	6	17
515587	3	95615	5	8
515592	3	871035	6	9
515596	8	515595	5	13
515614	17	515613	5	22
515624	6	314327	7	13
515628	3	515627	1	4
515639	10	515638	1	11
515649	6	515648	3	9
515653	2	515652	1	3
515664	2	515663	1	3
515669	8	515668	9	17
515672	13	515671	11	24
515676	6	515675	5	11
515679	5	515678	8	13
515682	2	515681	5	7
515701	9	515700	4	13
515738	17	515737	3	20
515758	8	515757	3	11
515771	4	515770	9	13
515783	4	515782	30	34
515791	8	515790	3	11
515832	4	515831	4	8
515837	12	515836	2	14
515839	5	515838	4	9
515841	12	515840	5	17
515844	4	515843	1	5
515850	12	515849	5	17
515852	10	515851	2	12
515855	6	515854	13	19
515877	2	515876	4	6
515879	3	314392	5	8
515885	9	515884	7	16
515893	11	515892	6	17
515901	3	515900	8	11
515903	8	515902	2	10
515919	1	95805	2	3
515921	3	515920	5	8
515924	2	515923	3	5
515931	16	515930	3	19
515936	2	515935	1	3
515944	4	515943	2	6
515950	7	515949	3	10
515958	10	515957	5	15
515979	8	515978	8	16
515985	15	515984	10	25
516002	22	516001	2	24
516010	2	516009	11	13
516019	6	516018	2	8
516022	3	516021	2	5
516031	5	516030	12	17
516034	4	516033	5	9
516037	3	516036	11	14
516042	3	516041	4	7
516055	7	516054	7	14
516057	9	871204	4	13
516083	5	516082	2	7
516086	5	516085	3	8
516089	1	516088	11	12
516092	6	516091	5	11
516095	4	516094	5	9
516098	5	516097	4	9
516101	1	516100	10	11
516104	6	95906	1	7
516106	4	516105	2	6
516107	4	95908	2	6
516109	8	516108	3	11
516121	9	516120	7	16
516123	13	516122	5	18
516134	8	516133	7	15
516142	5	516141	2	7
516167	3	516166	7	10
516170	8	516169	5	13
516172	3	516171	4	7
516176	1	95938	3	4
516177	5	95939	2	7
516191	4	516190	4	8
516193	6	871273	8	14
516201	6	516200	1	7
516203	1	516202	2	3
516210	9	516209	7	16
516221	14	516220	4	18
516229	4	516228	5	9
516233	5	516232	3	8
516239	7	516238	5	12
516241	9	516240	3	12
516250	8	516249	4	12
516258	4	516257	2	6
516268	3	516267	3	6
516273	1	516272	19	20
516285	6	1033360	7	13
516299	9	516298	5	14
516320	3	516319	1	4
516324	5	516323	7	12
516331	9	516330	12	21
516333	3	516332	6	9
516349	5	516348	8	13
516353	4	516352	8	12
516361	7	516360	7	14
516363	4	516362	4	8
516381	4	96049	3	7
516382	3	871371	5	8
516387	3	516386	9	12
516389	13	96054	12	25
516391	7	516390	6	13
516404	3	516403	8	11
516405	9	96065	5	14
516409	9	516408	1	10
516411	8	96069	5	13
516416	2	516415	27	29
516419	2	516418	3	5
516424	2	516423	8	10
516431	7	516430	5	12
516435	2	516434	7	9
516437	6	516436	3	9
516451	17	516450	10	27
516457	6	96104	1	7
516483	8	516482	6	14
516497	4	96127	4	8
516511	8	96150	1	9
516513	1	516512	2	3
516517	16	516516	3	19
516533	9	516532	8	17
516541	4	516540	6	10
516550	3	516549	4	7
516557	8	516556	5	13
516571	1	516570	6	7
516573	7	96201	2	9
516577	3	96202	6	9
516593	4	516592	8	12
516597	4	516596	8	12
516600	6	516599	6	12
516610	1	516609	3	4
516613	9	516612	5	14
516616	7	516615	2	9
516619	6	516618	5	11
516630	3	96219	4	7
516637	2	516636	10	12
516640	8	516639	3	11
516649	4	516648	2	6
516651	8	516650	2	10
516653	1	516652	8	9
516655	2	516654	2	4
516657	1	871471	10	11
516665	2	516664	2	4
516673	9	516672	4	13
516708	10	516707	10	20
516726	12	516725	3	15
516736	2	516735	8	10
516738	9	516737	5	14
516739	3	871502	1	4
516752	6	516751	7	13
516764	5	516763	7	12
516767	12	516766	3	15
516774	6	516773	7	13
516779	3	96279	2	5
516805	6	516804	8	14
516812	3	96316	3	6
516822	4	314541	3	7
516838	5	516837	4	9
516852	7	516851	2	9
516866	3	516865	5	8
516873	6	516872	2	8
516881	3	516880	1	4
516896	2	516895	4	6
516902	3	516901	7	10
516905	4	516904	5	9
516911	2	516910	3	5
516926	16	516925	2	18
516932	3	516931	3	6
516942	9	516941	7	16
516947	2	96355	20	22
516949	3	516948	7	10
516966	5	516964	16	21
516968	3	516967	3	6
516976	5	96372	2	7
516986	8	516985	4	12
516988	10	516987	9	19
516993	10	516992	12	22
517011	13	517010	3	16
517023	7	517022	3	10
517045	2	96394	5	7
517055	5	517054	12	17
517060	2	517059	3	5
517064	5	96414	5	10
517066	9	96418	5	14
517068	6	96423	4	10
517089	32	517088	2	34
517106	9	517105	4	13
517111	11	517110	6	17
517142	8	517141	2	10
517149	1	96487	4	5
517158	9	517157	1	10
517168	5	96494	2	7
517192	11	517191	3	14
517195	3	517194	6	9
517197	2	517196	7	9
517198	3	96512	3	6
517213	3	517212	4	7
517224	3	517223	5	8
517239	11	96540	4	15
517243	5	517242	6	11
517261	3	517260	14	17
517264	9	517263	2	11
517270	5	871719	4	9
517279	3	517278	9	12
517320	2	517319	4	6
517337	7	517336	6	13
517346	3	517345	9	12
517376	2	517375	4	6
517378	7	517377	2	9
517380	4	517379	5	9
517388	4	517387	1	5
517414	3	517413	4	7
517417	8	517416	6	14
517419	1	517418	32	33
517427	2	517426	2	4
517429	1	517428	2	3
517440	1	517439	3	4
517452	1	96631	2	3
517460	4	517459	2	6
517470	6	517469	8	14
517482	5	517481	5	10
517490	1	517489	4	5
517497	2	517496	3	5
517504	6	517503	2	8
517510	4	517509	1	5
517517	3	517516	5	8
517531	3	517530	1	4
517536	1	96687	1	2
517553	6	517552	4	10
517558	4	96710	1	5
517562	5	517561	4	9
517567	1	96714	2	3
517572	2	517571	3	5
517576	4	517575	1	5
517578	5	517577	2	7
517580	3	517579	2	5
517590	5	517589	15	20
517593	4	517592	1	5
517600	10	517599	2	12
517604	1	517603	3	4
517619	6	517618	18	24
517621	1	517620	3	4
517633	3	517632	2	5
517638	2	517637	1	3
517642	1	517641	1	2
517655	4	517654	2	6
517671	6	517670	10	16
517702	5	517701	3	8
517704	3	517703	2	5
517708	12	517707	23	35
517716	3	517715	5	8
517717	9	96815	1	10
517734	6	517733	4	10
517745	1	517744	2	3
517747	2	517746	6	8
517759	1	517758	3	4
517761	2	517760	8	10
517777	7	517776	2	9
517782	14	517781	1	15
517789	1	517788	3	4
517801	14	517800	2	16
517809	9	517808	5	14
517816	5	517815	2	7
517818	6	517817	7	13
517820	7	517819	6	13
517839	2	517838	1	3
517848	3	517847	5	8
517858	2	517857	3	5
517860	2	517859	7	9
517863	8	517862	2	10
517887	3	517886	1	4
517907	7	96964	2	9
517909	4	517908	1	5
517914	8	517913	6	14
517916	7	517915	5	12
517919	4	517918	7	11
517926	7	517925	6	13
517964	3	517963	2	5
517966	7	517965	4	11
517967	3	97004	3	6
517971	1	517970	3	4
517974	4	517973	4	8
517994	7	517993	14	21
518001	3	518000	5	8
518006	3	518005	2	5
518034	5	97027	3	8
518039	2	518038	2	4
518042	5	518041	5	10
518044	4	518043	2	6
518048	2	97035	1	3
518051	4	518050	3	7
518056	6	518055	4	10
518060	4	518059	1	5
518062	1	518061	3	4
518064	5	518063	35	40
518066	6	518065	4	10
518073	4	97049	1	5
518084	3	518083	4	7
518102	4	518101	2	6
518112	2	518111	3	5
518119	4	97077	1	5
518121	10	518120	10	20
518152	1	518151	2	3
518156	13	518155	1	14
518157	1	97099	1	2
518168	5	518167	4	9
518216	4	314754	2	6
518222	4	518221	6	10
518224	8	518223	8	16
518227	5	518226	2	7
518229	5	518228	8	13
518235	1	518234	17	18
518238	6	518237	8	14
518241	4	97151	7	11
518243	2	518242	1	3
518249	7	518248	6	13
518258	12	518257	17	29
518273	16	518272	17	33
518295	2	518294	7	9
518297	4	518296	3	7
518315	6	518314	1	7
518318	3	518317	3	6
518323	14	314773	11	25
518329	1	518328	2	3
518331	18	97182	13	31
518332	3	314775	2	5
518340	9	872141	7	16
518342	5	518341	6	11
518354	3	518353	1	4
518383	7	518382	5	12
518417	15	314789	11	26
518425	2	97224	6	8
518443	11	518442	7	18
518454	2	518453	1	3
518456	8	518455	2	10
518461	2	518460	3	5
518465	4	518464	1	5
518469	6	518468	2	8
518473	3	518472	32	35
518479	3	518478	2	5
518484	7	518483	2	9
518487	1	518486	5	6
518497	7	518496	7	14
518506	7	314795	6	13
518510	4	97255	5	9
518516	3	518515	1	4
518528	2	518527	1	3
518534	5	518533	1	6
518536	5	518535	28	33
518543	2	518542	2	4
518547	3	518546	3	6
518555	7	518554	2	9
518557	1	518556	3	4
518574	2	518573	1	3
518578	1	518577	9	10
518587	9	518586	3	12
518596	2	518595	4	6
518608	7	97326	1	8
518610	2	518609	3	5
518633	4	518632	2	6
518635	1	518634	1	2
518638	3	518637	11	14
518642	4	518641	1	5
518646	3	518645	3	6
518650	4	518649	7	11
518662	1	518661	1	2
518663	2	872250	1	3
518670	2	518669	3	5
518672	3	97369	2	5
518674	6	518673	3	9
518681	1	518680	5	6
518685	1	518684	1	2
518690	2	518689	4	6
518694	5	518693	14	19
518702	5	518701	4	9
518707	4	518706	2	6
518714	5	518713	2	7
518736	2	518735	3	5
518739	1	518738	1	2
518742	6	872282	5	11
518744	5	518743	5	10
518746	8	518745	7	15
518748	3	518747	1	4
518759	1	518758	2	3
518761	3	518760	3	6
518764	6	518763	4	10
518770	1	518769	1	2
518775	7	518774	4	11
518778	3	518777	4	7
518785	5	518784	3	8
518789	4	518788	3	7
518791	2	518790	4	6
518795	7	518794	2	9
518824	1	518823	2	3
518832	4	518831	8	12
518835	3	518834	3	6
518840	3	518839	2	5
518843	5	518842	2	7
518848	4	518847	12	16
518854	2	518853	5	7
518866	4	518865	1	5
518868	3	518867	3	6
518880	9	518879	3	12
518883	3	518882	2	5
518889	5	97522	14	19
518894	1	518893	5	6
518903	2	518902	2	4
518912	2	518911	4	6
518922	2	97548	1	3
518928	4	518927	6	10
518954	2	518953	1	3
518972	2	518971	1	3
518992	2	518991	6	8
519005	11	314886	4	15
519009	1	519008	11	12
519015	2	519014	3	5
519022	4	519021	2	6
519040	3	519039	4	7
519047	3	519046	3	6
519050	2	519049	5	7
519052	5	519051	4	9
519059	1	519058	3	4
519066	6	519065	1	7
519068	7	519067	3	10
519070	1	519069	1	2
519073	4	314899	2	6
519074	4	97682	1	5
519087	3	519086	5	8
519096	4	519095	1	5
519100	3	872421	2	5
519105	2	519104	18	20
519111	6	519110	7	13
519117	37	519116	27	64
519125	2	519124	5	7
519128	4	519127	3	7
519130	3	519129	8	11
519132	17	519131	12	29
519137	3	519136	2	5
519140	6	519139	11	17
519144	5	519143	5	10
519151	3	97729	9	12
519166	7	519165	8	15
519171	2	519170	3	5
519173	3	519172	9	12
519177	1	519176	5	6
519185	5	97754	2	7
519187	1	519186	4	5
519189	5	519188	1	6
519194	3	519193	2	5
519198	5	519197	1	6
519202	11	314921	2	13
519206	3	519205	1	4
519211	15	519210	10	25
519215	4	519214	5	9
519241	1	519240	8	9
519246	5	519245	22	27
519256	9	519255	1	10
519259	6	519258	7	13
519265	6	519264	4	10
519273	4	519272	11	15
519293	5	519292	8	13
519295	6	519294	4	10
519299	8	519298	3	11
519301	2	97845	7	9
519303	15	97846	3	18
519311	6	519310	4	10
519324	7	519323	3	10
519330	2	519329	5	7
519345	1	519344	7	8
519350	9	519349	8	17
519362	5	519361	5	10
519366	2	519365	3	5
519371	6	519370	15	21
519383	3	519382	13	16
519389	4	519388	8	12
519397	10	519396	5	15
519404	1	519403	2	3
519418	1	519417	6	7
519420	2	519419	4	6
519424	3	519423	2	5
519427	5	519426	7	12
519435	2	519434	3	5
519444	1	519443	4	5
519447	4	519446	7	11
519453	4	519452	6	10
519455	7	519454	7	14
519459	9	519458	4	13
519461	4	519460	4	8
519463	2	519462	7	9
519474	6	519473	2	8
519478	1	519477	3	4
519490	7	519489	7	14
519505	1	519504	6	7
519513	11	519512	20	31
519518	2	519517	3	5
519529	2	519528	2	4
519530	3	872563	6	9
519537	3	519536	3	6
519539	2	519538	5	7
519544	8	872574	8	16
519548	1	98028	2	3
519553	2	519552	2	4
519557	6	519556	1	7
519563	2	519562	6	8
519565	1	519564	2	3
519568	2	519567	8	10
519575	2	872588	1	3
519588	5	519587	2	7
519593	3	519592	9	12
519608	5	519607	12	17
519610	8	519609	2	10
519612	4	519611	7	11
519615	7	519614	3	10
519616	8	98051	7	15
519620	1	519619	3	4
519622	4	519621	5	9
519635	2	519634	12	14
519640	5	98071	5	10
519644	5	519643	6	11
519647	3	519646	4	7
519650	6	519649	3	9
519689	1	519688	1	2
519694	2	519693	2	4
519717	1	519716	1	2
519720	8	519719	4	12
519724	4	519723	10	14
519726	3	519725	2	5
519730	6	519729	7	13
519734	1	519733	2	3
519736	1	519735	1	2
519738	8	519737	7	15
519742	3	519741	2	5
519745	4	519744	1	5
519752	2	98200	4	6
519778	1	519777	6	7
519783	3	519782	2	5
519791	8	519790	2	10
519799	6	519798	6	12
519801	4	519800	14	18
519805	2	519804	1	3
519809	4	519808	3	7
519811	7	519810	1	8
519818	5	519817	13	18
519822	1	519821	3	4
519828	4	315055	1	5
519831	1	519830	2	3
519836	3	519835	4	7
519841	4	519840	4	8
519843	14	519842	8	22
519847	4	519846	1	5
519850	2	519849	6	8
519852	4	519851	2	6
519854	4	519853	3	7
519860	9	519859	7	16
519867	6	519866	2	8
519883	2	519882	4	6
519886	2	519885	4	6
519898	6	519897	7	13
519899	7	315063	9	16
519902	4	519901	9	13
519916	3	519915	2	5
519919	5	98368	2	7
519926	2	519925	1	3
519929	2	519928	6	8
519931	1	519930	2	3
519936	5	519935	4	9
519943	7	519942	1	8
519962	4	519961	2	6
519965	5	519964	10	15
519971	1	519970	4	5
519976	2	872748	7	9
519978	3	519977	1	4
520015	5	520014	6	11
520031	2	520027	4	6
520034	13	520033	8	21
520036	7	520035	7	14
520041	1	520040	4	5
520056	6	520055	4	10
520060	2	520059	1	3
520067	3	520066	6	9
520097	4	315115	4	8
520100	5	520099	4	9
520103	3	520102	4	7
520105	6	872811	2	8
520123	3	315121	1	4
520125	8	872824	7	15
520130	6	520129	2	8
520132	8	520131	4	12
520137	7	520136	14	21
520146	8	520145	6	14
520151	5	520150	2	7
520159	2	872834	4	6
520167	1	520166	7	8
520183	3	520182	5	8
520187	2	520186	11	13
520190	2	520189	3	5
520201	2	520200	1	3
520205	6	520204	11	17
520211	6	520210	11	17
520224	6	520223	7	13
520231	4	520230	5	9
520233	73	98601	2	75
520239	7	520238	4	11
520242	5	520241	8	13
520246	5	520245	4	9
520248	5	520247	1	6
520250	1	98613	2	3
520266	2	520265	3	5
520289	4	520288	1	5
520291	7	98658	4	11
520296	3	520295	3	6
520298	6	520297	2	8
520300	8	520299	5	13
520309	12	520308	7	19
520318	7	520317	2	9
520326	7	520325	17	24
520334	3	520333	7	10
520342	2	520341	2	4
520346	3	520345	1	4
520348	3	520347	2	5
520351	2	520350	4	6
520356	5	520355	6	11
520379	2	520378	5	7
520397	5	315186	5	10
520405	5	520404	10	15
520415	10	520414	6	16
520420	5	520419	3	8
520422	3	520421	4	7
520423	2	98758	4	6
520431	11	98761	4	15
520432	7	98762	2	9
520437	2	98767	2	4
520439	5	520438	2	7
520466	4	520465	2	6
520471	5	520470	3	8
520487	5	520486	9	14
520501	5	520500	12	17
520515	5	520514	3	8
520518	3	520517	4	7
520523	5	520522	1	6
520527	2	520526	1	3
520530	4	520529	2	6
520535	8	98867	1	9
520539	1	98869	2	3
520544	1	520543	10	11
520547	2	520546	6	8
520562	2	520561	2	4
520575	1	520574	1	2
520594	1	520593	5	6
520597	2	520596	7	9
520599	5	520598	5	10
520601	3	520600	4	7
520604	3	520603	7	10
520614	4	520613	7	11
520624	6	520623	15	21
520631	1	520630	1	2
520637	3	520636	4	7
520644	4	98967	7	11
520652	7	520651	1	8
520654	3	520653	3	6
520657	6	520656	5	11
520659	2	520658	1	3
520663	5	520662	10	15
520665	1	520664	2	3
520667	6	520666	6	12
520679	6	520678	2	8
520684	4	98980	1	5
520686	5	520685	6	11
520694	2	520693	1	3
520707	2	520706	4	6
520725	3	520724	1	4
520727	9	520726	1	10
520742	2	520741	5	7
520749	5	99017	1	6
520780	5	520779	3	8
520785	6	520784	3	9
520790	4	520789	7	11
520798	6	520797	4	10
520809	1	520808	1	2
520819	6	520818	2	8
520821	3	520820	3	6
520825	7	520824	7	14
520828	3	520827	4	7
520838	2	99066	3	5
520845	1	520844	2	3
520847	3	520846	1	4
520849	1	520848	3	4
520851	2	520850	4	6
520861	7	520860	14	21
520870	2	520869	5	7
520872	1	520871	2	3
520874	4	520873	9	13
520876	4	520875	4	8
520878	2	520877	9	11
520880	4	520879	6	10
520887	4	520886	3	7
520889	3	520888	1	4
520892	3	99105	1	4
520896	3	520895	3	6
520899	2	520898	3	5
520903	1	520902	6	7
520915	3	520914	1	4
520926	3	520925	2	5
520928	4	520927	10	14
520931	1	520930	2	3
520933	1	520932	11	12
520939	34	520938	1	35
520955	1	520954	12	13
520964	7	520963	4	11
520969	2	99186	5	7
520971	3	520970	4	7
520974	4	520973	4	8
520977	10	873180	1	11
520982	4	99187	3	7
520987	5	520986	8	13
520990	5	520989	7	12
520993	2	520992	6	8
520998	4	520997	1	5
521005	2	521004	5	7
521011	5	521010	15	20
521015	4	873195	3	7
521016	5	99213	3	8
521021	13	521020	7	20
521033	11	521032	11	22
521037	7	521036	3	10
521039	2	521038	3	5
521042	6	521041	4	10
521056	4	521055	3	7
521061	22	521060	20	42
521067	3	99245	3	6
521082	4	521081	5	9
521085	8	521084	3	11
521089	12	99269	4	16
521095	2	521094	3	5
521097	3	521096	2	5
521104	3	521103	8	11
521110	1	521109	3	4
521113	1	521112	3	4
521132	2	521131	3	5
521136	5	99286	6	11
521170	4	521169	9	13
521172	5	521171	2	7
521176	1	521175	9	10
521183	2	521182	4	6
521186	3	521185	2	5
521192	3	521191	6	9
521199	7	99313	2	9
521201	1	315339	5	6
521203	3	521202	4	7
521209	9	521208	8	17
521219	3	315345	2	5
521223	6	99337	1	7
521234	2	315348	4	6
521238	35	521237	4	39
521241	5	521240	3	8
521260	3	99357	4	7
521270	14	521269	7	21
521273	2	521272	5	7
521282	1	521281	10	11
521294	3	521293	7	10
521296	2	521295	3	5
521298	5	521297	8	13
521300	2	521299	7	9
521307	6	873318	4	10
521315	2	99389	2	4
521318	1	521317	9	10
521321	1	521320	1	2
521355	3	521354	5	8
521363	1	521362	4	5
521366	4	521365	2	6
521369	2	521368	3	5
521372	8	521371	4	12
521376	1	521375	5	6
521384	6	521383	9	15
521392	1	521391	3	4
521399	4	521398	8	12
521410	3	99440	4	7
521412	2	521411	11	13
521428	6	521427	3	9
521430	5	521429	9	14
521436	3	99449	1	4
521441	4	873361	13	17
521457	5	521456	2	7
521484	13	99475	7	20
521489	6	521488	1	7
521491	3	521490	4	7
521496	2	521495	3	5
521498	1	521497	2	3
521507	14	521506	6	20
521510	4	521509	8	12
521523	5	521522	15	20
521527	1	521526	9	10
521530	4	521529	2	6
521534	1	521533	1	2
521539	1	521538	9	10
521541	1	521540	2	3
521543	3	99509	2	5
521545	3	521544	1	4
521551	3	521550	5	8
521555	4	521554	1	5
521559	1	521558	4	5
521566	3	521565	1	4
521572	5	521571	5	10
521574	3	99528	1	4
521575	9	99532	3	12
521577	4	521576	9	13
521579	6	521578	1	7
521589	8	521588	7	15
521591	5	521590	9	14
521594	1	521593	5	6
521612	3	521611	4	7
521614	6	521613	11	17
521617	15	521616	5	20
521628	7	521627	7	14
521630	1	521629	2	3
521661	1	521660	1	2
521685	5	521684	3	8
521688	2	521687	1	3
521702	1	521701	1	2
521704	2	521703	1	3
521709	2	521708	3	5
521711	3	521710	4	7
521720	2	521719	2	4
521723	2	521722	4	6
521733	3	521732	1	4
521737	3	521736	1	4
521743	5	521742	11	16
521745	6	521744	6	12
521747	1	521746	6	7
521753	1	521752	1	2
521757	1	521756	4	5
521776	1	99645	3	4
521781	1	521780	3	4
521783	3	521782	3	6
521786	3	521785	2	5
521792	4	873497	6	10
521795	4	99669	3	7
521798	1	99681	5	6
521801	5	521800	3	8
521804	2	521803	3	5
521816	11	521815	2	13
521830	9	521829	6	15
521835	5	521834	6	11
521845	25	521844	13	38
521871	4	521870	2	6
521878	4	99731	2	6
521884	6	521883	2	8
521886	9	521885	4	13
521890	1	521889	1	2
521895	1	521894	1	2
521898	3	521897	8	11
521910	3	521909	1	4
521913	4	521912	2	6
521916	7	521915	1	8
521918	3	521917	6	9
521920	5	521919	11	16
521922	3	521921	9	12
521924	2	521923	8	10
521928	3	521927	8	11
521931	1	521930	8	9
521935	3	521934	4	7
521946	13	521945	4	17
521953	5	521952	5	10
521958	4	521957	7	11
521964	3	99789	5	8
521966	9	521965	4	13
521969	2	521968	3	5
521975	2	521974	2	4
521981	7	521980	5	12
521984	5	521983	4	9
521986	7	521985	2	9
522002	7	522001	7	14
522004	3	522003	7	10
522023	4	873603	1	5
522032	4	522031	5	9
522047	7	522046	5	12
522051	5	522050	11	16
522075	8	522074	19	27
522078	2	522077	8	10
522114	8	522113	4	12
522117	3	99862	3	6
522123	2	522122	5	7
522142	2	522141	2	4
522148	9	522147	4	13
522149	10	873659	9	19
522154	7	522153	2	9
522159	4	522158	3	7
522174	6	522173	3	9
522177	3	522176	2	5
522179	4	522178	1	5
522190	15	522189	4	19
522192	3	522191	7	10
522198	3	522197	4	7
522200	5	522199	8	13
522202	7	522201	2	9
522205	11	522204	15	26
522221	3	522220	2	5
522226	4	522225	1	5
522227	5	99902	4	9
522233	11	522232	6	17
522242	12	522241	10	22
522248	3	522247	8	11
522251	5	522250	8	13
522260	4	522259	12	16
522262	5	99916	1	6
522269	5	522268	2	7
522274	4	873712	7	11
522296	3	522295	4	7
522302	9	522301	9	18
522307	2	99949	3	5
522314	4	522313	6	10
522318	4	522317	1	5
522329	8	522328	3	11
522333	1	522332	8	9
522347	4	522346	2	6
522354	4	522353	3	7
522373	2	99998	1	3
522377	3	522376	4	7
522382	4	522381	1	5
522384	2	522383	3	5
522403	10	522402	5	15
522418	3	522417	2	5
522423	5	522422	8	13
522428	2	522427	9	11
522437	4	522436	7	11
522442	2	522441	1	3
522446	2	522445	2	4
522474	3	522473	2	5
522491	1	522490	1	2
522515	4	522514	1	5
522530	2	522529	1	3
522547	1	522546	1	2
522591	2	522590	2	4
522605	1	100177	3	4
522613	2	522612	2	4
522625	5	522624	5	10
522629	3	100192	4	7
522632	1	522631	1	2
522683	34	315568	8	42
522687	2	522686	1	3
522693	2	522692	1	3
522697	1	522696	1	2
522698	2	100233	1	3
522713	1	522712	1	2
522720	3	522719	7	10
522732	2	522731	1	3
522734	1	100260	2	3
522742	1	522741	8	9
522747	7	522746	9	16
522749	1	522748	2	3
522760	4	100272	4	8
522782	6	522781	3	9
522794	3	522793	6	9
522799	15	522798	2	17
522803	4	522802	9	13
522811	5	522810	7	12
522813	1	522812	9	10
522828	2	522827	5	7
522836	9	522835	8	17
522838	2	522837	1	3
522841	5	522840	1	6
522844	2	522843	2	4
522846	4	100314	2	6
522856	5	522855	1	6
522868	3	522867	8	11
522872	3	522871	1	4
522881	1	522880	2	3
522883	4	522882	2	6
522886	5	100339	2	7
522891	3	522890	4	7
522899	4	522898	3	7
522903	1	522902	25	26
522906	15	522905	12	27
522913	6	522912	5	11
522914	3	873928	3	6
522922	3	522921	4	7
522929	1	522928	1	2
522935	4	522934	1	5
522937	5	522936	5	10
522946	1	100364	6	7
522950	9	522949	8	17
522956	10	522955	5	15
522962	2	522961	2	4
522966	2	873944	40	42
522970	5	522969	5	10
522972	3	100373	2	5
522976	1	522975	4	5
522981	7	522980	9	16
522985	20	522984	7	27
522998	9	522997	4	13
523001	3	523000	6	9
523027	21	100401	8	29
523033	1	523032	13	14
523039	2	523038	11	13
523044	3	523043	5	8
523048	4	523047	7	11
523051	5	523050	3	8
523068	4	315614	8	12
523073	3	523072	12	15
523074	2	100415	3	5
523077	8	523076	13	21
523084	14	523083	6	20
523091	3	523090	1	4
523100	2	523099	5	7
523104	5	523103	1	6
523107	4	523106	14	18
523120	2	315619	3	5
523131	1	523130	1	2
523138	1	523137	4	5
523148	7	523147	4	11
523156	2	523155	2	4
523169	2	523168	1	3
523171	2	523170	2	4
523185	4	523184	6	10
523200	1	523199	2	3
523214	8	100487	4	12
523218	4	523217	4	8
523220	7	523219	3	10
523225	2	523224	4	6
523233	8	523232	6	14
523238	4	523237	18	22
523242	21	523241	7	28
523258	12	523257	8	20
523271	6	523270	6	12
523275	3	100512	2	5
523279	5	100517	1	6
523291	8	100530	13	21
523295	3	523294	6	9
523318	1	523317	2	3
523325	3	100551	3	6
523328	1	100552	3	4
523333	2	523332	5	7
523336	3	523335	2	5
523339	2	874075	3	5
523346	3	523345	2	5
523360	1	523359	1	2
523365	1	523364	3	4
523367	1	523366	1	2
523372	2	523371	2	4
523376	6	100579	2	8
523378	2	874085	2	4
523382	3	100583	2	5
523402	2	523401	2	4
523407	3	523406	4	7
523413	8	523412	2	10
523419	2	523418	2	4
523425	4	523424	7	11
523429	10	523428	8	18
523433	2	523432	3	5
523435	5	523434	15	20
523437	4	523436	1	5
523442	3	523441	6	9
523450	10	523449	3	13
523467	1	523466	2	3
523477	2	523476	7	9
523482	4	523481	8	12
523484	1	523483	3	4
523486	1	523485	2	3
523500	4	523499	4	8
523502	1	523501	2	3
523508	4	523507	13	17
523512	7	523511	4	11
523513	1	100642	4	5
523538	4	523537	4	8
523561	10	523560	3	13
523563	11	523562	1	12
523565	1	523564	17	18
523568	3	523567	10	13
523583	2	523582	3	5
523597	8	523596	14	22
523601	13	523600	2	15
523619	2	523618	1	3
523628	3	523627	1	4
523633	3	523632	9	12
523639	3	523638	5	8
523642	2	523641	6	8
523660	9	523659	6	15
523673	5	523672	5	10
523675	4	523674	31	35
523677	3	523676	2	5
523685	3	523684	2	5
523687	11	523686	13	24
523693	8	523692	20	28
523696	10	523695	6	16
523699	4	523698	1	5
523702	106	523701	3	109
523704	2	523703	11	13
523707	3	100755	5	8
523722	3	523721	2	5
523733	6	523732	3	9
523744	1	100781	1	2
523764	14	523763	6	20
523773	5	523772	4	9
523782	7	523781	2	9
523789	3	523788	3	6
523793	2	100829	3	5
523798	1	523797	2	3
523800	3	523799	5	8
523802	2	523801	2	4
523810	2	523809	4	6
523821	1	523820	6	7
523827	1	523826	6	7
523830	5	523829	6	11
523832	4	523831	1	5
523840	4	523839	7	11
523861	6	523860	1	7
523875	6	523874	7	13
523877	2	523876	6	8
523879	5	523878	2	7
523881	7	523880	2	9
523887	3	523886	3	6
523908	3	523907	3	6
523911	6	523910	3	9
523914	1	523913	2	3
523923	3	523922	2	5
523946	1	523945	6	7
523957	2	523956	1	3
523959	2	523958	2	4
523964	3	523963	7	10
523966	13	523965	1	14
523972	1	523971	3	4
523979	7	523978	5	12
523981	3	523980	6	9
523985	2	523984	6	8
523991	6	523990	3	9
523998	3	523997	5	8
524005	1	524004	2	3
524007	2	100961	2	4
524023	1	524022	3	4
524025	4	524024	1	5
524028	7	524027	12	19
524031	4	524030	8	12
524033	9	524032	4	13
524035	3	524034	3	6
524037	10	524036	7	17
524041	6	315749	5	11
524045	5	524044	6	11
524058	2	524057	3	5
524064	6	524063	7	13
524068	4	524067	8	12
524074	1	524073	2	3
524077	6	524076	5	11
524081	1	524080	6	7
524083	11	524082	2	13
524086	1	524085	1	2
524093	3	524092	11	14
524095	1	524094	9	10
524112	4	101048	4	8
524114	4	524113	6	10
524120	6	524119	4	10
524122	3	524121	8	11
524125	11	524124	3	14
524128	1	524127	2	3
524139	5	524138	9	14
524141	6	524140	7	13
524152	1	524151	3	4
524154	1	524153	6	7
524157	1	524156	1	2
524165	2	524164	2	4
524173	8	524172	11	19
524177	2	524176	2	4
524185	4	524184	3	7
524194	6	524193	3	9
524196	5	524195	8	13
524211	4	524210	4	8
524226	6	524225	8	14
524238	7	524237	5	12
524241	2	524240	5	7
524252	1	524251	7	8
524256	3	524255	4	7
524258	11	524257	16	27
524262	14	524261	3	17
524265	3	524264	8	11
524267	6	524266	8	14
524268	3	101120	3	6
524276	2	524275	2	4
524280	2	524279	5	7
524284	7	524283	3	10
524286	4	524285	1	5
524290	5	524289	1	6
524293	1	524292	4	5
524302	3	524301	5	8
524309	9	101139	2	11
524314	2	524313	4	6
524327	8	524326	1	9
524330	1	524329	7	8
524332	32	874420	2	34
524336	1	524335	6	7
524337	7	874422	5	12
524343	4	524342	8	12
524345	3	524344	1	4
524350	7	524349	6	13
524351	6	101152	2	8
524362	4	524361	2	6
524366	4	101164	2	6
524368	10	524367	2	12
524375	4	101168	2	6
524379	5	524378	4	9
524394	15	524393	7	22
524395	3	101185	4	7
524399	3	524398	8	11
524403	4	524402	3	7
524411	4	524410	4	8
524413	1	315813	2	3
524419	2	524418	1	3
524424	3	524423	2	5
524441	1	524440	2	3
524446	2	524445	1	3
524454	4	524453	2	6
524456	13	524455	6	19
524459	1	524458	7	8
524463	3	101208	4	7
524466	2	524464	5	7
524469	2	524468	1	3
524472	3	524471	1	4
524474	4	524473	5	9
524480	3	524479	10	13
524483	5	524482	2	7
524485	6	524484	8	14
524491	5	524490	4	9
524497	4	524496	2	6
524500	3	524499	9	12
524502	10	524501	4	14
524509	13	524508	5	18
524512	14	524511	6	20
524513	23	101230	4	27
524520	7	874484	3	10
524524	9	524523	11	20
524528	10	524527	8	18
524531	3	524530	7	10
524533	12	524532	4	16
524539	16	524538	5	21
524544	2	524543	7	9
524548	22	524547	5	27
524559	12	524558	5	17
524565	17	524564	9	26
524593	16	524592	4	20
524632	7	524631	2	9
524638	10	524637	8	18
524640	4	524639	7	11
524650	10	101288	6	16
524651	4	101290	2	6
524653	1	524652	3	4
524663	8	101295	4	12
524666	4	524665	2	6
524673	2	524672	3	5
524689	3	524688	5	8
524701	3	524700	4	7
524705	3	524704	9	12
524719	4	524718	6	10
524721	8	524720	2	10
524723	1	524722	1	2
524737	3	524736	2	5
524739	2	524738	2	4
524740	1	874567	21	22
524742	2	315849	5	7
524747	4	101344	1	5
524753	5	524752	10	15
524762	9	524761	5	14
524772	4	524771	2	6
524777	4	524776	5	9
524780	1	524779	15	16
524782	2	524781	4	6
524802	1	524801	2	3
524808	4	524807	7	11
524813	2	524812	3	5
524830	7	524829	3	10
524837	7	524836	4	11
524839	5	524838	2	7
524842	2	524841	4	6
524844	7	524843	13	20
524845	9	315862	4	13
524857	7	524856	1	8
524861	2	524860	10	12
524864	3	524863	7	10
524873	3	524872	9	12
524878	3	524877	5	8
524880	4	524879	1	5
524885	4	524884	7	11
524887	5	524886	7	12
524890	6	524889	2	8
524896	5	524895	3	8
524899	1	524898	5	6
524903	3	874627	1	4
524905	8	524904	17	25
524907	1	101435	6	7
524911	4	524910	4	8
524918	1	524917	1	2
524933	5	524932	5	10
524940	4	101443	2	6
524942	2	524941	1	3
524944	1	101444	8	9
524946	2	524945	6	8
524961	8	524960	1	9
524968	2	524967	1	3
524972	2	524971	4	6
524975	2	524974	3	5
524977	1	524976	6	7
524979	1	101468	3	4
524987	13	315880	2	15
524994	5	524993	6	11
525000	1	524999	4	5
525009	6	525008	6	12
525017	4	525016	11	15
525020	4	525019	3	7
525022	8	525021	12	20
525025	4	525024	27	31
525030	8	525029	8	16
525032	2	315891	3	5
525038	3	525037	1	4
525047	5	525046	3	8
525050	3	525049	4	7
525057	3	101537	1	4
525068	3	525067	5	8
525071	11	525070	5	16
525081	5	525080	1	6
525091	6	525090	2	8
525100	3	525099	4	7
525103	1	525102	7	8
525104	1	874688	7	8
525117	8	525116	1	9
525119	1	525118	3	4
525132	1	525131	16	17
525146	7	101601	2	9
525148	6	525147	1	7
525156	6	525155	1	7
525168	2	525167	15	17
525171	3	525170	4	7
525175	5	525174	3	8
525187	1	525186	3	4
525189	2	525188	3	5
525200	2	525199	7	9
525206	8	525205	3	11
525217	1	525216	5	6
525221	2	525220	5	7
525225	4	101659	4	8
525228	12	101663	4	16
525233	3	315950	1	4
525238	1	525237	7	8
525240	3	525239	5	8
525249	1	101676	3	4
525259	1	315955	2	3
525261	6	101686	1	7
525263	5	525262	3	8
525266	5	525265	1	6
525269	8	525268	2	10
525272	2	525271	4	6
525278	6	525277	3	9
525286	7	525285	4	11
525292	8	525291	6	14
525300	1	525299	8	9
525302	7	525301	4	11
525304	3	525303	2	5
525312	11	525311	2	13
525315	5	525314	2	7
525318	5	525317	3	8
525321	1	525320	1	2
525329	2	525328	3	5
525342	5	525341	2	7
525350	2	874771	9	11
525357	5	525356	7	12
525363	3	525362	3	6
525365	4	525364	12	16
525377	2	525376	2	4
525383	3	525382	5	8
525389	1	525388	2	3
525392	3	525391	1	4
525395	3	525394	6	9
525397	8	525396	6	14
525401	7	525400	2	9
525405	1	525404	2	3
525412	3	101743	3	6
525414	4	525413	3	7
525423	4	525422	5	9
525428	2	101747	3	5
525432	4	525431	3	7
525434	1	525433	9	10
525437	2	525436	3	5
525440	3	101754	1	4
525447	9	525446	14	23
525453	8	101756	10	18
525457	4	525456	3	7
525459	2	525458	9	11
525461	4	525460	26	30
525468	1	525467	28	29
525472	3	525471	5	8
525481	3	525480	15	18
525483	27	525482	6	33
525487	4	525486	4	8
525489	12	525488	4	16
525496	2	525495	3	5
525500	1	525499	1	2
525508	8	525507	3	11
525520	2	525519	3	5
525531	4	525530	5	9
525533	5	525532	9	14
525538	5	525537	6	11
525543	2	525542	3	5
525545	8	525544	7	15
525555	4	525554	1	5
525567	2	525566	4	6
525571	1	525570	2	3
525577	7	525576	14	21
525581	15	525580	6	21
525596	2	525595	4	6
525602	3	525601	2	5
525605	4	525604	1	5
525618	7	525617	3	10
525621	14	315993	12	26
525626	3	525625	7	10
525628	3	101847	3	6
525631	6	525630	6	12
525633	4	525632	6	10
525635	2	525634	23	25
525643	5	525642	1	6
525654	9	525653	5	14
525656	3	525655	1	4
525658	13	525657	9	22
525671	4	525670	5	9
525683	1	525682	13	14
525685	3	525684	2	5
525694	9	525693	5	14
525703	5	525702	2	7
525712	3	525711	16	19
525714	12	525713	10	22
525721	5	525720	3	8
525723	1	525722	1	2
525726	3	525725	5	8
525728	4	101890	5	9
525743	3	525742	1	4
525754	5	525753	2	7
525768	5	525767	1	6
525772	5	525771	5	10
525775	8	525774	12	20
525786	10	525785	12	22
525793	5	525792	2	7
525801	11	525800	1	12
525803	4	525802	8	12
525809	5	525808	2	7
525811	5	525810	4	9
525816	4	525815	12	16
525824	3	525823	5	8
525833	7	525832	6	13
525839	4	525838	5	9
525841	6	525840	8	14
525852	12	525851	4	16
525854	2	874914	1	3
525858	8	525857	4	12
525864	11	525863	23	34
525868	6	525867	4	10
525881	9	525880	4	13
525887	3	525886	1	4
525894	5	525893	8	13
525898	17	525897	13	30
525902	11	525901	11	22
525906	7	525905	3	10
525910	4	525909	1	5
525913	2	525912	1	3
525918	9	525917	21	30
525924	6	525923	10	16
525932	11	525931	6	17
525949	7	525948	11	18
525952	9	525951	12	21
525980	6	525979	6	12
525984	7	525983	4	11
525994	4	525993	4	8
525998	4	525997	5	9
526000	3	525999	4	7
526002	4	102044	2	6
526005	9	526004	12	21
526009	8	526008	6	14
526018	3	526017	6	9
526020	1	526019	5	6
526023	13	526022	5	18
526032	8	526031	9	17
526039	1	526038	12	13
526059	7	526058	3	10
526061	7	526060	14	21
526065	9	526064	8	17
526070	7	526069	1	8
526075	5	526074	12	17
526077	1	526076	4	5
526085	5	526084	5	10
526088	6	526087	1	7
526092	3	526091	5	8
526106	6	526105	6	12
526109	5	526108	10	15
526117	15	526116	17	32
526119	6	102147	11	17
526128	3	526127	2	5
526131	12	526130	7	19
526133	6	526132	4	10
526148	3	526147	1	4
526151	4	526150	6	10
526161	6	526160	6	12
526168	3	526167	15	18
526171	5	526170	11	16
526172	14	102178	2	16
526181	6	526180	6	12
526185	6	526184	8	14
526187	1	526186	6	7
526193	3	526192	2	5
526197	2	526196	1	3
526222	3	526221	3	6
526226	3	526225	4	7
526238	8	526237	3	11
526242	1	526241	1	2
526255	8	526254	9	17
526263	2	526262	11	13
526273	4	526272	2	6
526274	9	102257	7	16
526279	1	526278	1	2
526302	10	526301	3	13
526303	2	875094	7	9
526307	7	526306	3	10
526311	6	526310	1	7
526313	3	526312	6	9
526332	6	316101	2	8
526344	9	526343	1	10
526360	3	526359	2	5
526370	1	526369	2	3
526382	9	526381	7	16
526385	7	526384	6	13
526391	2	526390	4	6
526393	2	526392	11	13
526395	8	526394	1	9
526397	1	526396	2	3
526399	9	526398	3	12
526407	1	526406	2	3
526410	1	526409	19	20
526424	2	526423	8	10
526435	5	526434	6	11
526446	2	526445	2	4
526449	3	526448	3	6
526455	2	526454	1	3
526482	1	526481	5	6
526486	2	526485	9	11
526506	1	526505	1	2
526540	2	526539	10	12
526562	3	102440	6	9
526567	2	526566	11	13
526574	5	526573	4	9
526597	10	526596	3	13
526607	8	526606	11	19
526639	13	526638	21	34
526643	2	526642	4	6
526646	4	526645	2	6
526648	7	526647	1	8
526652	21	526651	3	24
526682	3	526681	1	4
526691	7	102532	1	8
526694	1	526693	1	2
526696	4	316162	1	5
526700	19	526699	5	24
526703	2	526702	3	5
526707	2	526706	1	3
526709	2	526708	3	5
526716	1	526715	2	3
526722	4	526721	5	9
526723	3	102538	2	5
526729	5	526728	2	7
526733	1	526732	1	2
526736	1	526735	1	2
526746	3	526745	1	4
526750	3	102556	1	4
526762	2	526761	1	3
526766	3	526765	4	7
526771	8	526770	7	15
526776	1	526775	2	3
526788	2	102576	1	3
526791	5	526790	1	6
526794	4	102580	2	6
526796	4	102582	3	7
526801	1	526800	33	34
526803	4	526802	1	5
526806	5	526805	6	11
526811	1	526810	4	5
526814	1	526813	3	4
526818	2	526817	4	6
526826	3	526825	3	6
526829	8	526828	84	92
526835	4	526834	7	11
526845	8	526844	3	11
526853	2	526852	12	14
526857	3	102625	2	5
526859	3	526858	6	9
526865	1	316185	14	15
526867	10	526866	16	26
526869	7	526868	11	18
526881	9	526880	10	19
526890	13	526889	7	20
526892	6	526891	8	14
526894	11	526893	14	25
526896	14	526895	7	21
526901	5	526900	6	11
526905	8	526904	2	10
526907	2	526906	6	8
526910	8	526909	6	14
526912	9	526911	10	19
526921	1	526920	7	8
526925	2	526924	2	4
526929	3	526928	6	9
526938	2	526937	9	11
526939	9	102691	4	13
526943	11	526942	3	14
526945	14	526944	9	23
526948	10	526947	8	18
526951	7	526950	11	18
526965	5	526964	4	9
526967	6	526966	4	10
526971	3	526970	3	6
526973	2	526972	2	4
526977	4	526976	4	8
526987	3	526986	3	6
526998	13	526997	26	39
527000	1	526999	1	2
527003	4	527002	3	7
527006	3	527005	2	5
527012	1	527011	2	3
527016	4	527015	5	9
527018	4	527017	3	7
527020	11	527019	1	12
527024	5	527023	5	10
527027	16	527026	1	17
527033	2	102795	5	7
527042	10	527041	3	13
527046	3	527045	6	9
527070	10	527069	7	17
527077	4	527076	10	14
527079	5	102840	8	13
527088	8	527087	13	21
527098	2	527097	27	29
527100	9	527099	5	14
527123	3	527122	1	4
527132	10	527131	2	12
527156	3	527155	11	14
527162	7	527161	20	27
527164	6	527163	11	17
527168	5	527167	84	89
527173	8	527172	5	13
527199	7	527198	31	38
527203	8	527202	16	24
527206	7	527205	8	15
527212	13	527211	4	17
527221	13	316275	9	22
527222	2	102943	3	5
527226	15	527225	4	19
527245	7	527244	14	21
527262	8	102956	3	11
527268	7	527267	7	14
527275	1	527274	9	10
527278	9	527277	13	22
527280	3	527279	2	5
527284	5	527283	13	18
527286	5	102980	3	8
527292	4	527291	8	12
527295	4	102992	6	10
527297	5	527296	8	13
527301	8	527300	7	15
527310	2	527309	1	3
527314	5	527313	5	10
527316	1	527315	4	5
527344	2	527343	1	3
527387	1	527386	3	4
527529	4	527528	2	6
527589	13	103179	21	34
527624	3	103201	9	12
527636	15	527635	12	27
527650	2	527649	1	3
527661	1	527660	1	2
527707	4	527706	15	19
527713	1	527712	1	2
527731	5	875623	7	12
527771	1	527770	7	8
527791	1	527790	1	2
527804	12	103276	4	16
527854	2	527853	11	13
527860	1	527859	3	4
527879	1	527878	1	2
527994	1	875719	2	3
528049	3	528048	1	4
528063	7	528062	34	41
528067	1	528066	11	12
528149	1	528148	1	2
528274	1	528273	1	2
528322	1	528321	1	2
528359	2	528358	2	4
528364	1	528363	2	3
528375	2	528374	4	6
528387	2	528386	6	8
528389	2	528388	9	11
528402	5	528401	7	12
528405	2	528404	3	5
528409	3	528408	3	6
528417	6	528416	8	14
528419	1	528418	5	6
528421	2	528420	7	9
528425	1	528424	2	3
528431	1	528430	5	6
528436	6	528435	5	11
528442	4	528441	1	5
528445	6	528444	4	10
528470	2	528469	3	5
528472	5	528471	1	6
528480	3	528479	7	10
528486	2	528485	6	8
528492	1	528491	11	12
528496	5	528495	13	18
528498	7	316522	3	10
528500	7	528499	4	11
528505	5	528504	2	7
528507	4	528506	1	5
528510	3	528509	2	5
528515	5	528514	1	6
528521	4	528520	3	7
528522	4	103665	1	5
528525	2	528524	2	4
528534	3	528533	6	9
528538	3	528537	6	9
528543	4	103679	5	9
528547	4	528546	1	5
528559	3	528558	7	10
528563	4	528562	3	7
528565	6	528564	5	11
528567	3	528566	5	8
528572	3	528571	5	8
528576	8	528575	14	22
528580	2	528579	5	7
528584	4	528583	10	14
528586	2	103686	3	5
528588	4	528587	5	9
528590	2	528589	1	3
528592	2	528591	3	5
528599	5	528598	2	7
528603	5	528602	3	8
528610	4	528609	6	10
528617	3	103709	5	8
528619	3	528618	2	5
528623	5	528622	6	11
528635	1	528634	4	5
528643	6	528642	1	7
528645	5	103717	2	7
528662	4	528661	4	8
528680	7	528679	15	22
528689	6	528688	10	16
528690	8	103763	4	12
528691	4	103764	2	6
528707	3	528706	3	6
528709	3	103773	2	5
528727	2	528726	3	5
528739	1	528738	1	2
528740	2	103794	1	3
528765	6	103826	13	19
528771	9	528770	6	15
528773	13	528772	2	15
528778	7	528777	4	11
528782	10	528781	7	17
528799	5	528798	6	11
528802	5	528801	1	6
528804	12	528803	7	19
528812	2	528811	6	8
528820	1	528819	11	12
528822	10	528821	3	13
528825	3	528824	5	8
528831	15	528830	3	18
528848	30	528847	6	36
528852	11	528851	10	21
528866	5	528865	3	8
528885	11	103903	2	13
528899	100	528898	9	109
528903	9	528902	4	13
528907	4	528906	3	7
528910	23	528909	7	30
528912	5	528911	3	8
528919	5	528918	7	12
528925	10	528924	1	11
528927	5	528926	1	6
528929	3	528928	8	11
528933	5	528932	5	10
528947	5	528946	9	14
528982	1	103955	6	7
528984	2	528983	4	6
528990	9	528989	10	19
528991	8	103961	4	12
529014	8	529013	1	9
529016	4	529015	7	11
529023	8	529022	11	19
529043	12	529042	8	20
529050	2	529049	6	8
529052	1	529051	8	9
529056	12	529055	7	19
529070	7	529069	6	13
529073	10	529072	8	18
529094	9	529093	8	17
529096	3	529095	7	10
529105	3	529104	1	4
529111	4	529110	3	7
529118	1	529117	5	6
529127	5	529126	5	10
529130	6	529129	13	19
529136	7	529135	6	13
529138	6	529137	9	15
529142	5	529141	2	7
529145	1	529144	5	6
529148	6	529147	6	12
529150	2	529149	3	5
529157	2	529156	1	3
529159	5	529158	6	11
529163	9	529162	7	16
529167	7	104034	4	11
529169	6	529168	5	11
529171	8	529170	3	11
529190	6	529189	7	13
529196	12	529195	5	17
529200	10	529199	5	15
529208	6	529207	8	14
529213	2	529212	11	13
529214	7	104061	1	8
529218	9	529217	8	17
529221	8	529220	3	11
529245	8	529244	2	10
529252	4	529251	3	7
529293	2	529292	4	6
529297	5	529296	5	10
529300	6	529299	14	20
529307	5	529306	7	12
529309	15	104124	7	22
529312	6	529311	8	14
529313	25	104125	3	28
529317	7	529316	2	9
529319	7	529318	6	13
529321	2	529320	3	5
529328	8	529327	7	15
529332	7	529331	3	10
529335	2	529334	5	7
529345	1	529344	2	3
529346	12	316654	3	15
529358	5	529357	5	10
529362	3	529361	8	11
529371	4	529370	2	6
529373	4	529372	8	12
529379	1	529378	1	2
529389	9	529388	14	23
529397	15	529396	12	27
529399	4	529398	18	22
529400	8	876212	3	11
529405	7	529404	14	21
529412	8	529411	4	12
529414	7	529413	2	9
529431	7	529430	7	14
529440	6	529439	10	16
529450	2	529449	1	3
529452	2	529451	7	9
529455	7	529454	3	10
529464	10	104198	8	18
529475	13	529474	6	19
529491	13	316684	10	23
529501	6	529500	1	7
529507	10	529506	6	16
529534	1	529533	2	3
529547	3	529546	10	13
529584	1	529583	1	2
529597	1	529596	1	2
529600	1	529599	2	3
529621	9	529620	5	14
529630	1	529629	1	2
529667	1	529666	10	11
529670	1	529669	13	14
529675	2	529674	22	24
529708	13	529707	1	14
529748	4	529747	1	5
529751	11	529750	1	12
529763	1	529762	1	2
529777	6	529776	1	7
529790	2	529789	3	5
529792	2	529791	3	5
529800	1	529799	1	2
529814	1	529813	1	2
529819	4	529818	6	10
529826	20	529825	1	21
529836	1	104332	1	2
529874	1	529873	1	2
529889	7	529888	3	10
529898	2	529897	1	3
529915	1	529914	1	2
529935	5	529934	8	13
529978	2	104387	1	3
530024	9	316742	12	21
530029	1	530028	1	2
530040	1	530039	2	3
530044	2	104412	2	4
530049	1	530048	1	2
530072	18	530071	3	21
530108	2	530107	1	3
530125	3	530124	6	9
530143	6	104448	6	12
530152	4	530151	9	13
530159	1	530158	2	3
530162	9	530161	6	15
530176	1	530175	2	3
530187	2	530186	1	3
530201	2	530200	2	4
530206	3	530205	1	4
530233	1	316772	5	6
530285	1	530284	1	2
530313	3	530312	3	6
530322	1	530321	7	8
530327	1	530326	1	2
530334	1	530333	1	2
530337	12	530336	6	18
530352	12	530351	1	13
530362	1	530361	1	2
530374	4	316800	71	75
530379	1	530378	1	2
530384	3	530383	1	4
530387	2	530386	1	3
530392	1	530391	2	3
530410	1	530409	2	3
530420	1	530419	1	2
530427	2	530426	1	3
530433	2	530432	3	5
530435	1	530434	1	2
530437	1	530436	1	2
530439	1	530438	1	2
530442	5	530441	16	21
530446	1	530445	1	2
530457	1	530456	1	2
530458	3	876599	1	4
530464	1	530463	1	2
530483	11	530482	5	16
530486	1	530485	1	2
530490	1	530489	1	2
530501	1	530500	1	2
530517	1	530516	3	4
530519	1	530518	2	3
530525	1	530524	2	3
530530	1	530529	1	2
530535	7	530534	4	11
530540	1	530539	2	3
530544	2	530543	1	3
530547	1	530546	3	4
530561	2	530560	2	4
530565	32	530564	21	53
530568	1	530567	21	22
530574	1	530573	1	2
530578	31	530577	2	33
530581	2	530580	2	4
530602	2	530601	1	3
530621	2	530620	10	12
530645	2	530644	2	4
530651	2	530650	1	3
530655	1	104620	1	2
530673	1	530672	1	2
530679	3	316832	3	6
530681	1	530680	2	3
530686	1	530685	1	2
530689	2	530688	3	5
530706	9	530705	14	23
530709	4	530708	11	15
530712	1	530711	30	31
530724	9	530723	23	32
530732	6	530731	18	24
530737	20	530736	2	22
530739	1	530738	1	2
530758	2	876717	4	6
530763	1	530762	1	2
530779	11	530778	7	18
530799	1	530798	5	6
530809	1	104662	16	17
530817	1	530816	2	3
530824	1	530823	2	3
530828	1	530827	1	2
530836	3	530835	1	4
530855	2	530854	2	4
530862	1	530861	1	2
530882	1	530881	2	3
530916	24	530915	1	25
530937	3	530936	5	8
530953	8	530952	20	28
530962	1	530961	2	3
530964	1	530963	3	4
530971	7	530970	12	19
530992	1	530991	3	4
531014	10	531013	7	17
531023	106	531022	2	108
531035	1	531034	1	2
531049	1	531048	1	2
531057	6	531056	6	12
531068	1	531067	1	2
531070	1	876813	2	3
531077	1	531076	3	4
531083	4	531082	2	6
531085	2	531084	6	8
531113	4	531112	1	5
531122	1	104770	1	2
531134	3	531133	22	25
531142	2	531141	2	4
531144	4	531143	4	8
531155	1	531154	1	2
531180	1	531179	3	4
531191	2	531190	3	5
531193	2	104802	3	5
531199	1	531198	3	4
531212	6	531211	1	7
531223	2	531222	3	5
531235	2	531234	1	3
531253	1	531252	4	5
531260	1	531259	1	2
531270	6	531269	1	7
531272	2	531271	5	7
531274	2	531273	4	6
531278	1	531277	3	4
531280	1	531279	1	2
531302	7	531301	1	8
531334	6	876925	17	23
531339	7	531338	4	11
531341	8	531340	7	15
531347	5	531346	7	12
531350	4	531349	5	9
531359	8	531358	10	18
531361	2	531360	3	5
531365	17	531364	10	27
531376	4	531375	9	13
531384	1	531383	5	6
531392	7	531391	1	8
531401	10	531400	10	20
531415	3	531414	4	7
531428	9	531427	4	13
531438	8	531437	2	10
531443	4	531442	3	7
531446	4	531445	5	9
531451	9	531450	5	14
531467	1	531466	4	5
531476	1	531475	3	4
531478	1	876975	1	2
531483	4	531482	1	5
531488	1	531487	30	31
531491	1	531490	1	2
531494	6	531493	6	12
531503	12	531502	4	16
531505	7	531504	9	16
531507	3	531506	5	8
531510	1	105042	12	13
531512	12	531511	1	13
531519	8	531518	6	14
531531	4	531530	5	9
531536	6	531535	17	23
531540	5	531539	10	15
531554	3	105079	2	5
531562	4	531561	3	7
531565	7	531564	7	14
531569	2	531568	1	3
531578	4	531577	5	9
531579	8	105095	3	11
531595	8	531594	7	15
531598	4	531597	3	7
531609	12	105135	3	15
531615	9	531614	6	15
531629	10	105146	5	15
531633	7	531632	9	16
531640	3	105156	2	5
531647	10	531646	3	13
531650	2	105168	5	7
531652	3	531651	1	4
531654	6	531653	1	7
531659	2	531658	3	5
531663	1	531662	3	4
531669	2	531668	5	7
531686	7	531685	5	12
531692	3	531691	25	28
531704	8	531703	5	13
531706	15	531705	22	37
531720	10	531719	3	13
531728	6	531727	4	10
531730	3	531729	5	8
531732	8	531731	3	11
531735	6	531734	5	11
531738	1	105238	4	5
531743	9	531742	3	12
531746	4	531745	2	6
531748	3	531747	5	8
531758	4	531757	3	7
531760	3	531759	6	9
531762	1	877076	3	4
531765	8	531764	10	18
531781	7	531780	6	13
531786	5	531785	8	13
531788	11	531787	5	16
531793	9	531792	10	19
531795	10	531794	6	16
531805	10	531804	3	13
531818	5	531817	3	8
531823	4	531822	1	5
531832	17	531831	9	26
531854	1	531853	11	12
531856	7	531855	2	9
531860	1	531859	89	90
531871	4	531870	1	5
531882	4	531881	3	7
531891	2	531890	2	4
531919	3	105337	2	5
531923	6	531922	21	27
531927	5	531926	5	10
531943	6	317016	1	7
531953	8	105373	7	15
531958	6	531957	3	9
531960	9	531959	10	19
531961	7	105387	9	16
531964	5	531963	4	9
531972	11	531971	4	15
531989	5	531988	1	6
531998	6	531997	3	9
532001	8	532000	4	12
532012	9	532011	6	15
532014	3	877165	6	9
532016	4	532015	5	9
532022	2	532021	8	10
532024	6	532023	14	20
532027	12	532026	6	18
532029	10	532028	7	17
532030	9	105432	2	11
532032	5	532031	6	11
532034	7	532033	3	10
532036	9	532035	5	14
532038	2	532037	2	4
532043	3	532042	8	11
532049	8	532048	8	16
532054	3	105467	5	8
532059	5	532058	3	8
532065	6	532064	6	12
532075	4	532074	3	7
532086	12	532085	2	14
532088	10	532087	7	17
532097	8	105507	1	9
532108	1	532107	5	6
532126	3	877207	13	16
532128	7	532127	6	13
532130	18	105551	8	26
532134	4	532133	5	9
532136	2	532135	2	4
532139	6	532138	1	7
532149	8	532148	8	16
532153	10	532152	3	13
532159	22	532158	4	26
532172	9	532171	5	14
532176	8	532175	3	11
532177	9	317073	13	22
532181	8	532180	12	20
532189	3	532188	3	6
532196	3	105589	3	6
532211	10	532210	7	17
532214	4	105598	2	6
532225	8	532224	1	9
532248	2	532247	10	12
532256	2	532255	2	4
532269	9	532268	20	29
532286	6	532285	6	12
532290	9	532289	4	13
532304	8	105652	5	13
532308	11	532307	9	20
532326	6	317090	6	12
532344	4	105672	7	11
532353	6	532352	9	15
532360	8	532359	11	19
532361	7	105683	4	11
532366	8	105685	6	14
532369	2	532368	6	8
532376	19	532375	10	29
532380	13	532379	2	15
532404	10	532403	4	14
532407	6	877319	3	9
532409	9	532408	10	19
532413	6	532412	5	11
532417	13	532416	2	15
532420	7	532419	11	18
532423	6	532422	9	15
532434	9	105728	2	11
532438	1	532437	7	8
532445	5	105729	3	8
532448	8	532447	6	14
532450	5	532449	9	14
532454	18	532453	6	24
532463	2	532462	2	4
532484	2	532483	1	3
532487	12	532486	3	15
532499	3	877361	1	4
532504	1	105790	1	2
532508	1	532507	1	2
532513	1	105802	1	2
532518	2	532517	2	4
532523	1	532522	1	2
532540	2	532539	2	4
532545	4	532544	4	8
532549	10	532548	1	11
532550	5	105844	10	15
532552	4	532551	9	13
532554	8	532553	8	16
532558	7	877386	19	26
532561	7	532560	9	16
532567	10	532566	5	15
532570	10	532569	14	24
532572	3	532571	4	7
532574	12	532573	7	19
532576	4	532575	6	10
532583	2	532582	5	7
532586	6	532585	4	10
532593	8	532592	25	33
532609	2	532608	5	7
532616	8	105900	3	11
532618	4	532617	7	11
532643	1	532642	2	3
532663	2	532662	5	7
532668	6	532667	5	11
532672	9	532671	3	12
532674	5	532673	4	9
532679	1	532678	3	4
532681	8	532680	10	18
532685	5	532684	7	12
532697	11	105973	8	19
532699	5	532698	7	12
532703	7	532702	30	37
532707	6	532706	2	8
532710	14	532709	6	20
532715	2	532714	4	6
532721	8	105987	5	13
532728	11	532727	11	22
532730	15	532729	5	20
532732	9	532731	11	20
532738	11	532737	10	21
532748	11	532747	8	19
532752	9	106004	3	12
532756	10	532755	6	16
532764	13	532763	9	22
532771	16	106025	8	24
532775	1	532774	9	10
532782	8	532781	5	13
532783	10	106039	8	18
532794	10	532793	12	22
532808	1	106056	9	10
532819	22	532818	2	24
532823	4	532822	4	8
532839	4	532838	9	13
532848	18	532847	8	26
532858	9	532857	6	15
532862	9	532861	6	15
532873	12	532872	9	21
532879	1	532878	2	3
532903	4	532902	12	16
532917	18	532916	18	36
532933	3	532932	7	10
532947	4	532946	14	18
532949	11	532948	8	19
532959	19	532958	16	35
532965	8	532964	13	21
532986	15	532985	18	33
532989	8	532988	8	16
532993	11	532992	5	16
532996	9	532995	11	20
533004	7	106243	7	14
533024	29	106268	8	37
533028	15	533025	6	21
533034	6	106278	4	10
533044	8	533043	4	12
533045	3	106282	9	12
533051	8	533050	4	12
533058	3	877571	8	11
533063	9	877574	16	25
533065	10	533064	1	11
533083	17	533082	6	23
533086	9	533085	1	10
533089	6	533088	12	18
533092	11	533091	3	14
533095	8	533094	8	16
533100	8	533099	2	10
533105	6	533104	5	11
533120	6	533119	3	9
533128	4	533127	2	6
533132	2	533131	3	5
533135	1	533134	7	8
533137	1	533136	2	3
533159	2	533158	2	4
533181	5	106443	3	8
533194	7	533193	10	17
533201	3	533200	8	11
533204	1	533203	6	7
533206	11	533205	8	19
533230	1	533229	9	10
533233	4	533232	11	15
533246	8	533245	8	16
533248	5	533247	7	12
533251	8	533250	5	13
533255	2	533254	5	7
533263	15	106487	13	28
533269	2	533268	2	4
533277	6	533276	2	8
533283	8	533282	2	10
533294	16	533293	6	22
533296	14	533295	12	26
533300	2	533299	1	3
533302	1	533301	2	3
533307	1	533306	2	3
533309	1	533308	1	2
533311	1	533310	1	2
533314	1	533313	1	2
533323	3	533322	1	4
533324	4	877674	8	12
533329	15	533328	5	20
533331	1	533330	1	2
533334	3	533333	3	6
533336	2	533335	3	5
533338	1	533337	9	10
533342	6	533341	12	18
533355	6	533354	2	8
533357	4	533356	7	11
533359	9	533358	2	11
533368	1	533367	3	4
533385	2	533384	4	6
533392	3	317280	2	5
533400	4	533399	1	5
533409	4	533408	5	9
533433	3	533432	7	10
533440	3	533439	20	23
533471	2	533470	3	5
533485	4	533484	1	5
533489	8	533488	7	15
533503	7	533502	5	12
533507	6	533506	13	19
533516	5	533515	13	18
533520	9	533519	6	15
533524	7	106735	5	12
533528	5	533527	4	9
533529	9	317315	4	13
533539	1	533538	8	9
533541	2	877761	7	9
533543	6	533542	2	8
533547	5	533546	3	8
533549	11	106762	9	20
533550	7	877767	6	13
533556	3	533555	3	6
533573	5	533572	8	13
533584	2	533583	3	5
533586	4	533585	7	11
533590	6	106807	1	7
533592	3	533591	8	11
533594	6	533593	8	14
533595	31	106810	4	35
533601	9	533600	6	15
533604	4	533603	5	9
533608	1	533607	8	9
533610	6	533609	2	8
533622	6	533621	4	10
533629	2	533628	5	7
533641	4	533640	1	5
533648	7	533647	3	10
533651	2	533650	2	4
533677	2	533676	5	7
533681	3	106894	3	6
533691	6	106902	2	8
533692	1	106904	6	7
533698	4	533697	1	5
533708	3	533707	2	5
533717	3	533716	8	11
533726	10	533725	10	20
533738	1	533737	9	10
533740	22	317368	15	37
533743	7	533742	7	14
533751	12	533750	32	44
533780	19	533779	7	26
533788	5	533787	7	12
533808	2	533807	5	7
533817	9	533816	4	13
533823	2	533822	5	7
533827	7	533826	1	8
533831	1	317387	4	5
533835	5	533834	5	10
533844	1	533843	6	7
533846	9	533845	4	13
533849	6	533848	19	25
533860	5	107075	6	11
533861	13	877891	5	18
533869	8	533868	2	10
533872	2	533871	3	5
533883	4	107088	3	7
533901	3	533900	2	5
533914	8	533913	9	17
533922	1	107114	1	2
533938	2	533937	4	6
533976	2	533975	6	8
533985	1	533984	2	3
533991	6	533990	23	29
534000	12	533999	5	17
534008	22	534007	4	26
534010	5	534009	2	7
534014	3	534013	7	10
534015	3	1038531	7	10
534017	2	534016	4	6
534020	5	534019	2	7
534026	5	534025	9	14
534046	5	534045	5	10
534057	2	534056	3	5
534063	4	534062	4	8
534066	1	534065	8	9
534075	5	534074	7	12
534077	5	534076	25	30
534079	9	534078	2	11
534086	9	107221	3	12
534107	5	534106	6	11
534120	6	534119	4	10
534123	4	534122	6	10
534127	9	534126	3	12
534131	1	534130	12	13
534140	10	534139	11	21
534156	2	534155	10	12
534164	6	534163	4	10
534191	11	534190	19	30
534195	11	534194	13	24
534227	6	534226	9	15
534244	12	534243	9	21
534248	4	878024	3	7
534258	5	534257	7	12
534262	6	107385	5	11
534264	12	534263	5	17
534269	5	534268	11	16
534274	3	107393	4	7
534276	3	534275	4	7
534284	3	534283	4	7
534287	4	534286	3	7
534290	6	534289	2	8
534296	2	534295	1	3
534299	2	534298	6	8
534307	7	534306	15	22
534311	2	534310	8	10
534328	2	534327	16	18
534337	7	534336	4	11
534340	10	534339	8	18
534342	1	534341	4	5
534344	2	878064	2	4
534346	9	534345	2	11
534350	6	534349	3	9
534363	9	534362	9	18
534376	2	534375	5	7
534379	4	1038630	4	8
534383	2	107493	8	10
534394	1	107519	2	3
534403	4	534402	3	7
534405	7	534404	5	12
534422	4	534421	5	9
534425	8	534424	7	15
534464	6	534463	1	7
534467	6	534466	11	17
534480	7	534479	7	14
534482	12	534481	4	16
534502	3	534501	4	7
534505	3	534504	5	8
534525	4	534524	3	7
534527	3	534526	6	9
534529	6	534528	6	12
534535	2	534534	6	8
534541	6	534540	8	14
534545	7	534544	6	13
534552	11	107616	4	15
534562	7	534561	1	8
534568	4	534567	6	10
534571	4	534570	4	8
534587	10	534586	10	20
534616	7	534615	4	11
534620	7	534619	5	12
534626	9	534625	13	22
534629	5	107673	1	6
534632	3	107674	2	5
534634	6	534633	2	8
534638	3	534637	5	8
534640	4	107677	4	8
534642	4	534641	2	6
534647	2	534646	4	6
534654	13	107687	1	14
534657	8	534656	2	10
534665	13	107698	6	19
534667	5	534666	7	12
534670	4	534669	2	6
534681	17	534680	10	27
534692	14	534691	22	36
534694	7	534693	8	15
534697	8	534696	6	14
534700	12	107716	2	14
534702	3	534701	3	6
534704	8	534703	8	16
534709	8	534708	4	12
534711	1	534710	5	6
534713	23	107722	3	26
534716	6	534715	3	9
534719	4	534718	21	25
534729	1	878203	9	10
534735	5	534734	10	15
534738	6	534737	7	13
534740	8	534739	12	20
534746	1	534745	1	2
534749	11	534748	4	15
534751	7	534750	3	10
534754	2	534753	1	3
534757	1	534756	4	5
534759	5	534758	4	9
534761	5	107763	5	10
534763	3	534762	2	5
534771	5	534770	7	12
534776	5	107774	1	6
534782	4	534781	5	9
534786	8	107787	1	9
534797	14	534796	4	18
534806	2	534805	2	4
534816	4	534815	5	9
534818	5	107817	5	10
534820	5	107824	5	10
534842	3	534841	10	13
534845	5	878257	8	13
534874	3	534873	12	15
534891	8	534890	5	13
534901	2	534900	5	7
534906	4	534905	1	5
534933	3	534932	13	16
534935	3	534934	4	7
534938	9	107957	3	12
534941	3	534940	4	7
534946	3	534945	6	9
534952	7	534951	7	14
534971	5	534970	6	11
534976	1	534975	2	3
534989	1	534988	6	7
534991	5	534990	1	6
534994	4	534993	7	11
534997	3	534996	3	6
535011	4	535010	6	10
535013	4	535012	3	7
535019	2	535018	1	3
535023	7	535022	3	10
535034	2	108047	2	4
535038	1	535037	2	3
535047	2	535046	2	4
535049	3	535048	13	16
535063	2	535062	2	4
535071	2	535070	8	10
535073	13	535072	7	20
535089	6	535088	1	7
535094	3	108086	6	9
535107	1	535106	7	8
535109	1	108094	3	4
535111	6	535110	6	12
535114	4	535113	7	11
535125	3	535124	3	6
535128	1	108108	1	2
535132	1	535131	1	2
535147	3	535146	5	8
535148	9	108128	4	13
535151	4	535150	4	8
535157	2	535156	5	7
535163	5	535162	7	12
535165	6	535164	5	11
535172	1	535171	2	3
535175	2	535174	1	3
535185	4	535184	4	8
535197	6	535196	2	8
535200	4	535199	5	9
535203	5	535202	1	6
535206	4	535205	10	14
535212	6	535211	6	12
535216	1	535215	2	3
535221	7	535220	2	9
535223	7	878395	2	9
535231	6	535230	2	8
535238	2	535237	4	6
535239	1	108194	5	6
535246	3	535245	1	4
535249	2	535248	2	4
535254	1	535253	3	4
535257	1	535256	5	6
535259	5	535258	5	10
535269	1	535268	1	2
535271	3	535270	1	4
535276	1	535275	3	4
535285	12	535284	3	15
535291	4	535290	1	5
535296	1	535295	1	2
535307	6	535306	9	15
535310	6	108254	1	7
535316	6	535315	8	14
535320	7	108259	24	31
535327	1	535326	6	7
535331	21	535330	14	35
535335	1	108280	2	3
535341	2	535340	1	3
535349	4	535348	3	7
535364	8	535363	1	9
535370	1	535369	3	4
535372	1	535371	29	30
535375	1	535374	3	4
535378	2	535377	6	8
535380	4	535379	8	12
535389	1	535388	2	3
535396	2	535395	1	3
535401	5	535400	7	12
535404	2	535403	34	36
535415	1	535414	11	12
535429	1	535428	1	2
535440	6	535439	7	13
535455	5	535454	2	7
535458	1	535457	2	3
535497	3	535496	6	9
535511	25	535510	3	28
535531	6	535530	10	16
535541	4	535540	4	8
535543	5	535542	10	15
535546	11	535545	10	21
535550	16	535549	12	28
535567	5	535566	6	11
535571	11	535570	4	15
535578	9	535577	1	10
535585	2	535584	6	8
535589	2	535588	2	4
535592	9	535591	10	19
535598	3	535597	8	11
535601	10	535600	5	15
535606	2	535605	3	5
535612	15	535611	6	21
535617	11	535616	10	21
535622	10	535621	8	18
535624	7	535623	5	12
535629	3	535628	1	4
535640	4	535639	5	9
535641	7	108737	7	14
535657	5	535656	1	6
535661	1	535660	1	2
535663	8	535662	4	12
535671	2	535670	2	4
535675	4	317795	7	11
535695	3	535694	1	4
535698	3	535697	2	5
535703	12	535702	1	13
535707	3	535706	3	6
535713	11	535712	7	18
535715	2	535714	4	6
535716	5	108848	1	6
535719	1	535718	5	6
535727	3	535726	2	5
535729	4	535725	1	5
535731	7	535730	5	12
535733	2	535732	4	6
535736	4	535735	1	5
535764	2	535763	3	5
535796	2	535795	1	3
535801	3	535800	2	5
535804	2	535803	2	4
535809	1	535808	3	4
535826	4	535825	6	10
535828	6	535827	1	7
535838	8	535837	7	15
535843	7	535842	7	14
535847	1	108990	1	2
535849	9	535848	4	13
535852	2	535851	1	3
535854	2	535853	4	6
535867	5	535866	2	7
535877	1	535876	5	6
535879	16	535878	4	20
535882	5	535881	1	6
535894	5	878711	3	8
535899	3	535897	4	7
535901	1	535900	4	5
535903	3	535902	3	6
535917	3	317875	1	4
535923	2	535922	1	3
535924	2	317879	4	6
535926	1	535925	4	5
535934	2	109086	4	6
535937	4	535936	5	9
535941	9	535940	4	13
535946	6	535945	2	8
535999	1	535998	2	3
536011	1	536010	3	4
536044	2	536043	5	7
536053	2	536052	4	6
536069	5	109186	5	10
536071	5	536070	3	8
536081	1	536080	6	7
536085	3	536084	3	6
536089	12	109202	2	14
536104	5	536103	19	24
536109	3	536108	1	4
536113	1	109214	5	6
536114	11	109216	1	12
536119	4	109222	6	10
536121	5	536120	4	9
536127	6	109229	2	8
536137	8	536136	5	13
536142	4	536141	10	14
536149	7	536148	4	11
536166	5	536165	7	12
536179	3	536178	8	11
536183	8	536182	5	13
536192	5	536191	2	7
536200	2	536199	3	5
536206	4	536205	1	5
536208	1	536207	6	7
536215	2	317934	2	4
536224	2	536223	4	6
536242	1	536241	2	3
536258	2	536257	3	5
536265	2	536264	2	4
536269	4	536268	1	5
536272	6	536271	13	19
536276	1	536275	2	3
536282	12	109359	9	21
536285	7	109362	10	17
536290	11	109364	2	13
536305	12	536304	7	19
536310	6	536309	4	10
536325	7	536324	12	19
536328	5	536327	3	8
536332	12	536331	7	19
536344	7	109425	2	9
536353	3	109430	1	4
536358	6	536357	5	11
536365	2	536364	4	6
536376	5	536375	9	14
536382	9	536381	5	14
536384	13	536383	4	17
536403	8	536402	7	15
536406	15	536405	4	19
536412	5	536411	4	9
536420	2	536419	8	10
536423	3	536422	6	9
536430	5	109498	8	13
536448	7	536447	7	14
536450	4	536449	4	8
536462	3	536461	4	7
536469	6	536468	12	18
536472	5	536471	6	11
536476	14	536475	6	20
536485	11	109577	10	21
536487	12	536486	11	23
536492	10	536491	10	20
536498	5	536497	7	12
536502	5	536501	10	15
536506	6	536505	2	8
536510	3	878985	7	10
536515	9	536514	9	18
536517	15	536516	9	24
536521	9	536520	5	14
536523	4	109631	6	10
536530	2	536529	5	7
536532	7	536531	2	9
536535	8	536534	4	12
536543	4	536542	3	7
536551	4	536550	3	7
536554	9	536553	7	16
536560	9	536559	6	15
536565	5	536564	1	6
536573	5	536572	4	9
536587	1	536586	8	9
536592	8	536591	10	18
536595	3	536594	2	5
536596	14	879026	14	28
536610	11	536609	2	13
536624	18	536623	10	28
536633	6	536632	8	14
536655	3	536654	1	4
536660	2	536659	4	6
536672	8	109776	2	10
536677	2	536676	1	3
536681	6	536680	5	11
536683	1	536682	4	5
536697	4	879070	1	5
536700	1	109799	4	5
536709	9	536708	3	12
536730	11	536729	4	15
536752	3	536751	4	7
536754	10	536753	10	20
536762	4	536761	4	8
536771	5	536770	9	14
536772	4	109888	3	7
536774	5	536773	1	6
536777	4	536776	2	6
536779	8	109898	1	9
536791	2	536790	5	7
536800	5	536799	2	7
536830	8	536829	4	12
536840	7	536839	4	11
536857	4	536856	7	11
536859	3	536858	7	10
536863	9	536862	8	17
536870	4	109975	1	5
536874	8	536873	6	14
536879	8	536878	4	12
536886	3	536885	2	5
536891	5	110000	16	21
536896	6	536895	5	11
536913	5	536912	3	8
536916	5	536915	1	6
536927	4	110038	6	10
536936	3	536935	2	5
536939	5	536938	4	9
536945	2	536944	2	4
536950	5	536949	3	8
536953	2	536952	3	5
536958	1	536957	7	8
536969	4	536968	10	14
536977	6	536976	4	10
536981	1	536980	1	2
536985	3	536984	6	9
536990	4	536989	2	6
536999	1	536998	1	2
537014	1	537013	2	3
537025	2	537024	8	10
537034	5	537033	4	9
537044	1	537043	2	3
537056	1	537055	3	4
537066	2	537065	6	8
537073	4	537072	5	9
537076	5	537075	6	11
537079	2	110205	12	14
537092	2	537091	7	9
537111	3	110238	1	4
537115	5	537114	3	8
537121	2	537120	2	4
537132	1	537131	3	4
537137	2	537136	5	7
537153	2	537152	13	15
537158	2	537157	3	5
537161	5	537160	2	7
537169	7	537168	2	9
537171	7	537170	7	14
537181	6	537180	3	9
537189	4	537188	2	6
537191	3	537190	12	15
537204	7	537203	8	15
537219	45	318217	5	50
537222	3	537221	1	4
537225	3	537224	2	5
537230	14	537229	35	49
537237	2	537236	6	8
537239	2	537238	3	5
537243	2	537242	3	5
537248	2	537247	4	6
537251	7	537250	1	8
537263	5	537262	10	15
537267	2	537266	5	7
537274	5	537273	1	6
537281	3	537280	2	5
537284	2	537283	3	5
537288	2	110406	2	4
537291	2	537290	3	5
537301	3	879310	4	7
537304	5	537303	18	23
537305	3	110429	4	7
537309	26	537308	3	29
537316	3	110432	3	6
537318	2	879315	4	6
537325	2	537324	3	5
537356	3	537355	1	4
537359	2	537358	4	6
537361	6	537360	3	9
537364	9	537363	4	13
537371	7	537370	23	30
537383	2	537382	8	10
537388	6	537387	2	8
537394	2	537393	5	7
537401	3	110513	6	9
537408	2	537407	5	7
537409	9	110519	2	11
537415	10	537414	2	12
537422	5	537421	5	10
537431	2	537430	1	3
537437	2	537436	6	8
537447	6	879359	14	20
537449	8	537448	3	11
537457	8	537456	13	21
537471	9	537470	9	18
537479	3	537478	8	11
537482	5	537481	8	13
537494	1	537492	9	10
537502	6	537501	7	13
537505	9	537504	7	16
537520	3	537519	2	5
537522	1	537521	6	7
537524	5	537523	5	10
537526	6	537525	3	9
537543	10	537542	5	15
537547	3	537546	5	8
537552	7	537551	8	15
537553	5	318289	7	12
537556	3	537555	8	11
537563	4	537562	3	7
537575	6	537574	8	14
537581	4	537580	11	15
537589	1	537588	7	8
537592	17	537591	14	31
537612	5	537611	7	12
537624	2	537623	2	4
537637	6	537636	11	17
537640	14	537639	5	19
537648	8	537647	3	11
537650	4	537649	4	8
537682	2	537681	8	10
537706	5	537705	1	6
537714	4	537713	7	11
537723	3	537722	4	7
537734	3	537733	1	4
537737	5	537736	4	9
537748	2	537747	3	5
537756	2	537755	3	5
537759	2	537758	3	5
537761	2	537760	5	7
537763	7	537762	5	12
537768	3	537767	1	4
537770	2	537769	3	5
537777	6	537776	5	11
537784	2	537783	3	5
537789	1	537788	1	2
537791	6	537790	2	8
537798	2	537797	1	3
537832	1	110862	2	3
537839	1	110865	1	2
537846	2	537845	3	5
537851	2	537850	1	3
537867	12	537866	5	17
537876	2	537875	4	6
537889	4	110928	8	12
537891	3	537890	2	5
537903	7	537902	9	16
537918	3	537917	7	10
537926	3	537925	3	6
537928	6	537927	3	9
537930	11	537929	4	15
537939	3	537938	1	4
537942	2	110973	2	4
537952	4	537951	3	7
537958	5	537957	5	10
537981	4	537980	1	5
537993	2	537992	7	9
537995	4	537994	3	7
537999	1	537998	3	4
538000	3	111000	4	7
538001	4	111002	3	7
538027	4	111020	2	6
538043	3	538042	1	4
538052	2	111047	3	5
538062	3	879618	4	7
538069	3	538068	2	5
538072	14	318377	29	43
538075	1	538074	2	3
538077	7	538076	4	11
538079	4	538078	1	5
538088	3	538087	1	4
538093	6	538092	3	9
538095	2	538094	1	3
538101	5	538100	15	20
538112	7	538111	6	13
538123	5	538122	38	43
538129	9	538128	10	19
538149	3	111121	3	6
538151	3	538150	1	4
538160	47	111126	1	48
538163	3	538162	2	5
538168	4	111142	2	6
538177	10	538176	6	16
538179	6	538178	3	9
538203	1	538202	1	2
538207	10	538206	3	13
538221	8	538220	5	13
538232	4	538231	5	9
538252	3	538251	4	7
538264	1	538263	1	2
538267	4	538266	5	9
538269	3	538268	10	13
538271	16	538270	4	20
538274	6	538273	8	14
538277	5	538276	3	8
538284	5	538283	3	8
538286	7	538285	8	15
538295	1	538294	2	3
538297	4	538296	1	5
538301	14	538300	18	32
538308	1	538307	10	11
538316	4	111252	2	6
538328	2	538327	7	9
538331	2	111268	3	5
538335	1	111274	1	2
538343	1	538342	4	5
538352	3	538351	4	7
538363	15	538362	3	18
538382	2	538380	1	3
538394	13	879755	1	14
538400	2	538399	4	6
538401	5	111332	1	6
538408	4	538407	2	6
538417	7	538416	4	11
538418	2	111346	6	8
538421	2	538420	7	9
538424	1	538423	3	4
538440	21	538439	5	26
538443	7	538442	3	10
538448	2	538447	3	5
538451	5	111370	5	10
538453	1	111374	2	3
538461	5	538460	4	9
538463	7	538462	6	13
538467	8	111388	5	13
538469	3	538468	5	8
538474	1	538473	1	2
538498	6	538497	2	8
538499	4	111441	2	6
538501	6	111442	3	9
538505	2	538504	4	6
538508	1	111446	1	2
538517	2	538516	17	19
538534	5	538533	2	7
538535	12	111487	2	14
538536	5	111489	3	8
538550	6	538549	5	11
538553	1	538552	7	8
538575	5	538574	15	20
538577	12	538576	1	13
538580	3	538579	15	18
538582	10	538581	6	16
538584	6	111538	1	7
538589	4	538588	8	12
538593	1	538592	4	5
538605	1	538604	6	7
538610	5	538609	3	8
538621	6	111591	3	9
538623	6	538622	5	11
538637	2	538636	4	6
538639	1	111606	4	5
538641	10	111617	1	11
538647	1	111637	1	2
538664	1	538663	3	4
538667	2	538666	3	5
538669	3	538668	4	7
538672	2	538671	22	24
538678	6	538677	3	9
538684	12	111675	3	15
538688	11	538687	2	13
538695	6	538694	1	7
538703	3	538702	5	8
538706	2	538705	3	5
538710	2	538709	3	5
538726	1	111710	3	4
538733	1	538732	2	3
538745	8	538744	10	18
538750	8	538749	7	15
538764	1	538763	3	4
538766	8	538765	17	25
538769	2	538768	3	5
538784	9	538783	10	19
538789	7	538788	2	9
538792	12	538791	2	14
538794	6	538793	5	11
538800	12	111785	8	20
538806	8	538805	5	13
538810	8	111796	3	11
538811	7	318539	6	13
538813	8	111801	7	15
538815	14	538814	9	23
538821	12	538820	29	41
538832	6	111810	5	11
538838	10	538837	18	28
538840	25	538839	8	33
538842	14	1040135	4	18
538845	5	538844	15	20
538848	16	538847	7	23
538871	13	111834	6	19
538873	21	879952	5	26
538875	10	538874	9	19
538884	14	538883	6	20
538890	3	538889	6	9
538893	4	111853	3	7
538898	5	879962	11	16
538900	9	538899	6	15
538902	3	538901	3	6
538903	3	111859	2	5
538906	1	538905	11	12
538911	5	538910	6	11
538919	14	538918	11	25
538921	11	538920	7	18
538925	7	538924	5	12
538927	5	111881	2	7
538929	5	538928	10	15
538931	5	111882	1	6
538933	15	879972	3	18
538937	5	538936	23	28
538941	7	538940	16	23
538943	8	538942	2	10
538946	21	538945	6	27
538952	3	538951	4	7
538956	11	538955	11	22
538959	1	538958	5	6
538962	5	538961	8	13
538966	61	538965	8	69
538981	4	538980	33	37
538993	12	538992	6	18
539016	9	539015	9	18
539026	7	539025	16	23
539030	12	539029	2	14
539032	5	539031	10	15
539044	11	539043	5	16
539046	6	539045	6	12
539048	6	539047	4	10
539052	18	539051	9	27
539060	8	539059	15	23
539069	6	111964	9	15
539075	7	539074	5	12
539077	4	539076	16	20
539092	10	318597	3	13
539094	6	539093	14	20
539096	11	539095	6	17
539114	9	539113	2	11
539121	1	539120	5	6
539125	27	539124	14	41
539142	2	539141	1	3
539154	9	539153	4	13
539159	1	539158	7	8
539165	6	539164	12	18
539177	1	539176	5	6
539189	6	112075	4	10
539195	2	539194	6	8
539202	2	112094	8	10
539206	7	539205	3	10
539208	3	539207	1	4
539219	2	539218	1	3
539225	1	539224	2	3
539229	19	539228	4	23
539236	10	539235	4	14
539242	2	539241	7	9
539246	4	318628	10	14
539249	3	539248	9	12
539252	5	539251	11	16
539265	2	539264	2	4
539278	9	539277	8	17
539283	1	539282	8	9
539287	5	539286	6	11
539295	9	539294	11	20
539297	9	539296	5	14
539301	1	539300	1	2
539303	4	539302	5	9
539324	1	539323	2	3
539328	2	539327	6	8
539344	2	112291	7	9
539346	4	539345	2	6
539355	1	539354	2	3
539359	5	539358	6	11
539360	5	112318	3	8
539365	2	539364	1	3
539371	5	539370	5	10
539373	7	539372	8	15
539380	4	539379	5	9
539382	4	539381	1	5
539384	1	112348	1	2
539390	9	539389	4	13
539406	11	539405	5	16
539410	6	539409	8	14
539415	5	539414	3	8
539417	2	539416	3	5
539427	9	112374	2	11
539433	7	539432	10	17
539447	5	539446	5	10
539471	3	112420	5	8
539474	8	112425	5	13
539476	6	539475	10	16
539485	7	1040343	4	11
539490	5	539489	5	10
539498	1	539497	1	2
539507	4	539506	8	12
539510	4	539509	6	10
539520	4	539519	2	6
539522	9	539521	3	12
539528	6	539527	1	7
539536	14	539535	7	21
539542	6	539541	8	14
539544	15	539543	6	21
539555	4	539554	13	17
539559	13	539558	3	16
539563	6	539562	6	12
539570	6	539569	3	9
539578	2	112511	1	3
539582	3	112517	3	6
539586	2	539585	1	3
539592	7	539591	4	11
539599	2	539598	1	3
539609	1	539608	9	10
539614	3	539613	1	4
539620	7	318711	3	10
539633	3	539632	4	7
539640	7	539639	5	12
539642	5	539641	1	6
539648	2	112578	2	4
539651	16	539650	7	23
539654	6	112584	2	8
539659	2	539658	9	11
539666	4	539665	3	7
539669	1	539668	4	5
539671	3	539670	2	5
539678	5	112598	4	9
539685	1	539684	4	5
539686	1	112620	7	8
539690	2	539689	5	7
539698	8	539697	5	13
539714	8	112645	3	11
539722	6	539721	4	10
539735	3	539734	2	5
539737	4	539736	5	9
539740	1	112672	2	3
539744	4	539743	8	12
539754	27	539753	11	38
539777	6	539776	6	12
539782	14	539781	6	20
539785	4	112726	2	6
539790	4	539789	4	8
539793	2	112732	2	4
539796	1	539795	3	4
539803	3	539802	4	7
539805	5	539804	1	6
539813	3	112766	2	5
539829	1	539828	3	4
539832	1	539831	1	2
539835	2	112795	4	6
539836	8	112803	5	13
539858	7	539857	7	14
539864	9	112835	3	12
539870	4	539869	2	6
539871	3	880379	6	9
539873	2	539872	9	11
539877	2	539876	6	8
539884	2	880381	4	6
539898	3	539897	7	10
539900	1	539899	3	4
539903	5	539902	2	7
539915	3	539914	2	5
539918	6	539917	6	12
539922	5	539921	2	7
539925	2	539924	6	8
539929	6	539928	5	11
539932	6	539931	12	18
539934	7	539933	4	11
539942	6	539941	3	9
539946	3	539945	6	9
539950	6	539949	3	9
539954	2	539953	12	14
539955	4	880407	24	28
539960	2	539959	4	6
539962	3	539961	1	4
539968	1	539967	3	4
539980	3	539979	3	6
539999	2	539998	9	11
540008	9	112948	4	13
540017	6	540016	3	9
540020	5	318806	2	7
540024	1	540023	10	11
540030	1	540029	2	3
540031	2	318809	6	8
540044	2	540043	3	5
540050	3	112995	3	6
540065	2	113028	2	4
540071	2	113030	1	3
540075	5	540074	2	7
540088	1	540087	2	3
540093	4	113048	1	5
540098	4	540097	2	6
540120	1	540119	1	2
540123	5	540122	3	8
540146	3	540145	2	5
540156	1	540155	3	4
540165	1	540164	1	2
540171	2	540170	3	5
540177	1	540176	2	3
540186	2	540185	3	5
540193	1	540192	2	3
540216	3	540215	1	4
540225	7	540224	7	14
540233	9	540232	7	16
540240	2	540239	10	12
540245	2	540244	1	3
540259	4	540258	2	6
540260	3	113159	2	5
540261	6	113160	1	7
540271	7	540270	1	8
540293	4	113170	3	7
540304	8	540303	10	18
540309	1	540308	6	7
540319	4	318861	1	5
540330	5	540329	1	6
540334	4	540333	4	8
540338	3	540337	5	8
540341	3	113219	4	7
540345	9	540344	5	14
540350	10	540349	1	11
540353	2	540352	2	4
540355	6	540354	4	10
540357	2	540356	2	4
540358	4	318876	2	6
540361	1	540360	13	14
540377	2	540376	1	3
540387	8	880576	1	9
540395	8	540394	11	19
540397	17	540396	8	25
540400	8	540399	6	14
540421	3	540420	5	8
540431	4	540430	4	8
540437	2	113329	2	4
540444	2	540443	4	6
540450	15	540449	9	24
540452	16	540451	6	22
540458	5	540457	5	10
540461	2	540460	1	3
540480	10	540478	4	14
540487	1	540486	1	2
540489	5	540488	2	7
540492	6	540491	5	11
540499	1	540498	4	5
540504	8	113386	6	14
540506	9	540505	8	17
540508	2	540507	9	11
540510	9	540509	6	15
540512	2	540511	10	12
540520	6	540519	10	16
540521	6	113397	7	13
540531	9	540530	12	21
540536	3	540535	4	7
540555	9	540554	4	13
540558	6	318932	7	13
540567	5	540565	4	9
540573	21	540572	5	26
540576	5	540575	5	10
540587	3	540586	1	4
540589	2	540588	2	4
540594	1	540593	5	6
540596	2	540595	3	5
540601	1	540600	2	3
540604	5	113433	6	11
540607	3	540606	4	7
540619	2	540618	2	4
540633	4	540632	2	6
540637	3	540636	3	6
540641	1	540640	1	2
540643	1	540642	2	3
540656	3	540655	2	5
540669	3	113546	1	4
540677	3	540676	1	4
540687	1	540686	2	3
540702	2	540701	1	3
540706	3	318972	1	4
540720	3	113615	4	7
540724	6	540723	1	7
540742	1	540741	7	8
540769	2	540768	4	6
540774	4	113688	2	6
540776	1	540775	2	3
540778	5	113696	1	6
540779	1	113698	1	2
540793	1	113711	2	3
540811	11	540810	3	14
540815	2	540814	7	9
540819	3	540818	2	5
540834	3	540833	3	6
540848	3	540847	1	4
540850	1	540849	4	5
540853	2	540852	1	3
540862	3	540861	4	7
540883	2	540882	4	6
540900	1	540899	1	2
540916	2	319025	1	3
540918	2	319026	3	5
540922	3	540921	1	4
540924	1	540923	4	5
540960	4	540959	3	7
540968	4	540967	2	6
540970	3	540969	4	7
540983	1	113888	2	3
540986	2	540985	6	8
540988	5	540987	2	7
540990	2	540989	3	5
540995	8	540994	1	9
540997	3	540996	3	6
541002	3	113901	1	4
541005	8	113902	2	10
541008	3	541007	16	19
541012	2	541011	3	5
541034	4	541033	6	10
541040	10	541039	5	15
541050	2	541049	4	6
541062	5	541061	9	14
541068	2	541067	7	9
541073	3	541072	6	9
541075	1	541074	1	2
541097	2	113986	5	7
541104	4	113996	1	5
541110	10	541109	7	17
541117	2	541116	3	5
541119	9	541118	10	19
541124	2	541123	2	4
541127	3	541126	8	11
541133	3	541132	2	5
541138	2	541137	2	4
541142	2	541141	1	3
541152	6	541151	6	12
541156	2	541155	3	5
541165	1	541164	1	2
541174	2	541173	7	9
541181	8	541180	2	10
541188	14	114078	2	16
541190	2	541189	5	7
541192	17	114082	4	21
541200	4	541199	6	10
541212	5	541211	5	10
541220	2	541219	4	6
541224	2	541223	1	3
541233	1	541232	1	2
541240	6	541239	5	11
541245	5	541244	12	17
541248	3	541247	2	5
541250	4	541249	3	7
541254	1	541253	3	4
541256	4	541255	5	9
541262	9	114172	4	13
541266	7	541265	9	16
541279	8	114178	3	11
541283	5	541282	6	11
541289	3	114199	3	6
541292	7	541291	5	12
541304	11	114211	7	18
541306	5	541305	5	10
541308	1	541307	5	6
541318	8	541317	5	13
541325	5	541324	2	7
541331	4	114236	2	6
541343	7	541342	3	10
541352	51	114261	4	55
541360	8	541359	3	11
541364	1	541363	3	4
541384	3	541383	1	4
541387	2	541386	2	4
541397	2	541396	7	9
541399	3	541398	12	15
541402	24	541401	3	27
541422	1	541421	2	3
541435	3	541434	1	4
541440	2	541439	1	3
541443	5	541442	7	12
541456	3	541455	4	7
541458	5	541457	5	10
541461	4	541460	2	6
541468	1	541467	2	3
541503	1	541502	2	3
541506	5	881049	2	7
541518	4	114365	3	7
541523	4	541522	5	9
541527	4	541526	1	5
541529	4	114369	3	7
541532	2	541531	1	3
541533	2	114371	5	7
541549	13	541548	14	27
541552	3	541551	7	10
541575	2	541574	1	3
541576	3	319162	8	11
541581	5	541580	4	9
541583	2	114426	2	4
541591	1	541590	5	6
541607	5	541606	2	7
541612	2	541611	4	6
541619	2	541618	2	4
541627	3	541626	5	8
541632	3	541631	2	5
541635	2	541634	1	3
541647	9	541646	5	14
541667	10	541666	3	13
541679	5	541678	5	10
541685	9	114492	2	11
541691	7	114496	7	14
541702	6	541701	5	11
541713	1	541712	1	2
541717	2	541716	3	5
541722	3	541721	4	7
541727	6	541726	4	10
541741	5	541740	5	10
541742	3	881140	1	4
541745	3	541744	1	4
541748	6	541747	3	9
541751	2	541750	1	3
541753	3	541752	5	8
541762	3	541761	6	9
541775	3	541774	3	6
541780	5	541779	12	17
541782	11	541781	13	24
541788	7	541787	7	14
541793	5	541792	3	8
541797	4	541796	11	15
541811	10	541810	3	13
541819	3	114557	2	5
541822	8	541821	2	10
541824	24	541823	1	25
541826	4	541825	2	6
541844	4	541843	6	10
541847	2	319211	1	3
541854	4	541853	3	7
541857	4	541856	3	7
541860	6	541859	6	12
541870	11	541869	5	16
541873	4	541872	5	9
541896	4	541895	3	7
541899	5	541898	1	6
541901	5	541900	7	12
541904	5	541903	1	6
541921	6	541920	5	11
541931	5	114613	3	8
541934	1	541933	2	3
541941	3	541940	2	5
541950	3	541949	2	5
541964	11	541963	3	14
541972	3	541971	3	6
541975	2	541974	7	9
541985	12	541984	10	22
541990	4	541989	4	8
541996	1	541995	7	8
541997	6	114656	2	8
541998	2	881234	1	3
542008	6	542007	2	8
542013	1	542012	4	5
542015	3	542014	1	4
542023	2	542022	1	3
542037	4	542036	1	5
542040	1	542039	5	6
542052	2	542051	1	3
542060	2	542059	1	3
542077	6	542076	8	14
542080	3	542079	3	6
542082	3	114683	1	4
542086	3	542085	2	5
542088	1	542087	1	2
542095	5	114688	4	9
542101	5	542100	3	8
542104	1	542103	1	2
542109	3	542108	4	7
542112	1	542111	3	4
542118	3	114695	1	4
542120	5	542119	5	10
542122	3	542121	9	12
542127	4	542126	1	5
542135	3	542134	1	4
542140	5	542139	3	8
542143	2	542142	1	3
542145	5	542144	2	7
542148	3	542147	2	5
542151	1	542150	2	3
542153	1	542152	2	3
542156	1	542155	2	3
542158	2	542157	1	3
542172	2	114741	1	3
542174	9	542173	2	11
542177	2	542176	3	5
542178	1	114742	6	7
542179	5	881312	4	9
542183	4	542182	1	5
542187	9	542186	4	13
542190	8	542189	4	12
542193	8	542192	3	11
542195	2	542194	1	3
542199	20	542198	4	24
542212	2	542211	6	8
542220	1	542219	1	2
542223	4	542222	6	10
542233	4	542232	10	14
542235	1	542234	3	4
542236	3	114768	1	4
542241	2	542240	2	4
542248	2	542247	7	9
542250	2	542249	2	4
542253	4	542252	6	10
542255	2	114782	7	9
542259	2	881343	1	3
542262	4	542261	3	7
542269	2	542268	5	7
542277	1	542276	3	4
542283	6	542282	3	9
542288	1	542287	1	2
542296	1	542295	1	2
542305	5	542304	3	8
542307	6	542306	2	8
542308	2	114803	2	4
542314	1	542313	3	4
542327	4	542326	6	10
542334	5	542333	1	6
542337	2	542336	12	14
542339	6	542338	5	11
542347	3	542346	8	11
542355	2	542354	1	3
542357	5	542356	1	6
542358	2	114829	2	4
542364	1	542363	3	4
542367	1	542366	8	9
542370	3	542369	6	9
542374	4	542373	2	6
542378	3	542377	4	7
542401	3	542400	6	9
542405	11	542404	1	12
542412	4	542411	4	8
542422	7	114855	4	11
542430	4	319268	1	5
542441	3	542440	6	9
542444	9	542443	6	15
542450	8	542449	4	12
542452	5	542451	6	11
542454	8	542453	6	14
542464	3	542463	6	9
542471	2	542470	4	6
542475	2	542474	2	4
542482	2	542481	4	6
542488	2	542487	2	4
542499	7	542498	2	9
542507	8	542506	3	11
542514	25	542513	4	29
542524	2	542523	3	5
542536	6	114914	2	8
542540	3	542539	4	7
542542	3	542541	1	4
542544	8	114923	4	12
542546	7	542545	11	18
542552	5	542551	1	6
542554	1	542553	1	2
542557	4	542556	4	8
542581	1	114960	1	2
542590	3	114974	3	6
542600	9	542599	5	14
542625	10	542624	9	19
542636	1	115008	4	5
542660	1	542659	5	6
542674	3	542673	7	10
542697	3	881515	2	5
542707	5	115064	3	8
542734	2	542733	5	7
542747	4	542746	4	8
542754	1	115091	4	5
542757	2	542756	15	17
542764	1	542763	3	4
542767	2	542766	4	6
542772	5	542771	3	8
542777	2	542776	6	8
542780	2	542779	4	6
542783	2	115100	3	5
542795	4	542794	3	7
542797	2	115113	4	6
542801	4	881554	2	6
542810	2	542809	2	4
542811	9	115123	3	12
542816	1	542815	2	3
542821	2	542820	3	5
542823	3	542822	6	9
542824	3	881561	14	17
542825	9	115133	2	11
542828	1	542827	2	3
542836	5	542835	2	7
542841	5	542840	3	8
542846	1	542845	8	9
542852	6	542851	7	13
542855	3	542854	3	6
542859	2	542858	2	4
542869	1	542868	4	5
542889	4	115164	6	10
542895	1	542894	1	2
542912	5	542911	3	8
542914	2	542913	2	4
542928	11	542927	7	18
542938	4	542937	1	5
542945	4	542944	3	7
542950	4	542949	3	7
542957	1	542956	4	5
542959	4	542958	4	8
542962	25	542961	23	48
542975	6	542974	3	9
542988	3	542987	1	4
542995	3	542994	5	8
543000	4	542999	10	14
543007	3	543006	6	9
543013	3	543012	6	9
543022	13	881625	3	16
543034	2	543033	1	3
543037	15	543036	22	37
543042	6	543041	10	16
543044	5	543043	4	9
543047	14	543046	6	20
543049	3	543048	3	6
543082	2	543081	3	5
543084	5	543083	4	9
543089	6	319343	7	13
543099	3	543098	3	6
543108	4	881647	11	15
543116	3	543115	6	9
543123	7	543122	3	10
543125	4	543124	1	5
543132	2	881654	2	4
543140	10	543139	7	17
543144	13	115258	11	24
543153	2	543152	7	9
543166	1	543165	9	10
543176	4	543175	10	14
543181	1	115272	2	3
543183	6	543182	10	16
543186	6	543185	3	9
543206	4	543205	5	9
543213	1	543212	2	3
543216	5	543215	24	29
543219	5	881679	1	6
543223	3	543222	5	8
543229	1	543228	3	4
543231	6	543230	2	8
543234	2	319351	1	3
543237	2	543236	3	5
543244	1	543243	4	5
543250	3	543249	5	8
543254	1	543253	5	6
543256	4	543255	9	13
543273	7	543272	9	16
543275	3	543274	3	6
543278	1	543277	3	4
543291	4	543290	4	8
543295	2	115329	2	4
543297	1	115330	4	5
543303	12	543302	4	16
543308	6	543307	2	8
543312	2	543311	1	3
543318	4	543317	3	7
543339	2	881717	1	3
543365	2	543364	6	8
543373	2	115418	5	7
543378	4	543377	2	6
543380	5	881735	3	8
543382	9	543381	3	12
543388	2	543387	4	6
543392	7	543391	18	25
543394	6	543393	3	9
543404	2	115438	5	7
543409	4	543408	13	17
543419	4	543418	6	10
543423	1	543422	4	5
543425	2	543424	4	6
543434	5	543433	8	13
543449	6	881766	9	15
543454	11	543453	4	15
543457	4	543456	4	8
543459	1	543458	6	7
543466	8	543465	10	18
543469	6	543468	2	8
543475	4	543474	3	7
543488	1	115491	3	4
543513	3	543512	4	7
543516	7	543515	1	8
543519	8	543518	6	14
543524	2	543523	2	4
543528	7	543527	2	9
543535	1	319412	6	7
543552	9	543551	12	21
543555	4	543554	2	6
543558	3	543557	11	14
543561	2	543560	4	6
543563	2	115541	6	8
543588	10	543587	6	16
543600	8	543599	1	9
543605	6	543604	7	13
543615	9	543614	4	13
543619	2	543618	2	4
543621	2	543620	1	3
543627	2	543626	8	10
543630	2	543629	1	3
543634	2	543633	4	6
543637	3	543636	3	6
543639	1	543638	1	2
543641	5	543640	4	9
543651	4	543650	3	7
543655	6	543654	9	15
543670	3	543669	9	12
543675	8	543674	1	9
543683	4	543682	3	7
543687	3	543686	4	7
543693	4	543692	1	5
543697	5	543696	1	6
543700	3	543699	5	8
543705	1	543704	5	6
543712	3	543711	3	6
543714	2	543713	2	4
543726	5	115611	4	9
543744	4	543743	5	9
543746	3	543745	7	10
543747	2	115618	2	4
543756	8	543755	6	14
543760	3	543759	5	8
543771	1	881882	1	2
543780	2	543779	8	10
543786	4	543785	4	8
543788	4	543787	4	8
543801	1	543800	3	4
543803	9	543802	2	11
543805	4	543804	9	13
543808	9	543807	1	10
543812	6	543811	12	18
543814	2	543813	3	5
543816	3	543815	5	8
543818	1	543817	5	6
543820	2	543819	1	3
543822	2	543821	3	5
543829	5	543828	2	7
543831	2	543830	6	8
543842	3	115650	2	5
543848	2	543847	1	3
543860	1	543859	2	3
543879	7	115658	1	8
543881	3	543880	6	9
543882	1	881922	1	2
543886	3	543885	1	4
543895	3	543894	1	4
543901	3	543900	2	5
543903	7	543902	4	11
543911	11	543910	6	17
543913	5	543912	2	7
543917	3	543916	3	6
543921	4	543920	1	5
543925	14	543924	17	31
543927	1	543926	3	4
543935	6	543934	2	8
543945	1	543944	4	5
543953	3	543952	3	6
543956	4	543955	1	5
543963	10	543962	10	20
543971	2	543970	4	6
543975	5	115714	2	7
543987	15	543986	3	18
543989	3	543988	4	7
543993	2	543992	5	7
544002	3	544001	4	7
544004	6	544003	3	9
544005	1	115729	2	3
544011	5	544010	6	11
544020	4	544019	1	5
544036	4	544035	5	9
544043	3	544042	4	7
544051	2	544050	2	4
544057	4	544056	1	5
544063	1	544062	3	4
544066	5	544065	1	6
544068	3	115755	1	4
544073	5	544072	1	6
544101	6	544100	2	8
544103	2	544102	1	3
544108	14	544107	15	29
544110	6	544109	1	7
544112	2	544111	1	3
544120	4	544119	4	8
544121	4	115789	8	12
544125	2	544124	3	5
544134	3	544133	1	4
544136	6	115795	5	11
544143	7	544142	4	11
544144	2	319498	3	5
544150	4	544149	5	9
544162	4	544161	6	10
544169	7	544168	5	12
544171	5	544170	1	6
544175	3	544174	1	4
544187	2	544186	5	7
544193	6	544192	1	7
544201	2	544200	2	4
544203	5	544202	8	13
544206	8	544205	6	14
544209	5	544208	5	10
544214	4	544213	8	12
544215	10	115822	2	12
544216	3	115825	5	8
544222	7	544221	4	11
544226	5	544225	1	6
544233	5	544232	5	10
544241	1	544240	3	4
544249	1	544248	6	7
544254	4	544253	7	11
544261	10	544260	5	15
544263	3	882042	2	5
544268	3	544267	5	8
544272	2	544271	5	7
544276	4	544275	5	9
544280	5	544279	6	11
544285	1	544284	3	4
544287	4	544286	6	10
544289	1	544288	10	11
544292	2	544291	4	6
544294	4	544293	2	6
544304	1	544303	3	4
544306	5	544305	1	6
544308	2	544307	4	6
544310	3	544309	5	8
544319	1	544318	4	5
544324	10	115865	1	11
544328	12	115869	4	16
544331	5	544330	3	8
544337	6	544336	12	18
544340	3	115874	7	10
544342	1	544341	3	4
544344	1	544343	5	6
544347	4	544346	7	11
544349	7	544348	4	11
544351	1	319523	2	3
544352	4	115882	14	18
544365	4	544364	4	8
544375	6	544374	6	12
544400	2	544399	4	6
544412	2	544411	6	8
544414	2	544413	5	7
544416	16	544415	15	31
544418	2	544417	6	8
544426	5	544425	3	8
544430	6	544429	2	8
544438	1	115931	4	5
544440	1	544439	5	6
544445	3	544444	4	7
544448	1	544447	5	6
544459	2	115935	2	4
544461	2	544460	6	8
544464	1	544463	4	5
544471	1	544470	6	7
544484	4	115950	5	9
544488	5	544487	5	10
544493	2	544492	2	4
544501	7	544500	3	10
544511	2	544510	9	11
544520	2	544519	1	3
544522	6	115967	8	14
544526	4	544525	11	15
544528	3	544527	3	6
544554	3	544553	6	9
544566	2	544565	11	13
544580	4	544579	9	13
544586	5	544585	2	7
544597	24	544596	5	29
544600	4	544599	2	6
544605	2	544604	1	3
544611	2	544610	2	4
544613	9	544612	4	13
544616	3	544615	2	5
544627	5	544626	14	19
544633	4	544632	5	9
544638	2	544637	2	4
544645	5	544644	4	9
544654	7	544653	15	22
544665	1	544664	3	4
544679	4	544678	7	11
544693	1	544692	5	6
544699	10	116049	6	16
544705	1	544704	7	8
544711	8	544710	7	15
544724	8	544723	9	17
544730	3	544729	2	5
544735	9	116060	21	30
544750	6	544749	3	9
544753	3	544752	2	5
544756	8	544755	5	13
544772	8	544771	1	9
544775	7	882225	4	11
544777	7	544776	4	11
544797	2	544796	3	5
544800	1	544799	1	2
544806	17	544805	27	44
544809	3	544808	9	12
544811	6	544810	8	14
544813	10	544812	5	15
544825	2	544819	1	3
544838	3	544837	8	11
544839	8	116109	5	13
544842	7	544841	6	13
544845	10	544844	1	11
544847	22	544846	9	31
544848	2	116117	2	4
544861	8	116124	3	11
544870	5	544869	5	10
544872	9	544871	4	13
544878	5	544877	9	14
544881	10	544880	2	12
544904	3	116136	5	8
544906	17	116139	6	23
544912	15	544911	14	29
544915	7	544914	2	9
544920	7	116142	1	8
544924	13	544923	5	18
544926	5	544925	5	10
544939	2	544938	10	12
544952	6	544951	6	12
544962	7	882308	4	11
544968	2	544967	4	6
544980	4	544979	13	17
544993	8	544992	2	10
545003	6	116177	3	9
545007	11	545006	3	14
545024	14	545023	3	17
545036	11	545035	10	21
545041	9	545040	9	18
545043	6	116188	11	17
545058	9	545057	15	24
545073	2	545072	2	4
545080	1	545079	3	4
545084	6	545083	8	14
545087	2	545086	6	8
545111	1	545110	9	10
545126	9	319626	1	10
545137	4	545136	7	11
545151	3	545150	12	15
545168	9	545167	1	10
545171	11	545170	11	22
545173	10	545172	6	16
545181	2	545180	6	8
545193	6	545192	9	15
545195	4	545194	6	10
545219	3	545218	3	6
545222	1	545221	4	5
545230	1	545229	2	3
545243	9	545242	4	13
545249	9	882425	5	14
545253	14	545252	10	24
545256	5	545255	5	10
545259	8	545258	12	20
545264	1	545263	13	14
545277	1	116263	6	7
545282	5	116264	3	8
545302	4	116272	5	9
545315	6	882448	8	14
545318	3	545317	4	7
545322	7	545321	5	12
545327	5	545326	3	8
545331	5	545330	5	10
545336	5	545335	5	10
545346	6	545345	4	10
545348	16	545347	5	21
545362	6	545361	42	48
545373	7	545372	9	16
545376	2	545375	3	5
545378	3	545377	1	4
545380	7	319643	3	10
545384	8	545383	4	12
545391	4	545390	13	17
545401	6	116298	12	18
545404	2	545403	6	8
545408	2	545407	7	9
545414	1	116310	3	4
545425	4	545424	2	6
545429	3	545428	3	6
545431	3	545430	5	8
545434	3	545433	1	4
545436	5	545435	3	8
545439	1	545438	2	3
545440	1	116322	2	3
545443	4	545442	16	20
545444	4	116328	1	5
545452	2	545451	2	4
545455	2	545454	8	10
545457	5	882484	6	11
545464	9	545463	17	26
545468	11	545467	2	13
545477	1	545476	5	6
545486	3	545485	9	12
545495	4	116336	4	8
545499	9	545498	8	17
545501	7	545500	4	11
545504	8	545503	9	17
545507	6	116337	2	8
545509	7	545508	4	11
545519	2	545518	12	14
545528	10	545527	7	17
545533	1	545532	5	6
545535	1	545534	6	7
545541	7	545540	8	15
545543	4	545542	8	12
545555	6	545554	16	22
545560	2	545559	4	6
545563	12	545562	3	15
545567	13	545566	16	29
545571	12	545570	6	18
545576	5	545575	9	14
545578	7	545577	7	14
545580	3	545579	11	14
545583	7	545582	9	16
545598	10	545597	23	33
545611	4	545610	7	11
545619	6	545618	8	14
545622	11	545621	11	22
545624	2	545623	3	5
545635	4	545634	7	11
545641	2	545640	4	6
545653	10	545652	2	12
545663	4	882559	2	6
545667	9	545666	11	20
545673	6	545672	3	9
545675	2	545674	5	7
545690	1	882571	7	8
545700	6	545699	3	9
545702	7	545701	6	13
545704	5	545703	4	9
545709	6	116380	4	10
545716	5	545715	5	10
545717	3	319676	4	7
545723	18	545722	9	27
545727	5	545726	5	10
545744	2	545743	6	8
545772	7	545771	7	14
545777	6	545776	11	17
545783	5	545782	3	8
545786	10	545785	2	12
545788	15	545787	30	45
545796	1	545795	6	7
545800	7	545799	14	21
545802	4	116399	5	9
545808	7	545807	7	14
545810	7	545809	10	17
545813	5	545812	2	7
545828	7	545827	18	25
545832	12	545831	8	20
545836	13	545835	7	20
545845	3	545844	7	10
545847	4	545846	2	6
545851	5	545850	4	9
545852	6	882616	14	20
545856	5	545855	4	9
545858	11	545857	3	14
545861	5	545860	8	13
545865	4	545864	4	8
545871	9	545870	6	15
545893	3	545892	1	4
545926	4	545925	4	8
545938	15	882645	7	22
545948	7	545947	17	24
545953	7	545952	2	9
545955	2	545954	6	8
545958	6	545957	9	15
545960	11	545959	11	22
545963	2	116436	7	9
545967	5	545966	3	8
545970	7	545969	3	10
545980	6	545979	7	13
545992	6	545991	3	9
545995	4	545994	7	11
545999	2	545998	4	6
546007	5	546006	4	9
546031	5	546030	6	11
546046	3	546045	2	5
546048	9	546047	1	10
546050	5	546049	8	13
546057	2	546056	9	11
546082	4	546081	11	15
546086	4	546085	7	11
546097	6	546096	3	9
546107	6	546106	9	15
546115	6	546114	7	13
546118	3	546117	7	10
546123	5	546122	2	7
546125	16	546124	16	32
546129	3	546128	5	8
546131	8	546130	5	13
546145	9	882746	7	16
546156	7	546155	5	12
546158	12	546157	2	14
546166	15	546165	9	24
546174	7	546173	6	13
546178	4	546177	12	16
546187	2	546186	3	5
546191	22	546190	6	28
546213	7	546212	1	8
546225	6	546224	7	13
546241	9	546240	6	15
546248	6	546247	3	9
546265	7	546264	3	10
546268	3	546267	9	12
546271	6	546270	13	19
546275	6	546274	3	9
546278	2	546277	1	3
546281	1	546280	57	58
546296	12	546295	3	15
546300	4	546299	13	17
546310	13	546309	10	23
546313	7	546312	10	17
546320	3	546319	8	11
546324	9	546323	5	14
546328	4	546327	3	7
546330	6	546329	12	18
546334	5	546333	3	8
546337	7	546336	7	14
546340	6	546339	4	10
546342	9	546341	3	12
546345	3	546344	8	11
546357	15	546356	8	23
546359	13	546358	14	27
546360	6	116573	3	9
546362	7	116574	11	18
546375	3	546374	7	10
546377	8	546376	10	18
546390	5	116585	3	8
546394	3	546393	1	4
546399	7	546398	12	19
546403	7	319746	3	10
546405	3	546404	8	11
546413	3	546412	7	10
546424	1	546423	7	8
546431	4	546430	8	12
546437	7	882844	2	9
546440	2	546439	2	4
546441	3	882846	1	4
546450	4	546449	4	8
546463	3	546462	4	7
546471	6	546470	3	9
546502	17	546501	9	26
546509	5	546508	6	11
546512	7	546511	11	18
546533	13	546532	4	17
546535	3	882887	2	5
546537	9	546536	11	20
546546	4	546545	8	12
546555	9	546554	3	12
546570	5	546569	8	13
546575	10	546574	4	14
546577	17	546576	7	24
546579	7	546578	9	16
546591	7	546590	8	15
546599	8	546598	7	15
546610	11	546609	6	17
546617	4	546616	1	5
546619	5	116639	4	9
546635	4	546634	3	7
546637	1	546636	1	2
546639	3	116649	2	5
546649	6	116658	3	9
546650	9	116661	2	11
546652	2	882926	2	4
546657	6	882928	1	7
546659	19	546658	3	22
546667	3	546666	6	9
546677	6	546676	5	11
546683	15	546682	4	19
546686	10	546685	4	14
546690	1	546689	2	3
546714	5	546713	6	11
546732	4	546731	4	8
546740	11	546739	4	15
546750	6	546749	27	33
546757	7	546756	10	17
546759	7	546758	4	11
546767	7	546766	5	12
546769	6	546768	5	11
546791	5	116698	1	6
546795	1	546794	2	3
546797	8	116700	1	9
546799	5	546798	5	10
546811	4	546810	5	9
546821	24	546820	10	34
546825	4	546824	5	9
546836	7	546835	8	15
546840	5	546839	1	6
546843	4	882990	2	6
546852	3	546851	4	7
546856	7	546855	1	8
546859	8	546858	15	23
546860	2	882995	1	3
546865	7	546864	4	11
546867	19	546866	5	24
546870	6	546869	6	12
546875	13	116726	4	17
546880	8	546879	10	18
546894	1	546893	9	10
546921	7	546920	11	18
546938	5	546937	2	7
546940	4	546939	8	12
546959	2	546958	3	5
546963	3	546962	1	4
546977	7	546976	8	15
546983	3	546982	6	9
546991	3	546990	3	6
547003	8	116809	2	10
547012	3	547011	10	13
547030	7	547029	3	10
547033	7	547032	19	26
547039	3	547038	14	17
547042	10	547041	4	14
547046	3	547045	6	9
547048	10	547047	11	21
547053	7	547052	7	14
547066	6	547065	4	10
547084	5	116845	8	13
547087	7	547086	9	16
547091	1	547090	1	2
547093	9	547092	13	22
547098	2	547097	6	8
547103	11	547102	13	24
547113	12	547112	2	14
547121	5	547120	4	9
547126	5	547125	3	8
547129	7	547128	9	16
547132	2	547131	2	4
547154	2	547153	2	4
547160	3	547159	7	10
547164	8	547163	11	19
547168	17	547167	6	23
547170	3	547169	3	6
547173	5	547172	11	16
547178	8	547177	5	13
547195	4	547194	4	8
547197	3	116892	22	25
547198	2	547196	10	12
547229	2	547228	8	10
547231	4	116919	7	11
547240	2	547239	5	7
547244	14	547243	3	17
547246	13	547245	2	15
547258	14	547257	8	22
547265	6	547264	6	12
547281	1	547280	6	7
547288	2	547287	13	15
547293	4	547292	2	6
547297	2	547296	5	7
547302	5	547301	4	9
547310	3	547309	2	5
547312	9	547311	6	15
547318	9	547317	7	16
547331	9	547330	8	17
547344	6	547343	6	12
547349	24	547348	8	32
547351	3	116987	5	8
547367	13	547366	7	20
547369	7	547368	5	12
547377	2	547376	2	4
547379	13	547378	20	33
547389	9	547388	11	20
547397	10	547396	39	49
547425	6	547424	16	22
547429	4	1042571	8	12
547438	5	547437	6	11
547446	12	547445	3	15
547448	5	883243	16	21
547457	2	547456	22	24
547460	6	547459	4	10
547470	2	117024	4	6
547476	5	547475	8	13
547498	10	547497	6	16
547516	16	547515	3	19
547523	6	547522	4	10
547534	7	547533	4	11
547536	7	547535	1	8
547552	4	547551	6	10
547597	1	547596	8	9
547601	1	547600	2	3
547610	5	547609	1	6
547625	8	547624	5	13
547636	7	547635	2	9
547647	5	547646	7	12
547652	5	547651	13	18
547657	7	117085	5	12
547668	2	117097	1	3
547671	4	547670	7	11
547672	9	117102	5	14
547688	4	547687	5	9
547703	35	547702	47	82
547711	5	117112	8	13
547735	10	547734	2	12
547740	7	547739	7	14
547742	19	547741	2	21
547752	9	547751	5	14
547754	3	547753	7	10
547768	12	117130	3	15
547772	3	547771	7	10
547776	26	547775	5	31
547778	2	547777	3	5
547785	7	547784	2	9
547795	2	117145	7	9
547798	1	547797	5	6
547808	5	883387	15	20
547811	7	547810	8	15
547815	6	547814	2	8
547818	7	547817	4	11
547840	7	547839	2	9
547859	7	547858	2	9
547880	18	547879	8	26
547885	3	547884	14	17
547887	5	117194	2	7
547892	13	547891	5	18
547894	4	547893	2	6
547902	10	547901	2	12
547917	4	547916	5	9
547922	2	547921	3	5
547924	3	547923	3	6
547931	4	547930	5	9
547942	3	547941	8	11
547946	1	547945	3	4
547953	4	547952	5	9
547957	7	547956	6	13
547959	3	117229	6	9
547970	1	547969	4	5
547973	3	547972	1	4
547979	3	547978	3	6
547985	9	547984	7	16
547996	1	547995	7	8
547999	2	547998	5	7
548013	1	548012	4	5
548017	4	548016	2	6
548020	4	548019	3	7
548034	1	548033	5	6
548036	5	883481	2	7
548044	2	548043	4	6
548046	5	548045	4	9
548054	3	548053	7	10
548064	2	548063	5	7
548071	10	117297	5	15
548072	5	117299	2	7
548075	1	548074	9	10
548078	4	548077	2	6
548081	5	548080	12	17
548087	2	548086	4	6
548091	4	548090	3	7
548093	10	548092	41	51
548100	2	548099	12	14
548102	13	548101	7	20
548110	3	548109	2	5
548113	5	548112	2	7
548115	6	548114	9	15
548133	3	548132	3	6
548159	1	117349	2	3
548182	2	548181	3	5
548187	1	548186	2	3
548190	3	548189	2	5
548195	3	548194	1	4
548199	3	548198	1	4
548230	1	548229	3	4
548232	3	548231	4	7
548235	4	548234	3	7
548238	2	548237	1	3
548245	3	548244	16	19
548247	7	117401	1	8
548268	5	548267	1	6
548289	2	548288	2	4
548293	8	548292	2	10
548306	2	548305	1	3
548318	2	548317	1	3
548321	2	548320	1	3
548329	11	117439	2	13
548333	1	548332	1	2
548340	2	548339	2	4
548371	1	548370	1	2
548374	1	548373	4	5
548378	1	548377	2	3
548381	3	883613	1	4
548386	8	548385	1	9
548392	1	548391	1	2
548402	1	548401	1	2
548420	2	548419	1	3
548425	1	548424	3	4
548440	3	548439	1	4
548447	3	548446	5	8
548459	7	117547	4	11
548470	7	548469	6	13
548479	1	548478	8	9
548483	9	548482	5	14
548492	2	548491	2	4
548499	3	548498	6	9
548517	1	548516	1	2
548533	7	548532	2	9
548546	1	548545	2	3
548554	11	117587	4	15
548556	5	548555	3	8
548561	15	117596	4	19
548569	10	548568	2	12
548572	8	548571	3	11
548578	5	548577	5	10
548580	6	548579	4	10
548582	8	548581	3	11
548587	4	548586	5	9
548632	4	548631	7	11
548641	3	548640	13	16
548644	3	548643	4	7
548646	7	548645	2	9
548651	1	548650	2	3
548660	19	548659	5	24
548664	7	548663	6	13
548671	3	548670	1	4
548680	1	548679	4	5
548689	6	548688	2	8
548695	3	548694	4	7
548714	6	548713	3	9
548723	5	117699	2	7
548743	2	548742	2	4
548751	4	548750	6	10
548754	6	548753	4	10
548761	4	548760	3	7
548780	7	548779	3	10
548782	1	117730	1	2
548784	5	548783	2	7
548787	7	117731	2	9
548790	8	548789	4	12
548799	1	548798	4	5
548801	6	548800	6	12
548821	5	548820	9	14
548855	4	548854	4	8
548859	22	117783	6	28
548890	4	320084	6	10
548894	10	548893	14	24
548897	6	548896	8	14
548910	8	548909	11	19
548912	6	548911	4	10
548913	13	320088	6	19
548926	4	548925	2	6
548935	5	548934	8	13
548941	4	548940	7	11
548944	5	548943	5	10
548963	6	548962	2	8
548967	2	117873	2	4
548978	2	548977	3	5
548982	4	548981	14	18
548987	3	548986	4	7
548995	4	548994	3	7
548997	1	548996	6	7
549009	1	549008	2	3
549011	4	549010	11	15
549029	3	549028	6	9
549034	2	549033	1	3
549046	4	549045	11	15
549049	1	549048	6	7
549071	3	549070	1	4
549086	12	549085	2	14
549093	4	549092	1	5
549115	9	117943	5	14
549118	2	549117	3	5
549119	2	320131	13	15
549133	7	549132	13	20
549138	1	549137	9	10
549145	7	117950	1	8
549150	4	549149	3	7
549160	5	549159	1	6
549167	1	549166	15	16
549173	11	549172	6	17
549180	9	549179	7	16
549188	13	549187	22	35
549191	8	549190	4	12
549201	10	549200	16	26
549204	8	549203	9	17
549209	13	117965	1	14
549219	5	549218	4	9
549223	5	549222	15	20
549250	9	549249	5	14
549257	10	549256	9	19
549259	5	549258	1	6
549263	4	549262	7	11
549267	1	549266	4	5
549275	1	549274	7	8
549282	3	549281	3	6
549285	3	549283	13	16
549298	5	549297	7	12
549301	7	549300	2	9
549303	7	549302	3	10
549310	3	549309	7	10
549316	4	549315	9	13
549327	3	549326	2	5
549329	3	549328	3	6
549348	2	549347	1	3
549351	7	549350	3	10
549357	1	320153	2	3
549360	4	549359	11	15
549362	5	549361	4	9
549365	3	549364	3	6
549370	2	549369	3	5
549374	6	549373	5	11
549378	4	549377	2	6
549398	2	549397	1	3
549404	3	549403	3	6
549408	5	549407	5	10
549428	3	549427	2	5
549431	1	549430	1	2
549435	10	118080	1	11
549438	2	549437	1	3
549447	1	118089	5	6
549451	4	549450	4	8
549476	1	549475	2	3
549478	6	549477	4	10
549482	6	549481	5	11
549484	5	549483	5	10
549492	7	549491	22	29
549494	13	549493	8	21
549502	4	549501	5	9
549505	2	549504	2	4
549508	3	549507	2	5
549516	19	549515	2	21
549521	1	549520	8	9
549524	11	549523	7	18
549543	11	549542	4	15
549547	1	549546	1	2
549550	4	118134	1	5
549560	2	549559	2	4
549572	5	549571	2	7
549578	2	549577	2	4
549603	4	549602	6	10
549607	8	118157	3	11
549613	3	549612	6	9
549614	2	884127	7	9
549622	1	320189	1	2
549629	5	549628	13	18
549633	7	549632	7	14
549642	7	549641	3	10
549646	4	884136	2	6
549652	13	549651	8	21
549656	4	549655	4	8
549664	3	549663	8	11
549671	9	549670	2	11
549676	5	549675	9	14
549686	1	549685	3	4
549689	1	549688	17	18
549698	5	549697	1	6
549702	5	549701	4	9
549705	11	549704	4	15
549709	1	549708	6	7
549717	5	549716	6	11
549723	9	549722	3	12
549733	3	549732	13	16
549736	7	549735	1	8
549739	12	549738	6	18
549741	3	549740	4	7
549747	6	549746	4	10
549753	9	549752	9	18
549759	3	549758	11	14
549761	5	549760	8	13
549766	10	549765	9	19
549768	7	549767	6	13
549775	2	549774	1	3
549777	11	549776	5	16
549781	11	549780	6	17
549789	7	549788	8	15
549811	3	549810	2	5
549828	17	549827	1	18
549834	5	549833	3	8
549844	2	549843	2	4
549846	1	549845	3	4
549852	7	118277	3	10
549855	5	549854	4	9
549861	5	549860	12	17
549864	3	549863	9	12
549869	8	549868	4	12
549871	3	549870	3	6
549878	2	549877	3	5
549882	2	320217	5	7
549888	13	549887	6	19
549901	11	549900	3	14
549903	4	549902	2	6
549907	8	549906	6	14
549914	6	549913	1	7
549922	4	549921	4	8
549930	5	549929	7	12
549954	3	549953	4	7
549960	30	118346	15	45
549962	13	549961	8	21
549965	4	549964	10	14
549971	15	118350	2	17
549973	13	549972	6	19
549978	4	549977	7	11
549984	15	118363	8	23
549988	5	549987	1	6
549997	2	549996	5	7
549999	5	549998	10	15
550001	9	118371	2	11
550008	2	550007	4	6
550017	3	550016	4	7
550020	5	550019	1	6
550026	3	550025	1	4
550028	3	550027	2	5
550043	3	118389	2	5
550048	6	550047	3	9
550062	5	550061	5	10
550063	5	118406	2	7
550068	5	884339	8	13
550073	1	320251	6	7
550083	3	118419	4	7
550088	3	550087	12	15
550091	2	550090	6	8
550093	1	550092	1	2
550108	2	550107	9	11
550111	4	550110	1	5
550118	11	118429	2	13
550127	4	118434	2	6
550145	2	118443	2	4
550147	3	550146	5	8
550149	3	550148	4	7
550152	2	550151	11	13
550176	2	550175	14	16
550186	5	118465	3	8
550211	5	550210	9	14
550216	3	118475	3	6
550220	7	550219	3	10
550222	8	550221	5	13
550224	8	550223	6	14
550226	1	884397	2	3
550241	21	550240	17	38
550248	3	550247	2	5
550263	2	550262	17	19
550266	9	118508	1	10
550271	3	550270	5	8
550273	4	118509	2	6
550286	2	550285	8	10
550288	9	550287	3	12
550290	4	118514	5	9
550291	1	320287	6	7
550296	2	550295	5	7
550305	3	550304	3	6
550312	6	550311	1	7
550314	2	550313	5	7
550317	8	118530	2	10
550319	4	550318	5	9
550325	6	550324	3	9
550327	7	550326	9	16
550329	8	550328	5	13
550348	5	550347	8	13
550358	5	550357	6	11
550360	10	550359	4	14
550365	7	550364	10	17
550373	11	550372	2	13
550379	5	550378	1	6
550389	6	320293	2	8
550391	3	550390	3	6
550398	3	550397	7	10
550403	6	550402	12	18
550407	10	118574	1	11
550409	4	550408	3	7
550411	2	550410	1	3
550414	3	550413	2	5
550420	6	550419	2	8
550421	3	118588	4	7
550429	1	884470	4	5
550432	4	550431	5	9
550435	1	550434	2	3
550444	2	550443	1	3
550447	11	320305	2	13
550450	7	550449	1	8
550453	1	550452	11	12
550455	2	550454	5	7
550457	9	550456	5	14
550459	4	550458	3	7
550467	2	550466	2	4
550475	3	550474	2	5
550494	13	550493	12	25
550496	12	550495	9	21
550520	8	550519	3	11
550555	1	550554	4	5
550576	1	550575	5	6
550588	2	550587	1	3
550599	3	550598	11	14
550620	2	550619	1	3
550625	1	550624	1	2
550628	1	550627	1	2
550630	2	550629	4	6
550632	6	118674	5	11
550642	11	550641	7	18
550645	8	550644	8	16
550647	8	550646	12	20
550673	3	550672	2	5
550675	1	550674	2	3
550678	2	118706	2	4
550691	3	550690	3	6
550693	8	550692	4	12
550698	6	550697	5	11
550701	12	550700	5	17
550704	5	118719	3	8
550711	6	550710	6	12
550714	1	550713	3	4
550724	5	550723	5	10
550726	3	550725	8	11
550732	7	550731	4	11
550737	5	550736	5	10
550745	5	550744	2	7
550752	4	550751	11	15
550756	3	118736	2	5
550758	1	550757	1	2
550763	5	550762	4	9
550769	3	550768	3	6
550776	2	550775	4	6
550787	15	118748	6	21
550790	1	550789	1	2
550800	2	550799	4	6
550805	3	550804	7	10
550807	3	550806	2	5
550808	12	884628	13	25
550810	7	550809	2	9
550814	4	550813	12	16
550817	3	550816	7	10
550819	5	550818	4	9
550824	5	550823	1	6
550828	1	550827	3	4
550831	3	884640	1	4
550833	11	550832	8	19
550841	4	550840	4	8
550853	3	550852	3	6
550855	1	550854	4	5
550858	4	550857	4	8
550865	2	550864	1	3
550870	2	550869	6	8
550889	6	550888	5	11
550903	5	550902	1	6
550908	1	550907	4	5
550914	3	550913	4	7
550919	6	550918	2	8
550920	2	118801	1	3
550928	6	550927	2	8
550931	5	550930	6	11
550938	5	550937	1	6
550944	8	118817	2	10
550953	5	550952	2	7
550966	7	550965	11	18
550980	3	550979	2	5
550996	2	118846	2	4
551005	5	551004	1	6
551007	3	551006	2	5
551010	8	551009	1	9
551018	6	551017	7	13
551042	14	551041	2	16
551046	3	118881	2	5
551067	2	551066	2	4
551069	1	551068	2	3
551081	4	551080	7	11
551090	1	551089	7	8
551098	16	118919	2	18
551103	7	551102	7	14
551107	3	551106	5	8
551109	7	551108	9	16
551113	5	551112	3	8
551119	2	551118	1	3
551121	1	551120	6	7
551126	2	551125	3	5
551130	1	551129	2	3
551134	8	551133	6	14
551138	7	884768	7	14
551161	8	551160	4	12
551167	15	551166	6	21
551174	3	551173	4	7
551177	2	551176	4	6
551202	1	551201	1	2
551227	2	119047	3	5
551230	5	551229	1	6
551235	1	551234	2	3
551251	1	551250	2	3
551257	2	119070	1	3
551264	1	551263	1	2
551297	1	551296	4	5
551301	4	551300	1	5
551305	1	551304	8	9
551314	2	551313	3	5
551318	3	551317	3	6
551322	2	551321	13	15
551332	7	551331	6	13
551337	5	551336	2	7
551339	7	119156	5	12
551345	3	884863	5	8
551353	6	551352	5	11
551364	1	551363	1	2
551367	3	551366	1	4
551371	1	551370	1	2
551377	5	551376	5	10
551387	5	551386	4	9
551395	2	551394	2	4
551401	4	551400	3	7
551405	2	551404	1	3
551414	2	551413	4	6
551418	1	551417	3	4
551421	2	551420	2	4
551424	4	551423	3	7
551431	2	119228	1	3
551447	1	551446	4	5
551451	8	551450	3	11
551456	1	551455	4	5
551459	7	551458	4	11
551478	2	551477	1	3
551485	1	551484	7	8
551502	1	551501	7	8
551507	6	884928	2	8
551518	2	551517	2	4
551521	3	551520	2	5
551528	1	551527	3	4
551539	1	551538	2	3
551544	1	119343	7	8
551548	5	551547	7	12
551550	2	551549	1	3
551555	8	551554	3	11
551559	3	551558	2	5
551562	2	551561	4	6
551564	2	551563	6	8
551567	3	551566	4	7
551570	4	551569	1	5
551574	2	551573	2	4
551583	1	551582	4	5
551591	2	551590	1	3
551594	1	551593	1	2
551617	6	551616	14	20
551620	6	119405	3	9
551630	4	119418	1	5
551645	4	551644	2	6
551647	2	551646	3	5
551655	1	119470	2	3
551664	3	551663	4	7
551670	1	119487	1	2
551673	2	551672	3	5
551703	1	119524	3	4
551715	2	551714	5	7
551718	6	551717	4	10
551719	1	119529	2	3
551725	2	119530	1	3
551727	3	551726	2	5
551733	1	119535	1	2
551735	4	551734	3	7
551746	3	551745	3	6
551752	10	551751	8	18
551754	2	885024	1	3
551761	4	551760	1	5
551778	9	551777	5	14
551787	3	119573	5	8
551789	12	551788	8	20
551798	17	551797	8	25
551803	2	551802	10	12
551806	12	551805	9	21
551808	5	551807	14	19
551813	2	551812	8	10
551816	10	551815	13	23
551824	6	551823	14	20
551828	4	551827	4	8
551830	12	551829	3	15
551837	1	551836	1	2
551841	2	551840	6	8
551843	2	551842	1	3
551848	7	551847	12	19
551856	7	119639	6	13
551862	6	551861	6	12
551884	3	551883	6	9
551886	2	551885	3	5
551900	7	551899	8	15
551904	1	119660	1	2
551906	5	551905	3	8
551910	1	551909	3	4
551916	4	551915	6	10
551931	12	551930	1	13
551935	6	551934	5	11
551939	5	551938	3	8
551945	13	551944	11	24
551951	11	551950	3	14
551961	2	551960	4	6
551968	2	551967	2	4
551982	3	551981	8	11
551995	4	551994	2	6
551998	1	119710	3	4
552000	8	551999	10	18
552003	1	552002	5	6
552007	11	119716	2	13
552010	1	552009	2	3
552016	7	552015	5	12
552019	2	552018	1	3
552021	4	552020	1	5
552040	2	552039	3	5
552042	2	552041	1	3
552050	3	552049	1	4
552052	4	119753	3	7
552058	5	552057	14	19
552067	1	552066	5	6
552082	2	552081	7	9
552084	4	552083	8	12
552086	18	552085	18	36
552095	4	552094	3	7
552102	3	552101	8	11
552111	3	552110	3	6
552115	4	552114	9	13
552118	4	552117	1	5
552123	3	552122	7	10
552125	11	552124	6	17
552135	1	552134	3	4
552137	3	885188	3	6
552140	8	552139	1	9
552143	9	119846	2	11
552151	8	552150	3	11
552154	1	552153	5	6
552166	9	119882	1	10
552175	3	552174	4	7
552179	5	552178	1	6
552189	5	552188	4	9
552199	2	552198	15	17
552203	1	552202	2	3
552214	1	552213	14	15
552218	12	552217	8	20
552227	3	552226	3	6
552239	4	119989	5	9
552249	5	552248	7	12
552258	23	552257	2	25
552275	4	320708	2	6
552282	16	552281	11	27
552284	4	552283	8	12
552292	8	552291	2	10
552303	1	552302	5	6
552305	3	552304	2	5
552312	5	552311	2	7
552321	5	552320	6	11
552323	11	552322	5	16
552327	3	552326	3	6
552329	6	552328	6	12
552330	5	120099	5	10
552337	5	552336	9	14
552342	1	552341	2	3
552350	2	320722	3	5
552352	6	552351	5	11
552353	7	120113	1	8
552365	4	552364	2	6
552368	1	552367	1	2
552371	2	552370	1	3
552374	4	552373	4	8
552377	8	552376	1	9
552387	7	120134	4	11
552400	4	120141	6	10
552406	5	552405	4	9
552415	3	120157	6	9
552427	3	552426	4	7
552430	4	552429	7	11
552451	3	552450	3	6
552460	5	552459	10	15
552475	2	552474	9	11
552482	2	552481	2	4
552485	3	552484	4	7
552488	3	552487	5	8
552495	6	552494	10	16
552498	12	552497	2	14
552536	3	552535	6	9
552538	9	120267	5	14
552540	4	120275	4	8
552547	7	552546	4	11
552549	6	552548	7	13
552552	5	552551	2	7
552555	1	552554	3	4
552558	3	552557	5	8
552570	3	552569	2	5
552572	3	552571	9	12
552589	5	552588	5	10
552610	10	552609	7	17
552613	10	552612	6	16
552621	8	120326	1	9
552629	2	552628	1	3
552636	1	552635	2	3
552638	4	552637	1	5
552645	1	552644	6	7
552649	5	120346	2	7
552652	2	552651	4	6
552664	4	552663	4	8
552703	5	552702	1	6
552724	5	552723	6	11
552728	8	552727	3	11
552730	5	552729	21	26
552739	2	552738	2	4
552743	5	552742	4	9
552745	1	552744	1	2
552753	5	552752	8	13
552766	9	552765	2	11
552774	3	552773	3	6
552788	3	120435	2	5
552791	2	552790	7	9
552793	20	120436	7	27
552797	5	552796	4	9
552802	8	552801	14	22
552817	5	552816	7	12
552822	1	885460	5	6
552824	4	552823	5	9
552826	3	552825	12	15
552828	4	552827	1	5
552833	8	552832	3	11
552848	3	552847	1	4
552852	6	552851	6	12
552856	5	552855	6	11
552867	9	552866	5	14
552870	17	552869	4	21
552892	3	120497	3	6
552901	3	552900	6	9
552903	2	552902	7	9
552907	3	552906	1	4
552927	4	552926	2	6
552929	1	552928	5	6
552931	6	552930	5	11
552936	7	552935	4	11
552939	2	552938	6	8
552945	2	120533	4	6
552949	3	552948	1	4
552958	8	552957	7	15
552967	4	552966	7	11
552969	1	885522	1	2
552971	4	552970	2	6
552981	3	552980	2	5
552988	10	552987	4	14
552993	4	552992	2	6
552995	4	552994	8	12
553000	6	552999	7	13
553016	3	553015	1	4
553017	2	120588	4	6
553030	6	553029	10	16
553035	1	553034	4	5
553041	1	553040	2	3
553043	5	553042	8	13
553049	2	553048	2	4
553075	9	553074	5	14
553077	6	553076	9	15
553081	4	553080	3	7
553083	10	120626	4	14
553087	12	553086	4	16
553091	8	553090	2	10
553093	2	553092	26	28
553100	5	553099	2	7
553117	1	553116	13	14
553124	6	553123	4	10
553144	9	553143	8	17
553147	4	553146	5	9
553151	4	120676	3	7
553153	3	553152	12	15
553160	3	553159	1	4
553163	4	120681	1	5
553165	1	553164	3	4
553167	1	553166	2	3
553177	3	553176	2	5
553183	4	553182	7	11
553204	5	553203	1	6
553212	10	553211	2	12
553219	12	553218	2	14
553226	3	553225	10	13
553236	9	553235	6	15
553251	7	553250	6	13
553261	1	553260	3	4
553263	5	120744	7	12
553268	9	553267	6	15
553273	10	553272	7	17
553280	8	553279	14	22
553285	8	553284	3	11
553289	10	553288	7	17
553292	10	553291	9	19
553299	2	553298	1	3
553301	7	553300	1	8
553318	6	553317	2	8
553320	5	553319	11	16
553323	5	553322	1	6
553326	4	553325	1	5
553333	9	553332	4	13
553338	1	553337	6	7
553341	14	553340	13	27
553344	11	553343	14	25
553349	17	553348	2	19
553351	3	553350	30	33
553356	4	553355	3	7
553358	5	553357	8	13
553371	3	553370	4	7
553375	5	553374	8	13
553378	4	553377	1	5
553381	15	320871	4	19
553388	8	553387	6	14
553391	9	553390	9	18
553395	7	553394	10	17
553399	13	553398	18	31
553402	5	553401	2	7
553417	2	553416	4	6
553421	6	553420	3	9
553427	3	553426	9	12
553442	3	885694	10	13
553443	5	120874	3	8
553450	5	553449	1	6
553453	7	553452	6	13
553461	8	553460	4	12
553464	4	553463	3	7
553474	2	553473	2	4
553477	1	120925	3	4
553480	2	553479	5	7
553488	5	553487	1	6
553491	5	553490	31	36
553493	4	553492	4	8
553499	3	120943	6	9
553501	12	553500	12	24
553506	5	553505	5	10
553510	6	553509	3	9
553516	9	553515	5	14
553521	3	553520	5	8
553524	1	553523	3	4
553526	2	120966	1	3
553529	5	553528	6	11
553531	2	553530	3	5
553534	9	553533	10	19
553537	12	553536	2	14
553551	1	553550	5	6
553555	8	553554	8	16
553563	3	553562	2	5
553567	18	553566	3	21
553580	8	553579	5	13
553582	9	553581	6	15
553587	8	553586	2	10
553601	4	553600	10	14
553611	3	320915	2	5
553613	13	553612	6	19
553615	1	121015	4	5
553626	5	553625	7	12
553635	16	553634	3	19
553641	1	553640	9	10
553649	7	553648	2	9
553666	4	553665	4	8
553667	3	121047	6	9
553672	9	553671	1	10
553676	2	121055	1	3
553687	3	553686	4	7
553706	3	553705	8	11
553712	6	553711	3	9
553713	9	121088	4	13
553717	7	553716	3	10
553726	9	553725	2	11
553749	3	553748	17	20
553772	12	553771	10	22
553775	2	553774	8	10
553822	11	553821	4	15
553838	5	121192	5	10
553844	2	553843	5	7
553851	3	553850	2	5
553853	7	553852	3	10
553856	5	553855	1	6
553859	3	553858	5	8
553867	11	553866	8	19
553876	5	553875	4	9
553878	12	553877	7	19
553881	1	553880	20	21
553884	3	553883	6	9
553888	7	553887	9	16
553900	1	553899	1	2
553906	3	553905	4	7
553908	5	553907	4	9
553911	8	553910	1	9
553921	2	553920	3	5
553924	2	553923	2	4
553937	2	121279	1	3
553943	2	553942	4	6
553945	3	553944	1	4
553949	1	553948	1	2
553953	1	553952	4	5
553962	3	553961	2	5
553970	5	121294	1	6
553982	1	553981	1	2
553987	1	553986	3	4
553990	2	553989	1	3
553993	2	553992	6	8
553994	3	885963	1	4
553997	3	121315	1	4
554000	6	553999	13	19
554008	4	121322	2	6
554016	5	554015	2	7
554018	11	554017	3	14
554021	4	554020	9	13
554030	7	554029	3	10
554038	13	554037	4	17
554044	10	554043	4	14
554048	9	554047	8	17
554050	6	554049	4	10
554060	4	554059	3	7
554062	5	554061	2	7
554068	8	121374	1	9
554071	2	554070	3	5
554073	8	886001	5	13
554077	9	554076	7	16
554097	1	554096	2	3
554099	7	121394	3	10
554107	4	554106	2	6
554110	4	554109	5	9
554116	1	554115	2	3
554121	6	554120	2	8
554128	1	554127	2	3
554144	2	554143	4	6
554156	2	886035	1	3
554167	4	554166	3	7
554177	3	554176	14	17
554189	1	554188	4	5
554198	3	121469	22	25
554201	4	554200	1	5
554203	4	554202	2	6
554205	20	554204	1	21
554231	1	554230	2	3
554233	6	554232	1	7
554241	3	554240	16	19
554261	3	121523	7	10
554270	6	554269	9	15
554272	26	321090	4	30
554274	13	121533	6	19
554283	2	554282	5	7
554288	6	554287	5	11
554301	2	554300	3	5
554311	7	554310	4	11
554332	10	554331	3	13
554335	5	554334	18	23
554342	14	554341	14	28
554350	28	121591	29	57
554352	24	121593	7	31
554358	13	554357	5	18
554372	12	321114	2	14
554374	2	321118	4	6
554380	11	554379	3	14
554384	6	886131	3	9
554392	36	554391	4	40
554395	4	554394	12	16
554398	11	554397	11	22
554408	3	554407	11	14
554418	9	554417	11	20
554425	2	554424	7	9
554427	3	554426	5	8
554430	5	554429	6	11
554432	5	554431	11	16
554434	9	554433	7	16
554449	7	554448	1	8
554453	16	554452	23	39
554459	12	554458	12	24
554470	5	554469	6	11
554484	9	554483	6	15
554488	15	554487	3	18
554492	5	554491	5	10
554498	1	554497	5	6
554517	9	554516	10	19
554519	10	554518	3	13
554537	8	554536	11	19
554545	3	554544	7	10
554547	3	554546	8	11
554550	3	554549	10	13
554553	4	321147	8	12
554558	14	554557	4	18
554563	5	554562	3	8
554573	10	554572	8	18
554577	2	554576	2	4
554585	15	886221	15	30
554597	13	554596	5	18
554600	5	554599	2	7
554602	5	554601	2	7
554611	1	554610	5	6
554616	8	554615	5	13
554632	7	554631	7	14
554637	8	554636	8	16
554656	7	121814	7	14
554671	4	554670	32	36
554690	12	554689	11	23
554696	3	886272	5	8
554701	19	554700	10	29
554703	9	554702	7	16
554710	6	554709	9	15
554712	9	554711	9	18
554715	39	554714	13	52
554732	16	554731	7	23
554749	1	554748	2	3
554752	5	554751	10	15
554754	7	554753	6	13
554758	2	554757	3	5
554761	5	554760	5	10
554763	2	121866	4	6
554766	4	554765	2	6
554768	7	554767	11	18
554770	7	554769	4	11
554774	6	554773	2	8
554776	4	554775	3	7
554779	4	554778	5	9
554793	6	554792	14	20
554797	14	554796	11	25
554810	16	121890	13	29
554815	16	554814	1	17
554826	5	554825	1	6
554829	26	554828	2	28
554833	7	554832	7	14
554847	14	554846	7	21
554857	13	554856	13	26
554867	11	554866	7	18
554870	9	554869	1	10
554876	5	554875	4	9
554880	5	554879	15	20
554885	7	554884	8	15
554889	9	554888	10	19
554891	6	554890	8	14
554895	7	554894	4	11
554899	2	554898	4	6
554903	4	554902	1	5
554916	3	554915	5	8
554918	2	554917	11	13
554921	3	321202	2	5
554946	4	554945	19	23
554948	7	554947	15	22
554950	19	554949	22	41
554952	11	321209	4	15
554955	1	554954	6	7
554963	10	121951	6	16
554968	11	554967	4	15
554972	3	554971	9	12
554974	11	554973	3	14
554983	1	554982	1	2
554993	7	554992	9	16
554996	4	554995	4	8
555004	4	555003	7	11
555007	9	555006	5	14
555015	11	555014	15	26
555018	10	555017	13	23
555023	7	555022	6	13
555027	9	555026	7	16
555029	10	555028	6	16
555033	3	555032	1	4
555039	10	555038	7	17
555055	7	555054	21	28
555066	15	555065	18	33
555079	12	555078	4	16
555091	7	555090	13	20
555095	10	886425	13	23
555099	15	555098	26	41
555104	3	555103	10	13
555109	5	321235	6	11
555112	7	555111	6	13
555121	4	555120	8	12
555125	3	555124	1	4
555128	6	555127	7	13
555138	3	555137	3	6
555140	1	555139	5	6
555150	8	555149	8	16
555155	3	555154	4	7
555157	4	555156	4	8
555159	3	555158	7	10
555174	6	555173	10	16
555179	19	555178	10	29
555186	6	122090	4	10
555192	7	555191	4	11
555195	1	122105	1	2
555209	1	555208	2	3
555214	1	555213	3	4
555219	11	555218	11	22
555231	4	555230	4	8
555233	4	122140	1	5
555242	1	555241	5	6
555248	7	555247	4	11
555255	4	555254	2	6
555259	2	555258	2	4
555260	6	122155	3	9
555276	6	555275	2	8
555295	2	555294	3	5
555297	3	555296	6	9
555311	2	122178	2	4
555325	5	122187	6	11
555339	4	122195	10	14
555344	4	555343	1	5
555355	4	555354	1	5
555369	4	555368	2	6
555371	3	555370	6	9
555379	2	555378	4	6
555382	4	555381	6	10
555387	5	555386	1	6
555396	4	555395	6	10
555407	4	555406	8	12
555413	9	555412	15	24
555416	8	122269	1	9
555418	1	555417	7	8
555427	6	555426	7	13
555434	1	555433	1	2
555443	3	555442	3	6
555445	3	555444	3	6
555446	7	122302	3	10
555450	2	555449	2	4
555452	3	555451	2	5
555470	4	122329	2	6
555476	13	555475	5	18
555508	3	555507	2	5
555528	2	122394	2	4
555546	5	555545	9	14
555579	3	122455	4	7
555610	9	122483	11	20
555613	5	555612	5	10
555616	8	555615	11	19
555633	2	555632	2	4
555638	2	555637	7	9
555649	3	555648	13	16
555664	1	555663	1	2
555670	2	555669	4	6
555674	3	122525	2	5
555678	11	555677	14	25
555684	2	555683	1	3
555688	3	555687	2	5
555695	1	555694	1	2
555701	2	122541	4	6
555705	7	555704	8	15
555714	5	555713	7	12
555721	5	555720	15	20
555723	4	122577	2	6
555727	6	555726	13	19
555729	8	555728	2	10
555733	3	555732	2	5
555739	1	555738	2	3
555748	7	122600	3	10
555768	3	555767	2	5
555773	7	555772	6	13
555777	4	555776	2	6
555809	4	555808	1	5
555816	2	122662	4	6
555820	5	555819	10	15
555822	3	555821	1	4
555833	4	555832	2	6
555836	2	555835	5	7
555840	3	321377	2	5
555842	1	555841	1	2
555847	1	555846	1	2
555850	13	555849	11	24
555860	2	555859	3	5
555865	3	122703	2	5
555871	1	555870	2	3
555878	5	555877	4	9
555887	3	555886	1	4
555900	10	122734	8	18
555909	2	555908	1	3
555935	47	555934	17	64
555946	5	555945	7	12
555950	13	555949	5	18
555955	5	555954	7	12
555958	2	122772	1	3
555960	3	555959	3	6
555962	4	555961	1	5
555966	7	555965	1	8
555968	2	555967	4	6
555978	9	555977	1	10
555985	2	555984	1	3
555988	4	555987	1	5
555993	2	555992	3	5
556016	1	556015	8	9
556038	6	556037	4	10
556048	3	556047	1	4
556050	7	556049	4	11
556057	2	556056	3	5
556062	17	886801	4	21
556063	2	122857	1	3
556073	5	122882	3	8
556081	1	556080	8	9
556094	7	556093	7	14
556123	18	556122	6	24
556124	1	886827	3	4
556134	5	122931	3	8
556138	6	556137	6	12
556141	5	556140	11	16
556143	5	556142	6	11
556145	3	556144	1	4
556158	2	556157	1	3
556174	3	556173	2	5
556179	3	122964	6	9
556182	4	556181	2	6
556196	2	122988	4	6
556209	1	556208	6	7
556219	4	556218	7	11
556228	7	556227	5	12
556237	2	321464	2	4
556250	2	321474	4	6
556259	3	556258	2	5
556266	5	123065	5	10
556272	2	556271	1	3
556274	4	556273	4	8
556276	3	556275	2	5
556285	1	556284	1	2
556297	15	556296	11	26
556308	5	556307	3	8
556314	3	556313	9	12
556346	2	556345	3	5
556351	4	556350	4	8
556354	8	556353	10	18
556358	2	556357	5	7
556361	2	123163	1	3
556364	5	556363	3	8
556369	2	556368	6	8
556376	2	556375	16	18
556380	1	556379	9	10
556383	10	556382	5	15
556389	5	556388	3	8
556395	4	556394	7	11
556401	9	556400	4	13
556403	1	556402	1	2
556410	6	556409	9	15
556412	8	556411	5	13
556415	6	556414	1	7
556428	2	123221	2	4
556441	5	556440	2	7
556442	2	123245	2	4
556453	6	556452	4	10
556463	2	556462	1	3
556466	5	556465	3	8
556469	8	556468	4	12
556478	1	556477	1	2
556487	1	556486	1	2
556496	3	556495	1	4
556511	4	556510	3	7
556512	2	123318	1	3
556523	1	556522	3	4
556553	3	887005	1	4
556563	4	556562	1	5
556575	1	556574	2	3
556583	3	556582	3	6
556585	6	556584	1	7
556588	1	556587	11	12
556597	2	556596	2	4
556613	2	556612	2	4
556622	4	556621	9	13
556635	1	321595	5	6
556638	3	556637	1	4
556642	5	556641	2	7
556645	4	556644	4	8
556655	2	123509	2	4
556659	5	556658	3	8
556663	6	556662	4	10
556671	2	123521	3	5
556696	18	123552	5	23
556701	7	123553	6	13
556710	1	556709	2	3
556715	4	556714	1	5
556718	3	556717	1	4
556726	8	123575	2	10
556744	1	321613	2	3
556751	1	556750	7	8
556754	1	556753	10	11
556765	5	1045497	2	7
556779	7	556778	5	12
556782	6	556781	3	9
556805	3	556804	2	5
556813	5	123671	3	8
556815	5	556814	4	9
556821	1	556820	5	6
556836	2	123694	1	3
556847	3	123700	1	4
556851	3	556850	3	6
556860	2	556859	1	3
556864	4	556862	4	8
556887	8	556886	2	10
556892	3	556891	3	6
556904	6	556903	10	16
556918	2	556917	7	9
556942	6	123787	1	7
556944	8	556943	6	14
556947	4	556946	4	8
556959	4	556958	3	7
556968	1	556967	1	2
556972	5	556971	6	11
556993	2	1045564	1	3
556998	1	123857	1	2
557005	6	557004	2	8
557009	2	557008	1	3
557035	1	557034	6	7
557039	11	557038	7	18
557044	1	557043	2	3
557046	2	557045	1	3
557054	1	557053	1	2
557073	5	557072	1	6
557084	4	557083	2	6
557087	4	557086	6	10
557093	3	557092	2	5
557096	7	123926	3	10
557102	1	123931	2	3
557105	3	123955	5	8
557109	6	557108	2	8
557111	3	557110	1	4
557116	7	557115	4	11
557119	4	557118	2	6
557123	3	557122	2	5
557145	1	557144	2	3
557154	7	123992	4	11
557156	3	557155	3	6
557157	5	123994	4	9
557163	7	557162	7	14
557171	2	557170	1	3
557175	2	557174	1	3
557177	1	557176	2	3
557179	22	557178	3	25
557191	4	557190	2	6
557195	2	321709	3	5
557196	3	124023	1	4
557201	18	557200	12	30
557203	14	557202	15	29
557222	10	557221	1	11
557226	17	557225	18	35
557239	19	557238	7	26
557243	16	557242	3	19
557249	2	557248	15	17
557251	3	557250	4	7
557253	18	557252	19	37
557258	13	557257	21	34
557260	7	557259	9	16
557273	1	557272	1	2
557275	7	124064	3	10
557276	5	124070	4	9
557283	3	557282	4	7
557287	1	557286	3	4
557291	6	124095	2	8
557298	3	557297	9	12
557304	3	557303	6	9
557307	5	124110	4	9
557309	1	557308	4	5
557312	7	557311	10	17
557314	3	557313	7	10
557317	7	557316	12	19
557322	3	124114	2	5
557332	4	557331	1	5
557336	1	557335	2	3
557342	1	124132	1	2
557345	3	557344	3	6
557355	8	557354	13	21
557357	1	557356	1	2
557376	2	557375	4	6
557382	2	124166	1	3
557386	1	557385	1	2
557393	5	887374	1	6
557397	59	557396	2	61
557408	1	557407	12	13
557426	1	557425	5	6
557428	7	557427	2	9
557431	3	557430	1	4
557442	5	557441	5	10
557449	1	557448	1	2
557457	7	557456	1	8
557460	3	557459	2	5
557470	3	557469	8	11
557473	4	557472	1	5
557493	1	557492	1	2
557502	1	557501	1	2
557516	7	124287	5	12
557521	2	557520	6	8
557523	3	557522	2	5
557547	4	557546	2	6
557552	7	557551	2	9
557555	3	124313	2	5
557558	5	557557	5	10
557560	1	557559	6	7
557564	5	124316	3	8
557568	3	557567	3	6
557570	3	557569	2	5
557572	4	557571	3	7
557574	6	557573	4	10
557578	3	557577	2	5
557596	2	124339	1	3
557603	9	557602	10	19
557608	3	557607	2	5
557613	2	557612	6	8
557615	8	557614	6	14
557620	6	557619	2	8
557623	7	557622	5	12
557660	5	557659	4	9
557662	3	557661	5	8
557666	2	557665	5	7
557681	1	557680	2	3
557687	3	124413	3	6
557690	2	557689	3	5
557694	3	557693	2	5
557699	7	557698	3	10
557704	1	557703	3	4
557709	2	124426	3	5
557712	1	124429	2	3
557715	14	557714	1	15
557717	1	887497	4	5
557721	2	124442	5	7
557723	2	557722	1	3
557734	1	557733	6	7
557748	3	557747	1	4
557756	4	124467	1	5
557758	1	557757	1	2
557771	5	557770	6	11
557776	1	557775	5	6
557779	1	557778	1	2
557786	4	124492	2	6
557789	2	124494	2	4
557799	3	557798	3	6
557808	6	124509	3	9
557811	2	557810	2	4
557815	3	557814	6	9
557835	2	557834	4	6
557840	2	557839	4	6
557866	1	557865	11	12
557872	8	557871	2	10
557879	3	557878	6	9
557884	1	557883	1	2
557901	4	557900	5	9
557903	6	557902	1	7
557908	1	557907	2	3
557910	2	557909	2	4
557914	2	557913	1	3
557915	1	124605	1	2
557920	2	557919	3	5
557922	1	557921	1	2
557926	5	557925	7	12
557933	13	887576	10	23
557945	1	557944	1	2
557979	7	557978	14	21
557989	9	557988	3	12
557999	3	557998	5	8
558012	2	887621	2	4
558034	1	558033	1	2
558066	2	124767	4	6
558075	7	558074	4	11
558076	2	124780	5	7
558087	5	558086	3	8
558088	3	321881	7	10
558097	1	124826	5	6
558098	5	124828	1	6
558101	7	558100	3	10
558109	3	558108	4	7
558113	7	558112	2	9
558117	6	558116	4	10
558119	6	558118	9	15
558121	6	887668	1	7
558129	8	558128	2	10
558133	8	558132	3	11
558136	2	558135	2	4
558159	9	558158	4	13
558161	1	558160	5	6
558169	5	558168	5	10
558179	3	558178	10	13
558183	4	558182	2	6
558185	5	558184	3	8
558188	7	124889	7	14
558216	2	558215	3	5
558218	4	887712	1	5
558224	2	558223	1	3
558226	3	558225	1	4
558230	2	558229	2	4
558236	6	558235	3	9
558238	3	558237	5	8
558240	3	558239	4	7
558246	4	558245	8	12
558251	6	558250	3	9
558258	8	558257	2	10
558271	1	558270	4	5
558284	3	558283	4	7
558285	9	124952	2	11
558287	7	558286	5	12
558298	4	558297	1	5
558303	7	558302	6	13
558312	3	887768	3	6
558325	8	558324	1	9
558331	6	558330	8	14
558335	8	887778	4	12
558341	12	558340	2	14
558346	8	321928	4	12
558349	4	558348	6	10
558360	5	558359	1	6
558363	5	558362	3	8
558370	8	125014	4	12
558371	2	558369	3	5
558374	2	558373	1	3
558382	2	125022	1	3
558400	2	558399	6	8
558405	8	125041	3	11
558415	3	558414	3	6
558424	14	558423	2	16
558428	2	558427	3	5
558430	3	558429	3	6
558435	4	558434	1	5
558442	5	558441	2	7
558445	3	558444	2	5
558455	11	558454	4	15
558463	5	558462	1	6
558465	2	558464	3	5
558468	6	887829	5	11
558478	1	558477	1	2
558482	4	558481	2	6
558493	3	558492	8	11
558495	18	558494	4	22
558499	3	558498	3	6
558502	2	558501	5	7
558505	3	125096	1	4
558512	4	558511	1	5
558527	2	558526	1	3
558539	3	558538	2	5
558543	2	558542	2	4
558547	43	125131	2	45
558550	2	558549	1	3
558570	13	558569	3	16
558576	3	558575	8	11
558584	5	125175	4	9
558589	1	558588	4	5
558591	5	558590	4	9
558594	2	125188	1	3
558609	4	558608	4	8
558624	4	558623	7	11
558626	1	558625	1	2
558636	4	558635	9	13
558649	4	558648	4	8
558661	4	558660	4	8
558667	2	558666	3	5
558675	8	558674	7	15
558679	3	558678	3	6
558682	3	558681	4	7
558705	61	558704	9	70
558725	6	558724	3	9
558728	9	558727	4	13
558730	3	558729	5	8
558731	1	887923	4	5
558747	5	558746	10	15
558758	6	558757	1	7
558760	10	558759	9	19
558762	4	558761	10	14
558766	3	558765	4	7
558770	3	558769	5	8
558775	10	558774	2	12
558777	2	558776	5	7
558784	5	125299	4	9
558785	1	125300	11	12
558787	9	558786	3	12
558793	5	558792	8	13
558798	6	558797	4	10
558800	4	558799	2	6
558809	1	558808	1	2
558826	5	558825	10	15
558829	2	558828	5	7
558847	4	558846	8	12
558852	6	558851	1	7
558855	2	558854	2	4
558864	3	558863	3	6
558869	2	558868	10	12
558872	3	558871	3	6
558883	8	558882	6	14
558893	9	558892	5	14
558908	1	558907	4	5
558912	4	558911	3	7
558921	9	125387	4	13
558928	4	125393	3	7
558931	4	558930	9	13
558935	3	558934	3	6
558942	16	558941	1	17
558955	1	558954	7	8
558968	3	558967	1	4
558974	3	558973	8	11
558991	1	322039	1	2
558995	8	558994	4	12
559000	6	558999	3	9
559003	3	559002	2	5
559013	2	559012	1	3
559023	2	559022	1	3
559025	3	559024	1	4
559038	3	559037	10	13
559041	1	559040	2	3
559044	1	559043	3	4
559049	4	559048	3	7
559051	6	559050	6	12
559053	1	559052	6	7
559059	2	559058	6	8
559075	3	559074	1	4
559084	3	559083	3	6
559089	3	559088	2	5
559103	9	559102	4	13
559105	1	559104	1	2
559112	11	559110	10	21
559113	7	559111	4	11
559119	2	559118	11	13
559122	2	559121	1	3
559125	10	559124	1	11
559126	6	888058	1	7
559129	2	559128	2	4
559131	3	559130	5	8
559134	1	559133	1	2
559135	1	125509	2	3
559137	1	559136	5	6
559139	5	559138	2	7
559147	7	559146	8	15
559148	2	559145	4	6
559150	3	125518	3	6
559156	2	559155	2	4
559161	2	125523	1	3
559172	1	559171	3	4
559174	1	559173	3	4
559184	2	559183	5	7
559185	4	888079	8	12
559188	3	559187	2	5
559189	8	125542	1	9
559192	3	559191	2	5
559193	1	125543	1	2
559205	5	559204	7	12
559210	14	559209	10	24
559212	1	888093	8	9
559222	3	559221	8	11
559242	3	559241	4	7
559247	1	559246	1	2
559254	1	559253	3	4
559257	5	559256	2	7
559265	6	559264	2	8
559267	3	559266	2	5
559270	1	125627	3	4
559271	5	888112	4	9
559274	1	559273	3	4
559287	3	559286	25	28
559291	6	559290	4	10
559296	3	559295	8	11
559297	8	888121	5	13
559299	2	559298	1	3
559308	4	559307	4	8
559319	5	559318	3	8
559326	7	559325	4	11
559328	10	559327	11	21
559337	8	125670	4	12
559339	8	559338	4	12
559342	4	559341	3	7
559345	2	559344	1	3
559352	4	559351	3	7
559354	1	559353	3	4
559360	14	559359	2	16
559371	7	559370	4	11
559373	5	559372	16	21
559375	3	559374	2	5
559377	1	559376	4	5
559393	3	559392	3	6
559398	1	559397	2	3
559405	1	125694	2	3
559408	4	559407	6	10
559410	5	559409	2	7
559418	2	559417	4	6
559422	2	559421	1	3
559424	1	559423	3	4
559428	5	559427	1	6
559451	2	125731	3	5
559456	2	559455	4	6
559459	1	559458	3	4
559465	4	559464	4	8
559470	2	559469	4	6
559471	1	888197	8	9
559479	1	125746	2	3
559482	4	559481	2	6
559486	3	559485	5	8
559494	7	559493	31	38
559507	5	125753	3	8
559521	2	559520	1	3
559524	2	559523	4	6
559527	3	559526	7	10
559530	7	559529	4	11
559532	4	559531	1	5
559536	1	559535	8	9
559538	5	559537	3	8
559550	3	559549	1	4
559555	3	125788	1	4
559557	5	559556	2	7
559565	2	559564	6	8
559568	23	559567	6	29
559570	9	559569	1	10
559579	7	559578	3	10
559581	2	559580	3	5
559585	3	125805	1	4
559588	5	559587	1	6
559598	8	559597	4	12
559603	4	559602	3	7
559622	2	559621	1	3
559628	3	559627	3	6
559630	6	559629	8	14
559639	4	559638	2	6
559641	1	559640	7	8
559651	4	559650	4	8
559653	5	559652	2	7
559658	3	559657	1	4
559673	1	559672	9	10
559693	4	559692	3	7
559700	9	559699	10	19
559708	6	559707	3	9
559716	6	559715	1	7
559732	3	125866	1	4
559738	6	559737	7	13
559743	6	559742	10	16
559746	1	559745	2	3
559748	2	559747	3	5
559751	3	559750	2	5
559756	19	559755	3	22
559759	2	559758	2	4
559762	2	559761	1	3
559764	5	559763	2	7
559771	2	559770	5	7
559774	2	559773	8	10
559813	2	559812	1	3
559815	5	559814	1	6
559820	2	559819	1	3
559822	2	125906	3	5
559827	1	559826	1	2
559836	14	559835	1	15
559847	1	559846	8	9
559852	7	559851	5	12
559857	6	559856	4	10
559863	6	125933	9	15
559871	1	559870	2	3
559873	6	559872	4	10
559875	3	559874	1	4
559880	3	559879	3	6
559882	4	559881	3	7
559884	5	559883	15	20
559893	14	559892	8	22
559896	5	559895	4	9
559899	25	125948	3	28
559909	2	559908	11	13
559911	17	559910	9	26
559916	6	559915	7	13
559919	1	559918	6	7
559922	4	559921	7	11
559939	6	559938	9	15
559944	9	559943	7	16
559950	7	559949	3	10
559952	8	559951	10	18
559960	10	559959	4	14
559961	7	125966	2	9
559974	9	559973	3	12
559978	4	322172	6	10
559980	6	125976	4	10
559998	2	559997	4	6
560026	3	560025	4	7
560029	4	560028	1	5
560031	7	560030	5	12
560032	5	1046525	1	6
560039	13	560038	14	27
560049	9	560048	4	13
560053	3	126053	4	7
560062	5	560061	2	7
560082	4	560081	6	10
560088	4	126075	7	11
560091	7	560090	5	12
560093	6	560092	10	16
560095	4	560094	2	6
560096	2	888437	6	8
560098	4	560097	1	5
560105	3	560104	3	6
560111	5	560110	3	8
560123	2	560122	3	5
560125	7	560124	4	11
560135	3	560134	1	4
560137	2	560136	1	3
560138	2	126093	2	4
560150	2	560149	1	3
560152	1	560151	4	5
560154	5	560153	5	10
560170	4	560169	3	7
560179	2	126116	5	7
560183	7	560182	3	10
560186	4	560185	6	10
560190	5	126127	1	6
560218	4	126154	6	10
560220	10	560219	2	12
560222	1	560221	7	8
560230	17	888483	1	18
560239	3	560238	3	6
560241	4	560240	4	8
560252	2	560251	9	11
560255	2	560254	4	6
560268	5	560267	4	9
560270	7	560269	2	9
560273	4	560272	2	6
560275	5	560274	4	9
560277	9	560276	1	10
560291	5	560290	3	8
560293	4	126203	3	7
560295	2	560294	1	3
560302	8	560301	8	16
560306	3	560305	3	6
560310	6	560309	5	11
560319	8	126219	5	13
560321	13	560320	15	28
560324	8	560323	6	14
560329	8	560328	5	13
560334	3	560333	4	7
560345	3	126247	3	6
560366	2	560365	2	4
560369	3	560368	6	9
560372	9	560371	4	13
560373	2	126272	5	7
560378	11	560377	3	14
560384	19	126286	10	29
560388	9	560387	4	13
560413	7	560412	10	17
560418	8	560417	4	12
560425	12	560424	2	14
560435	1	560434	2	3
560438	1	560437	7	8
560446	1	560445	13	14
560449	4	560448	4	8
560456	14	560455	1	15
560463	6	560462	2	8
560471	1	560470	1	2
560483	6	560482	5	11
560487	6	560486	8	14
560491	2	560490	1	3
560494	5	560493	4	9
560506	4	560505	4	8
560513	4	560512	5	9
560520	3	560519	8	11
560527	6	888599	9	15
560529	4	560528	1	5
560541	16	888605	14	30
560556	5	560555	1	6
560560	3	560559	2	5
560565	3	560564	5	8
560576	3	560575	1	4
560579	4	560578	4	8
560581	6	560580	2	8
560589	6	560588	10	16
560591	4	560590	6	10
560593	2	560592	2	4
560600	3	560599	4	7
560604	1	560603	3	4
560612	1	560611	3	4
560616	8	560615	21	29
560623	1	126392	4	5
560633	11	560632	5	16
560638	5	560637	2	7
560642	3	560641	2	5
560645	7	126406	8	15
560653	5	560652	6	11
560662	3	560661	5	8
560663	18	322305	5	23
560667	12	560666	6	18
560669	6	560668	6	12
560678	6	560677	4	10
560681	6	560680	11	17
560691	11	560690	11	22
560695	7	560694	3	10
560699	6	560698	2	8
560709	10	560708	3	13
560713	5	560712	1	6
560716	5	560715	2	7
560731	10	560730	5	15
560736	11	560735	2	13
560741	19	560740	3	22
560747	5	560746	1	6
560759	4	888681	3	7
560766	6	560765	6	12
560768	5	560767	2	7
560772	1	560771	5	6
560780	2	560779	4	6
560788	1	560787	4	5
560800	2	560799	4	6
560804	5	126509	6	11
560806	2	560805	3	5
560812	2	560811	3	5
560819	4	322332	2	6
560827	4	560826	4	8
560830	1	560829	3	4
560838	7	560837	2	9
560850	12	888707	3	15
560860	9	560859	5	14
560867	9	560866	4	13
560869	3	560868	6	9
560875	7	560874	2	9
560891	2	560890	3	5
560894	9	126533	1	10
560901	3	560900	1	4
560904	3	560903	1	4
560907	1	560906	2	3
560913	3	560912	5	8
560930	5	560929	11	16
560941	1	560940	11	12
560942	1	126554	2	3
560944	8	560943	11	19
560951	8	560950	3	11
560964	5	560963	3	8
560970	6	560969	3	9
560974	1	560973	8	9
560988	6	560987	7	13
560994	2	560993	6	8
561003	3	561002	3	6
561015	9	126588	11	20
561018	3	126602	3	6
561039	4	561038	5	9
561045	9	126622	6	15
561052	6	561051	3	9
561054	2	561053	7	9
561061	4	561060	1	5
561062	12	888787	2	14
561069	2	561068	3	5
561074	1	561073	5	6
561076	6	561075	7	13
561078	8	561077	7	15
561080	1	561079	4	5
561091	5	561090	2	7
561096	1	561095	2	3
561098	2	561097	7	9
561099	1	888800	6	7
561101	3	561100	3	6
561109	3	561108	7	10
561111	2	561110	5	7
561115	4	561114	3	7
561128	1	561127	2	3
561135	1	561134	5	6
561138	9	561137	2	11
561140	5	126665	1	6
561157	10	561156	3	13
561160	9	561159	3	12
561166	1	561165	6	7
561170	5	561169	2	7
561176	16	561175	10	26
561185	6	561184	5	11
561202	1	126702	5	6
561216	3	561215	5	8
561225	3	561224	3	6
561228	10	561227	11	21
561234	9	561233	8	17
561239	8	561238	3	11
561243	9	561242	4	13
561250	28	126714	5	33
561259	3	888871	2	5
561264	7	561263	4	11
561272	13	126723	3	16
561276	10	561275	16	26
561280	6	561279	6	12
561282	4	126724	5	9
561284	2	561283	4	6
561290	4	561289	6	10
561292	5	561291	5	10
561310	4	561309	5	9
561312	5	561311	4	9
561326	2	561325	9	11
561329	9	561328	4	13
561345	2	1046946	3	5
561352	3	561351	5	8
561354	1	561353	2	3
561362	12	561361	5	17
561380	17	561379	4	21
561381	9	322401	4	13
561385	2	561384	8	10
561389	26	888910	10	36
561391	9	561390	8	17
561392	9	322402	18	27
561395	11	561394	11	22
561407	23	561406	12	35
561412	4	126778	5	9
561415	10	561414	5	15
561421	14	561420	4	18
561428	4	561427	6	10
561431	5	561430	7	12
561433	3	561432	5	8
561437	3	561436	9	12
561440	5	561439	11	16
561457	9	561456	14	23
561476	3	561475	1	4
561486	3	561485	3	6
561491	4	888951	5	9
561502	8	561501	10	18
561511	9	561510	5	14
561514	6	561513	6	12
561523	9	561522	6	15
561526	10	561525	3	13
561533	6	126831	3	9
561539	9	561538	2	11
561543	5	561542	6	11
561545	29	561544	4	33
561548	10	561547	1	11
561553	3	561552	7	10
561555	5	561554	3	8
561557	4	561556	4	8
561560	13	561559	10	23
561563	13	561562	11	24
561566	6	561565	6	12
561568	7	561567	3	10
561571	9	561570	7	16
561580	6	561579	8	14
561586	1	888992	2	3
561588	10	561587	4	14
561595	16	561594	4	20
561603	9	561602	1	10
561619	3	561618	7	10
561624	8	561623	3	11
561626	5	561625	3	8
561636	6	126856	4	10
561647	3	561646	10	13
561652	12	561651	5	17
561657	5	561656	11	16
561701	9	889041	5	14
561717	12	889052	15	27
561721	10	561720	11	21
561726	10	561725	17	27
561734	3	561733	1	4
561741	10	561740	2	12
561763	4	561762	9	13
561768	3	561767	8	11
561772	6	561771	21	27
561778	18	561777	3	21
561809	11	561808	2	13
561813	1	561812	8	9
561815	5	561814	1	6
561825	10	561824	3	13
561849	3	561848	3	6
561851	11	561850	1	12
561856	11	561855	2	13
561858	11	561857	1	12
561859	5	889116	17	22
561880	11	561879	12	23
561896	3	561895	3	6
561898	12	889129	3	15
561905	14	561904	4	18
561908	5	561907	9	14
561911	9	126988	9	18
561931	6	561930	6	12
561944	9	889150	2	11
561947	6	561946	4	10
561950	7	561949	7	14
561952	7	561951	9	16
561954	5	561953	2	7
561973	6	561972	9	15
561977	7	561976	4	11
561988	6	561987	2	8
561989	5	127004	1	6
561991	3	561990	6	9
562004	6	562003	7	13
562008	7	562006	7	14
562013	6	889175	2	8
562019	5	562018	9	14
562022	13	562021	10	23
562024	11	562023	7	18
562026	6	562025	3	9
562029	8	562028	9	17
562031	14	562030	6	20
562033	16	127018	6	22
562035	7	562034	8	15
562040	6	562039	4	10
562049	5	562048	3	8
562073	13	562072	8	21
562075	1	562074	2	3
562082	3	562081	4	7
562092	2	562091	9	11
562094	13	127039	1	14
562098	2	562097	19	21
562105	5	127047	4	9
562112	9	562111	2	11
562114	3	562113	14	17
562125	1	562124	6	7
562139	7	562138	2	9
562142	2	562141	1	3
562146	4	562145	8	12
562147	4	322503	2	6
562159	13	562158	3	16
562166	6	562165	9	15
562185	7	562184	5	12
562189	17	562188	8	25
562191	10	562190	2	12
562194	14	562193	4	18
562203	10	562202	6	16
562205	2	562204	8	10
562207	13	562206	4	17
562212	6	562211	12	18
562215	4	562214	4	8
562227	10	562226	15	25
562229	18	562228	8	26
562231	9	562230	6	15
562233	5	562232	3	8
562244	6	562243	5	11
562250	1	562249	3	4
562260	2	562259	9	11
562264	5	562263	5	10
562266	3	562265	5	8
562268	4	562267	8	12
562280	4	562279	3	7
562289	1	562288	7	8
562292	6	562291	8	14
562298	5	562297	3	8
562304	6	562303	17	23
562306	1	562305	2	3
562314	2	562313	4	6
562316	11	127115	8	19
562320	3	562319	8	11
562323	3	127118	1	4
562326	4	562325	12	16
562331	13	562330	17	30
562334	3	562333	18	21
562343	3	562342	3	6
562353	1	562352	8	9
562361	7	562360	7	14
562373	5	562372	11	16
562376	1	562375	3	4
562382	6	562381	8	14
562394	5	562393	9	14
562396	6	562395	7	13
562403	3	562402	4	7
562407	4	562406	4	8
562412	5	562411	5	10
562415	3	562414	4	7
562417	3	562416	1	4
562419	7	562418	5	12
562426	5	562425	7	12
562428	8	562427	19	27
562434	11	562433	7	18
562446	9	562445	8	17
562447	2	889326	4	6
562477	8	562476	4	12
562505	12	889341	2	14
562511	6	562510	7	13
562514	4	562513	4	8
562516	34	562515	3	37
562519	2	562518	5	7
562529	5	562528	5	10
562539	8	562538	5	13
562544	9	562543	3	12
562547	5	562546	6	11
562549	7	562548	8	15
562556	10	562555	2	12
562558	6	562557	12	18
562565	5	562564	6	11
562572	3	562571	1	4
562575	5	562574	8	13
562581	2	562580	4	6
562583	1	562582	2	3
562586	1	562585	6	7
562610	7	562609	3	10
562622	4	562621	3	7
562627	6	562626	7	13
562639	2	562638	4	6
562649	5	562648	13	18
562652	3	562651	3	6
562655	5	562654	4	9
562671	14	562670	4	18
562677	1	562676	2	3
562680	5	562679	10	15
562682	2	562681	6	8
562685	30	127213	1	31
562699	7	562698	4	11
562702	6	562701	1	7
562730	5	562729	6	11
562735	2	127238	1	3
562743	5	562742	6	11
562747	4	562746	8	12
562750	3	562749	3	6
562753	4	562752	4	8
562760	14	562759	15	29
562768	2	322548	13	15
562786	7	562785	2	9
562800	6	562799	1	7
562802	14	562801	3	17
562811	10	889429	8	18
562820	5	127282	2	7
562821	3	127283	1	4
562825	5	562824	9	14
562827	4	562826	12	16
562833	3	562832	2	5
562839	2	562838	2	4
562850	4	562849	21	25
562853	3	562852	12	15
562864	2	127315	4	6
562869	10	562868	6	16
562871	7	562870	6	13
562877	5	562876	5	10
562884	7	127325	3	10
562924	5	562923	2	7
562926	3	562925	6	9
562928	8	562927	2	10
562938	2	562937	3	5
562940	7	889494	9	16
562946	11	562945	7	18
562953	8	562952	2	10
562987	17	562986	11	28
562991	10	562990	6	16
563000	7	562999	1	8
563004	5	563003	14	19
563017	4	563016	3	7
563020	2	127382	8	10
563040	1	563039	1	2
563043	9	563042	7	16
563051	7	563050	1	8
563056	9	563055	3	12
563065	2	563064	1	3
563071	3	563070	4	7
563075	11	563074	3	14
563082	2	563081	1	3
563089	7	563088	3	10
563095	6	563094	3	9
563098	14	563097	9	23
563106	3	563105	7	10
563109	9	127423	2	11
563134	7	563133	13	20
563141	3	563140	4	7
563152	3	563151	3	6
563159	4	563158	5	9
563161	8	563160	5	13
563165	3	563164	5	8
563174	8	563173	9	17
563177	11	563176	5	16
563190	4	563189	4	8
563193	5	563192	10	15
563204	5	563203	4	9
563205	13	563202	32	45
563213	10	563212	7	17
563215	5	563214	4	9
563220	23	127477	7	30
563224	7	563223	5	12
563236	2	563235	11	13
563238	2	889603	1	3
563248	6	127492	4	10
563252	2	563251	2	4
563259	4	322616	8	12
563260	6	322617	2	8
563268	8	563267	11	19
563285	6	563284	2	8
563289	5	563288	9	14
563308	8	563307	5	13
563313	1	563312	9	10
563315	6	563314	2	8
563322	6	563321	10	16
563324	4	563323	10	14
563328	10	563327	8	18
563338	3	563337	5	8
563349	4	563348	7	11
563367	2	563366	3	5
563374	14	563373	1	15
563396	11	563395	7	18
563399	3	563398	11	14
563402	10	563401	6	16
563410	9	563409	2	11
563412	4	563411	4	8
563416	9	563415	2	11
563425	3	563424	5	8
563434	7	563433	14	21
563447	4	563446	16	20
563465	4	563464	7	11
563467	3	563466	5	8
563481	2	563480	11	13
563502	19	563501	7	26
563510	7	563509	11	18
563512	6	563511	18	24
563518	6	563517	6	12
563521	3	127580	1	4
563526	3	563525	2	5
563532	7	563531	9	16
563539	7	563538	6	13
563550	6	563549	9	15
563559	4	563558	5	9
563573	9	563572	4	13
563583	1	563582	1	2
563597	1	563596	10	11
563599	2	563598	5	7
563603	8	563602	3	11
563616	11	563615	5	16
563621	7	127625	2	9
563629	9	563628	1	10
563643	5	563642	17	22
563650	12	563649	8	20
563656	5	563655	15	20
563670	9	563669	11	20
563673	7	563672	1	8
563675	10	563674	1	11
563677	3	563676	4	7
563681	6	563680	3	9
563684	9	563683	11	20
563689	4	563688	3	7
563691	2	563690	1	3
563696	6	563695	1	7
563702	3	563701	3	6
563707	15	563706	7	22
563709	3	563708	2	5
563720	9	563719	1	10
563722	3	563721	2	5
563732	5	563731	2	7
563735	3	563734	6	9
563737	5	563736	7	12
563744	3	127654	4	7
563760	3	563759	5	8
563764	18	127656	3	21
563766	2	563765	6	8
563769	5	563768	5	10
563771	7	563770	2	9
563773	2	563772	10	12
563777	1	127660	3	4
563779	1	563778	3	4
563784	7	563783	9	16
563786	3	322662	3	6
563789	6	563788	12	18
563792	9	563791	8	17
563801	7	563800	5	12
563805	3	563804	2	5
563816	10	563815	6	16
563818	2	563817	3	5
563828	12	563827	7	19
563830	1	563829	4	5
563854	3	563853	1	4
563864	3	563863	7	10
563867	7	563866	4	11
563884	3	563883	11	14
563886	6	563885	3	9
563889	1	322672	5	6
563895	3	563894	6	9
563897	8	563896	15	23
563900	9	563899	11	20
563905	3	563904	3	6
563916	9	563915	4	13
563918	7	563917	4	11
563922	7	563921	2	9
563939	7	563938	1	8
563947	1	563946	1	2
563949	8	563948	8	16
563951	6	1047639	1	7
563971	3	127708	9	12
563977	3	127713	3	6
563984	9	563983	6	15
563985	8	889858	15	23
563989	2	563988	5	7
563999	8	563998	7	15
564019	2	564018	4	6
564026	1	564025	8	9
564030	11	564029	16	27
564038	3	564037	9	12
564046	9	564045	7	16
564049	2	564048	4	6
564053	9	564052	8	17
564059	15	564058	14	29
564061	7	564060	19	26
564070	8	564069	3	11
564078	15	564077	5	20
564087	2	564086	4	6
564107	3	564106	6	9
564120	8	564119	8	16
564122	10	564121	9	19
564129	4	127750	20	24
564132	45	564131	9	54
564145	3	564144	14	17
564153	4	564152	1	5
564156	6	127756	4	10
564187	2	564186	4	6
564212	9	564211	6	15
564214	7	564213	6	13
564220	11	564219	10	21
564222	5	564221	9	14
564233	2	889934	3	5
564236	7	564235	1	8
564242	3	564241	5	8
564245	3	564244	3	6
564248	5	127782	8	13
564260	8	564259	9	17
564264	13	564263	9	22
564266	5	564265	5	10
564271	13	564270	3	16
564272	5	889954	6	11
564276	10	564275	9	19
564282	4	564281	8	12
564284	6	564283	7	13
564294	6	564293	7	13
564300	10	1047725	6	16
564303	12	564302	6	18
564305	2	127798	3	5
564318	6	564317	8	14
564320	8	564319	7	15
564325	7	564324	13	20
564330	9	322701	13	22
564336	3	127822	3	6
564350	10	127828	7	17
564355	6	564354	14	20
564363	7	127835	9	16
564369	3	564368	2	5
564374	10	564373	5	15
564377	14	564376	3	17
564410	10	564409	6	16
564434	5	564433	1	6
564438	4	564437	8	12
564454	2	564453	3	5
564476	8	564475	2	10
564482	3	564481	30	33
564493	1	890123	3	4
564495	3	564494	3	6
564497	1	322734	1	2
564501	3	564500	13	16
564521	3	564520	1	4
564523	2	127898	7	9
564544	1	564543	3	4
564577	1	564576	2	3
564580	3	127926	1	4
564584	10	127933	1	11
564591	2	564590	3	5
564610	1	564609	19	20
564628	1	564627	3	4
564630	2	564629	2	4
564637	3	564636	22	25
564656	7	564655	23	30
564660	2	564659	3	5
564686	1	564685	3	4
564688	4	322782	10	14
564692	2	564691	2	4
564696	5	564694	5	10
564706	2	128007	3	5
564714	8	128012	5	13
564717	1	564716	1	2
564764	2	564763	2	4
564771	1	564770	1	2
564799	2	564798	1	3
564816	1	564815	3	4
564822	1	564821	1	2
564830	1	564829	3	4
564846	4	564845	1	5
564861	1	564860	2	3
564863	1	564862	5	6
564871	1	128133	14	15
564898	1	128156	3	4
564904	3	564903	1	4
564907	2	564906	4	6
564960	2	564959	7	9
564983	2	564982	3	5
565000	16	564999	2	18
565002	3	128193	3	6
565011	5	565010	10	15
565014	5	565013	6	11
565021	4	565020	8	12
565030	3	322838	5	8
565034	1	128207	5	6
565050	2	565049	4	6
565053	10	565052	10	20
565062	2	322844	1	3
565075	5	128233	2	7
565078	5	565077	5	10
565083	8	565082	1	9
565087	12	565086	9	21
565089	4	565088	3	7
565098	3	128256	1	4
565105	1	565104	21	22
565111	5	565110	2	7
565116	5	565115	18	23
565125	1	565124	1	2
565129	2	565128	18	20
565131	1	565130	2	3
565148	1	565147	1	2
565156	24	565155	4	28
565172	2	565171	1	3
565174	1	128289	24	25
565176	14	565175	21	35
565179	2	565178	6	8
565182	1	565181	24	25
565186	34	565185	1	35
565204	2	565203	1	3
565210	1	565209	1	2
565214	4	565213	2	6
565217	1	565216	1	2
565225	1	565224	1	2
565227	1	565226	18	19
565233	4	565232	4	8
565240	2	565239	3	5
565242	7	565241	4	11
565245	3	128327	1	4
565248	4	565247	7	11
565251	3	565250	33	36
565263	4	565262	3	7
565266	4	565265	4	8
565271	2	565270	6	8
565274	1	565273	9	10
565276	9	565275	4	13
565279	11	565278	4	15
565281	3	565280	2	5
565289	1	565288	1	2
565299	2	565298	2	4
565308	3	565307	5	8
565310	1	565309	2	3
565313	1	565312	3	4
565325	1	565324	2	3
565330	1	565329	3	4
565339	3	128364	3	6
565341	13	565340	18	31
565353	6	565352	7	13
565376	17	565375	1	18
565389	1	890473	44	45
565394	3	565393	2	5
565398	4	565397	4	8
565402	2	565401	4	6
565426	3	565425	1	4
565434	5	565433	5	10
565437	2	565436	7	9
565456	1	565455	1	2
565464	1	565463	3	4
565467	2	565466	1	3
565469	2	565468	15	17
565476	6	565475	15	21
565480	4	565479	2	6
565483	3	565482	3	6
565504	1	565503	3	4
565527	3	890514	2	5
565532	5	565531	2	7
565539	3	565538	2	5
565554	2	565553	2	4
565558	3	565557	3	6
565563	3	565562	1	4
565567	3	565566	1	4
565595	2	565594	1	3
565610	1	565609	1	2
565611	6	128458	3	9
565617	1	890539	1	2
565628	1	565627	1	2
565634	3	565633	2	5
565650	1	128488	3	4
565675	4	565674	8	12
565680	2	565679	1	3
565688	1	565687	1	2
565701	2	565700	1	3
565705	2	565704	4	6
565716	2	565715	7	9
565720	1	565719	5	6
565724	33	128501	11	44
565741	1	565740	5	6
565752	3	565751	4	7
565779	2	565778	2	4
565792	10	565790	3	13
565797	8	565796	2	10
565807	1	565806	1	2
565830	10	322947	3	13
565832	11	128553	6	17
565864	3	565863	3	6
565886	1	565885	2	3
565896	4	565895	2	6
565899	1	565898	1	2
565901	3	565897	7	10
565903	2	565902	2	4
565906	1	565905	1	2
565918	1	565917	1	2
565929	1	128622	1	2
565936	9	565935	4	13
565941	27	565940	5	32
565964	25	565963	4	29
565966	3	322967	1	4
565982	1	565981	1	2
565984	3	565983	2	5
565987	2	565986	1	3
565992	1	565991	1	2
565995	2	565994	1	3
566024	8	566023	1	9
566057	3	566056	3	6
566070	1	566069	1	2
566072	1	566071	1	2
566101	2	128690	4	6
566109	11	566108	6	17
566132	2	566131	2	4
566143	1	566142	1	2
566172	4	566171	1	5
566177	5	566176	5	10
566180	4	566179	6	10
566182	1	128752	1	2
566184	4	566183	6	10
566193	1	566192	4	5
566197	4	566196	3	7
566229	6	566228	3	9
566232	2	566231	1	3
566240	6	566239	1	7
566242	4	566241	4	8
566245	5	566244	5	10
566249	1	566248	1	2
566257	2	566256	2	4
566282	3	566281	1	4
566291	3	566290	1	4
566307	2	323027	4	6
566321	11	566320	4	15
566332	6	566331	10	16
566346	4	566345	20	24
566352	2	566351	30	32
566363	6	128877	2	8
566366	5	566365	1	6
566369	3	566368	12	15
566372	6	566371	2	8
566384	2	566383	7	9
566396	4	566395	4	8
566397	3	128926	1	4
566406	1	566405	3	4
566410	1	566409	5	6
566414	4	566413	3	7
566429	2	566428	1	3
566446	3	566445	3	6
566448	1	566447	5	6
566454	1	566453	3	4
566455	3	890851	1	4
566462	5	566461	1	6
566478	6	566477	2	8
566482	3	566481	3	6
566493	2	566492	3	5
566496	6	323077	2	8
566499	3	566498	14	17
566515	4	566514	2	6
566522	3	566521	1	4
566527	2	566526	3	5
566529	6	566528	13	19
566536	2	566535	4	6
566552	1	566551	3	4
566558	4	566557	1	5
566564	3	566563	4	7
566570	4	566569	1	5
566571	4	129062	8	12
566574	7	129063	2	9
566587	5	566586	3	8
566590	6	566589	8	14
566592	16	566591	3	19
566603	4	566602	1	5
566604	5	129091	2	7
566606	2	129093	1	3
566614	4	566613	3	7
566628	3	890908	3	6
566639	4	566638	2	6
566641	1	566640	10	11
566644	7	566643	6	13
566648	6	566647	4	10
566660	7	566659	3	10
566673	6	129134	5	11
566680	4	566679	3	7
566682	7	890929	8	15
566694	5	566693	2	7
566701	2	566700	2	4
566705	8	566704	1	9
566720	1	566719	4	5
566723	8	566722	6	14
566727	8	566726	1	9
566734	5	566733	4	9
566741	3	566740	6	9
566752	4	566751	5	9
566754	15	566753	2	17
566757	5	566756	11	16
566771	4	566770	6	10
566788	14	566787	2	16
566798	4	566797	3	7
566808	3	566807	17	20
566818	4	566817	5	9
566836	1	129228	10	11
566853	4	566852	2	6
566860	1	566859	2	3
566867	1	566866	3	4
566870	4	566869	1	5
566872	3	566871	2	5
566876	2	129249	6	8
566879	2	566878	2	4
566882	5	566881	5	10
566884	3	566883	10	13
566887	5	566886	7	12
566888	2	891000	1	3
566893	4	129258	2	6
566896	16	566895	1	17
566909	2	129281	2	4
566917	3	566916	3	6
566919	3	566918	6	9
566922	7	566921	4	11
566930	2	566929	5	7
566937	5	566936	7	12
566941	7	566940	4	11
566943	6	566942	1	7
566967	4	566966	3	7
566970	4	566969	2	6
566980	1	566979	9	10
566983	13	566982	1	14
566985	4	566984	3	7
566987	2	566986	3	5
566996	8	566995	5	13
566999	7	129319	3	10
567003	2	129322	2	4
567014	8	567013	3	11
567017	1	323159	1	2
567024	2	567023	5	7
567031	1	567030	4	5
567036	1	567035	4	5
567052	3	129374	2	5
567056	4	567055	5	9
567058	3	567057	1	4
567061	2	567060	4	6
567068	1	567067	3	4
567075	2	567074	5	7
567079	1	567078	4	5
567084	3	567083	6	9
567092	5	567091	3	8
567099	4	567098	1	5
567103	2	129442	2	4
567107	7	567106	4	11
567118	3	567117	7	10
567122	2	567121	6	8
567131	5	567130	6	11
567133	3	567132	2	5
567139	4	129485	2	6
567154	1	567153	4	5
567160	6	567159	5	11
567164	1	567163	4	5
567172	3	567171	6	9
567187	1	567186	1	2
567199	4	567198	2	6
567201	4	567200	1	5
567215	2	567214	3	5
567222	4	567221	2	6
567226	2	567225	1	3
567230	3	129600	5	8
567250	4	567249	2	6
567266	3	567265	2	5
567269	2	567268	5	7
567284	1	567283	1	2
567285	6	323228	1	7
567289	7	567288	6	13
567297	3	567296	2	5
567305	3	567304	4	7
567322	2	567321	1	3
567327	1	323245	1	2
567338	3	129713	2	5
567342	3	567341	11	14
567362	7	567361	1	8
567367	6	891206	4	10
567374	2	567373	2	4
567376	3	567375	1	4
567388	2	567387	13	15
567399	2	567398	2	4
567401	18	567400	8	26
567415	3	567414	5	8
567427	4	567426	1	5
567429	6	567428	4	10
567433	15	567432	15	30
567441	2	567440	2	4
567449	3	567448	3	6
567454	1	567453	4	5
567463	2	567462	2	4
567466	3	567465	3	6
567468	4	567467	6	10
567477	10	567476	7	17
567499	7	567498	2	9
567516	3	567515	2	5
567525	1	567524	1	2
567533	2	567532	6	8
567540	3	567539	1	4
567542	3	567541	8	11
567546	7	567545	6	13
567556	3	567555	2	5
567558	2	567557	2	4
567562	4	323314	12	16
567563	3	129887	2	5
567567	1	567566	7	8
567574	2	567573	1	3
567575	4	129891	2	6
567584	5	129894	2	7
567596	1	567595	3	4
567599	2	567598	1	3
567604	1	567603	3	4
567611	4	567610	4	8
567620	5	567619	4	9
567622	5	567621	1	6
567632	4	567631	2	6
567655	15	567654	8	23
567673	2	567672	6	8
567674	5	129953	8	13
567678	5	567677	6	11
567685	4	567684	4	8
567687	18	567686	3	21
567690	7	567689	1	8
567693	3	129970	1	4
567708	4	567707	1	5
567717	11	567716	7	18
567721	20	567720	23	43
567724	4	567723	2	6
567735	7	129987	1	8
567744	6	567743	3	9
567746	3	567745	5	8
567761	4	567760	2	6
567762	1	130012	6	7
567768	4	567767	3	7
567771	4	567770	1	5
567775	12	567774	7	19
567782	4	567781	5	9
567805	2	567804	3	5
567817	5	567816	2	7
567839	2	567838	2	4
567841	1	567840	64	65
567863	5	130105	3	8
567865	7	567864	7	14
567869	4	130108	2	6
567877	10	567876	4	14
567894	6	567893	60	66
567897	6	567896	3	9
567902	10	567901	2	12
567908	5	567907	3	8
567912	3	567911	11	14
567915	2	567914	11	13
567922	4	567921	7	11
567928	1	567927	11	12
567931	2	323381	4	6
567938	11	567937	8	19
567943	3	567942	2	5
567946	2	567945	5	7
567951	4	567950	4	8
567954	8	567953	8	16
567956	11	567955	2	13
567961	11	567960	6	17
567962	9	130163	2	11
567971	7	567970	6	13
567978	2	567977	1	3
567980	3	567979	7	10
567987	1	567986	16	17
567990	2	567989	4	6
567994	11	567993	8	19
567996	3	130197	8	11
568002	1	568001	7	8
568009	5	568008	3	8
568011	6	568010	5	11
568015	6	568014	5	11
568024	6	568023	1	7
568027	7	568026	7	14
568029	1	568028	5	6
568040	1	568039	1	2
568042	3	891513	2	5
568053	7	568052	4	11
568058	6	568057	4	10
568060	5	568059	8	13
568064	5	568063	7	12
568068	1	568067	3	4
568078	6	568077	8	14
568080	6	568079	2	8
568083	9	568082	9	18
568087	5	568086	13	18
568091	8	568090	6	14
568093	7	130259	3	10
568094	2	891539	5	7
568099	7	130261	2	9
568103	2	568102	8	10
568112	7	568111	9	16
568118	4	568117	3	7
568122	5	568121	2	7
568137	3	568136	3	6
568145	1	568144	1	2
568147	3	568146	5	8
568150	2	568149	7	9
568166	4	568165	10	14
568168	2	568167	2	4
568177	12	568176	3	15
568183	5	568182	6	11
568191	3	568190	1	4
568199	4	568198	8	12
568207	8	568206	2	10
568226	4	568225	16	20
568230	1	568229	3	4
568236	5	568235	1	6
568241	5	568240	10	15
568258	1	568257	5	6
568263	2	568262	7	9
568265	3	568264	5	8
568268	4	568267	6	10
568270	1	568269	10	11
568278	5	568277	1	6
568282	3	568281	1	4
568284	1	568283	6	7
568287	1	568286	4	5
568296	6	568295	4	10
568298	8	568297	6	14
568311	4	568310	3	7
568318	4	568317	5	9
568320	1	130426	6	7
568322	2	568321	4	6
568335	5	568334	1	6
568340	3	568339	3	6
568343	6	568342	1	7
568374	1	568373	6	7
568387	7	568386	5	12
568390	4	568389	4	8
568391	2	130474	2	4
568394	6	568393	6	12
568401	6	568400	3	9
568404	22	568403	3	25
568411	4	568410	4	8
568414	5	568413	6	11
568418	6	568417	5	11
568421	3	568420	14	17
568423	4	568422	1	5
568427	17	568426	5	22
568430	2	568429	10	12
568441	9	568440	3	12
568451	4	568450	3	7
568453	4	568452	1	5
568456	6	568455	1	7
568458	5	568457	4	9
568465	3	568464	4	7
568469	2	568468	2	4
568476	3	568475	3	6
568479	2	568478	3	5
568485	1	891690	7	8
568490	1	568489	5	6
568520	3	568519	5	8
568530	6	568529	2	8
568532	4	568531	7	11
568534	2	568533	3	5
568537	9	568536	9	18
568540	6	568539	4	10
568542	3	568541	3	6
568545	7	568544	3	10
568548	1	568547	5	6
568555	1	568554	3	4
568556	2	891723	5	7
568567	5	568566	8	13
568575	3	568574	3	6
568579	2	568578	2	4
568581	2	130612	4	6
568583	1	130613	2	3
568592	3	568591	3	6
568599	1	130626	1	2
568602	7	568601	11	18
568604	1	568603	7	8
568616	2	568615	1	3
568621	1	568620	6	7
568623	5	568622	4	9
568629	5	568628	5	10
568631	12	568630	4	16
568636	7	568635	1	8
568637	3	130669	2	5
568649	6	130686	10	16
568660	7	130697	2	9
568665	10	568664	3	13
568669	2	568668	3	5
568672	3	568671	1	4
568677	4	568676	38	42
568679	5	568678	7	12
568682	2	568681	3	5
568690	2	568689	2	4
568702	1	568701	1	2
568709	5	568708	1	6
568715	1	568714	4	5
568719	1	568718	1	2
568733	2	130742	2	4
568739	4	130743	1	5
568743	1	568742	1	2
568750	4	568749	3	7
568764	2	568763	3	5
568768	11	568767	3	14
568770	5	568769	4	9
568774	6	568773	7	13
568782	2	891818	4	6
568799	1	568798	1	2
568810	5	568809	2	7
568811	8	891825	1	9
568824	2	568823	9	11
568829	6	568828	1	7
568835	1	568834	2	3
568847	6	568846	4	10
568850	2	568849	1	3
568854	8	568853	1	9
568858	4	568857	3	7
568859	3	130858	2	5
568862	1	568861	3	4
568891	6	568890	4	10
568899	5	568896	2	7
568929	9	568928	4	13
568942	1	568941	5	6
568961	2	568960	1	3
568965	3	568964	7	10
568967	3	568966	5	8
568977	1	568976	7	8
568981	4	130922	1	5
568985	6	130926	7	13
568998	4	568997	6	10
569001	8	569000	2	10
569006	2	569005	5	7
569013	3	569012	1	4
569032	5	569031	5	10
569059	2	130969	2	4
569067	1	130987	3	4
569076	5	569075	2	7
569086	4	569085	5	9
569089	4	569088	1	5
569093	2	569092	2	4
569099	5	569098	1	6
569111	4	131046	3	7
569114	6	569113	3	9
569117	9	569116	3	12
569119	6	569118	3	9
569121	7	569120	4	11
569131	2	569130	5	7
569133	5	569132	5	10
569137	5	569136	2	7
569144	6	569143	9	15
569151	5	569150	2	7
569155	2	569154	3	5
569161	3	569160	2	5
569177	3	569176	1	4
569184	3	569183	4	7
569189	7	569188	4	11
569196	3	569195	7	10
569199	1	569198	3	4
569214	7	569213	7	14
569216	5	569215	10	15
569218	13	569217	18	31
569232	1	569231	3	4
569244	5	131134	1	6
569246	1	569245	3	4
569249	12	569248	19	31
569251	2	569250	1	3
569253	3	569252	2	5
569262	3	569261	2	5
569264	6	569263	3	9
569266	4	569265	3	7
569278	4	569277	5	9
569280	4	131152	2	6
569301	2	569300	2	4
569303	4	569302	6	10
569304	4	892037	6	10
569308	1	569307	1	2
569316	3	569315	1	4
569318	1	569317	3	4
569322	2	569321	1	3
569333	9	569332	6	15
569336	8	569335	5	13
569346	1	569345	7	8
569349	2	569348	4	6
569353	6	569352	10	16
569358	10	892060	3	13
569365	5	569364	1	6
569373	3	569372	2	5
569380	2	569379	4	6
569382	7	569381	4	11
569384	3	569383	1	4
569389	2	569388	1	3
569401	1	569400	4	5
569404	4	569403	6	10
569409	25	131245	10	35
569413	6	569412	2	8
569420	1	569419	5	6
569422	7	569421	7	14
569426	5	569425	2	7
569428	1	569427	4	5
569431	5	569430	2	7
569448	2	131264	6	8
569452	4	892086	3	7
569454	4	569453	3	7
569461	16	569460	3	19
569470	4	569469	1	5
569479	2	569478	1	3
569481	1	569480	3	4
569502	2	131318	6	8
569506	4	569505	4	8
569508	2	569507	12	14
569522	3	569521	7	10
569533	20	569532	5	25
569545	1	569544	2	3
569562	6	569561	3	9
569565	1	569564	6	7
569569	2	569568	4	6
569570	1	892138	1	2
569576	2	569575	2	4
569592	1	569591	4	5
569594	9	569593	3	12
569599	11	569598	4	15
569601	3	569600	2	5
569605	4	131420	2	6
569609	5	569608	1	6
569615	3	569614	2	5
569631	5	569630	3	8
569634	8	569633	5	13
569653	5	569652	5	10
569655	2	569654	6	8
569657	6	569656	7	13
569659	8	569658	5	13
569661	2	569660	33	35
569667	2	569666	5	7
569671	2	131483	2	4
569674	2	569673	1	3
569676	2	569675	2	4
569678	2	569677	4	6
569680	3	131489	1	4
569681	5	569679	9	14
569695	6	569694	6	12
569696	1	323676	5	6
569702	4	323678	2	6
569704	4	569703	1	5
569706	2	569705	6	8
569707	1	131507	2	3
569712	2	569711	3	5
569719	3	131514	4	7
569727	3	569726	4	7
569737	4	569736	1	5
569741	1	569740	4	5
569745	2	131551	6	8
569762	1	569761	6	7
569768	5	569767	2	7
569772	23	569771	3	26
569777	9	131586	1	10
569784	2	569783	1	3
569788	2	569787	1	3
569790	4	569789	4	8
569793	1	569792	3	4
569796	11	569795	2	13
569801	5	569800	10	15
569807	3	569806	7	10
569815	2	131633	3	5
569829	4	892237	1	5
569836	4	569835	2	6
569839	2	569838	1	3
569844	2	569843	2	4
569847	2	131666	2	4
569852	5	131680	5	10
569855	4	569854	5	9
569860	6	569859	6	12
569867	3	569866	6	9
569870	1	131692	4	5
569873	3	131696	3	6
569882	2	569881	7	9
569884	2	569883	6	8
569903	17	131726	2	19
569925	2	569924	4	6
569927	4	569926	3	7
569936	2	569935	3	5
569956	1	569955	4	5
569963	3	569962	7	10
569969	1	569968	18	19
569977	1	569976	2	3
569991	4	569990	3	7
570000	2	569999	2	4
570008	4	570007	2	6
570019	1	570018	1	2
570039	5	570038	3	8
570042	2	131871	2	4
570047	3	570046	3	6
570055	1	570054	2	3
570062	5	570061	4	9
570064	1	570063	7	8
570066	7	131906	2	9
570076	1	570075	1	2
570078	1	570077	7	8
570084	4	570083	2	6
570086	8	570085	2	10
570090	3	570089	1	4
570101	1	570100	2	3
570110	6	570109	1	7
570112	1	570111	10	11
570124	5	570123	4	9
570128	4	570127	4	8
570133	4	570132	4	8
570146	1	570145	9	10
570159	5	131976	3	8
570162	4	570161	1	5
570166	1	131980	2	3
570173	5	570172	5	10
570177	5	570176	2	7
570179	2	570178	2	4
570195	3	570194	2	5
570199	1	132024	2	3
570211	1	570210	1	2
570213	1	570212	2	3
570214	2	132030	4	6
570228	3	570227	4	7
570236	7	570235	3	10
570239	3	570238	6	9
570242	5	570241	5	10
570249	5	570248	3	8
570251	8	570250	6	14
570255	14	570254	13	27
570266	13	570265	12	25
570269	7	570268	7	14
570283	11	132085	5	16
570284	3	892430	2	5
570287	2	132104	1	3
570301	5	892444	5	10
570306	5	570305	2	7
570308	3	570307	2	5
570314	6	570313	7	13
570322	4	570321	1	5
570326	2	570325	6	8
570329	4	570328	2	6
570333	7	570332	3	10
570337	5	570336	2	7
570351	4	570350	2	6
570355	2	570354	5	7
570359	2	570358	2	4
570365	3	570364	1	4
570369	2	570368	2	4
570374	4	570373	7	11
570378	2	570377	1	3
570381	3	892465	2	5
570390	5	132192	3	8
570399	3	132210	1	4
570409	2	570408	5	7
570434	5	570433	1	6
570440	3	570438	2	5
570444	1	570443	5	6
570470	2	132296	3	5
570480	2	570479	4	6
570483	2	570482	1	3
570496	1	132356	2	3
570505	2	570504	3	5
570515	2	570514	6	8
570517	5	570516	3	8
570529	1	570528	1	2
570541	4	570540	16	20
570545	5	570544	1	6
570547	2	570546	1	3
570550	1	892549	2	3
570554	5	132449	2	7
570570	1	570569	3	4
570581	1	570580	4	5
570585	6	570584	5	11
570613	2	570612	3	5
570615	4	132491	4	8
570621	3	570620	1	4
570626	1	570625	2	3
570630	1	132499	4	5
570645	1	570644	1	2
570664	2	570663	9	11
570679	1	570678	1	2
570682	2	570681	2	4
570689	1	570688	3	4
570690	4	132598	2	6
570693	1	570692	5	6
570697	2	570696	2	4
570705	1	570704	3	4
570708	9	570707	2	11
570732	3	132638	1	4
570748	2	570747	1	3
570750	7	570749	5	12
570751	1	132651	2	3
570753	5	570752	3	8
570762	8	570761	8	16
570764	2	570763	9	11
570775	2	570774	3	5
570786	6	132690	4	10
570787	3	132693	1	4
570798	2	570797	16	18
570812	1	570811	1	2
570852	2	570851	1	3
570862	3	570861	5	8
570865	1	570864	3	4
570870	4	570869	2	6
570872	2	570871	1	3
570891	4	570890	4	8
570894	2	570893	1	3
570895	3	132837	8	11
570901	7	570900	2	9
570918	1	570917	2	3
570923	3	570922	1	4
570926	1	570925	2	3
570937	1	570936	7	8
570940	2	570939	3	5
570944	4	570943	1	5
570951	1	570950	1	2
570956	2	570955	3	5
570967	3	570966	2	5
570969	3	570968	3	6
570976	4	570975	2	6
570983	5	570982	5	10
570990	4	570989	5	9
571007	3	571006	1	4
571016	1	571015	5	6
571039	17	571038	1	18
571040	7	133003	1	8
571042	4	571041	2	6
571049	2	571048	7	9
571054	2	571053	3	5
571057	3	571056	2	5
571062	3	571061	3	6
571064	7	571063	1	8
571066	4	571065	4	8
571072	1	571071	7	8
571078	1	571077	1	2
571084	3	571083	1	4
571096	2	571095	5	7
571098	1	571097	4	5
571100	4	571099	1	5
571105	2	571104	3	5
571122	3	571121	4	7
571159	2	571158	3	5
571171	1	571170	1	2
571181	5	571180	1	6
571192	4	571191	5	9
571204	3	571203	1	4
571211	7	571210	2	9
571226	3	571225	1	4
571231	7	571230	1	8
571234	9	571233	6	15
571244	6	571243	4	10
571247	1	571246	2	3
571251	6	571250	5	11
571253	8	133248	7	15
571255	1	571254	1	2
571268	2	324085	1	3
571294	2	571293	3	5
571303	3	571302	4	7
571305	4	571304	5	9
571307	6	571306	2	8
571317	5	133294	2	7
571318	3	133296	6	9
571324	1	571323	5	6
571332	11	571331	2	13
571333	2	133305	6	8
571353	2	571352	5	7
571374	26	571373	5	31
571377	2	133323	4	6
571379	5	571378	1	6
571381	12	133326	2	14
571388	7	571387	7	14
571396	3	571395	2	5
571398	2	571397	1	3
571407	2	892892	1	3
571419	2	571418	2	4
571421	6	571420	3	9
571423	2	571422	2	4
571429	7	571428	4	11
571439	3	571438	2	5
571444	4	571443	2	6
571459	7	571458	2	9
571465	9	571464	4	13
571466	2	133402	1	3
571468	10	571467	3	13
571479	13	571478	2	15
571480	1	133409	3	4
571486	5	571485	2	7
571497	3	571496	1	4
571511	1	571510	2	3
571512	5	133431	2	7
571517	8	571516	2	10
571535	2	571534	1	3
571540	2	133464	6	8
571567	1	571566	3	4
571570	2	571569	3	5
571573	3	571572	2	5
571576	6	571575	1	7
571578	2	571577	1	3
571584	5	571583	2	7
571586	2	133494	2	4
571588	1	571587	2	3
571593	5	133501	1	6
571595	10	571594	3	13
571597	2	571596	5	7
571602	3	571601	3	6
571614	5	571613	4	9
571621	4	571620	1	5
571626	8	892985	7	15
571638	2	133555	2	4
571641	6	571640	5	11
571642	1	133567	3	4
571662	4	571661	3	7
571664	4	571663	4	8
571667	4	571666	4	8
571674	1	571673	2	3
571680	5	571679	6	11
571701	1	571700	3	4
571706	9	571705	9	18
571707	10	133643	2	12
571711	3	571710	2	5
571715	1	571714	5	6
571726	7	571725	2	9
571728	2	571727	3	5
571734	3	571733	3	6
571753	7	571752	6	13
571761	3	571760	21	24
571777	1	571776	3	4
571779	1	571778	1	2
571780	6	133708	6	12
571796	1	324171	3	4
571798	3	571797	3	6
571815	2	571814	2	4
571818	2	893055	1	3
571825	5	571824	1	6
571828	2	133768	5	7
571831	20	571830	3	23
571833	2	571832	7	9
571837	4	571836	3	7
571839	1	571838	1	2
571848	1	571847	3	4
571850	2	571849	1	3
571852	1	571851	3	4
571862	1	571860	14	15
571873	1	571872	1	2
571884	3	571883	1	4
571897	2	571896	1	3
571901	3	571900	1	4
571909	8	133852	1	9
571915	1	133858	1	2
571921	2	571920	2	4
571925	1	571924	11	12
571946	2	571945	2	4
571948	3	571947	2	5
571980	5	133909	2	7
571983	2	571982	2	4
571988	2	571987	5	7
572025	1	572024	1	2
572028	2	572027	2	4
572044	3	572043	1	4
572050	1	572049	2	3
572052	3	572051	2	5
572081	7	572080	3	10
572085	1	572084	6	7
572087	2	572086	1	3
572095	3	572094	1	4
572109	2	572108	4	6
572117	1	572116	2	3
572123	1	572122	3	4
572132	3	572131	3	6
572138	2	572137	1	3
572140	5	572139	4	9
572146	1	572145	1	2
572149	1	572148	3	4
572152	3	572151	2	5
572157	16	572156	4	20
572159	4	572158	3	7
572162	1	572161	2	3
572164	1	572163	1	2
572175	5	572174	1	6
572185	5	572184	6	11
572192	4	572191	2	6
572196	8	572195	7	15
572211	1	572210	1	2
572217	3	572216	5	8
572219	1	572218	2	3
572223	4	134109	1	5
572226	4	572225	2	6
572228	2	572227	1	3
572245	6	572244	4	10
572249	6	572248	5	11
572251	6	572250	2	8
572252	5	134132	1	6
572254	4	572253	10	14
572288	1	572287	4	5
572290	10	572289	6	16
572294	1	572293	7	8
572304	5	572303	2	7
572306	1	134201	3	4
572321	3	572320	1	4
572324	1	134219	8	9
572327	1	572326	6	7
572332	4	572331	7	11
572336	2	572335	3	5
572345	1	572344	10	11
572348	5	134245	2	7
572351	5	572350	4	9
572360	3	572359	1	4
572365	1	572364	1	2
572369	2	572368	4	6
572372	4	572371	5	9
572384	4	572383	1	5
572387	3	134275	2	5
572397	1	572396	1	2
572400	1	572399	4	5
572405	6	572404	4	10
572410	2	572409	2	4
572415	5	572414	1	6
572421	1	572420	4	5
572423	1	134316	1	2
572424	3	134321	5	8
572426	2	134323	1	3
572429	7	572428	2	9
572432	5	572431	5	10
572433	2	134324	5	7
572440	3	572439	1	4
572443	3	572442	1	4
572446	3	893313	1	4
572447	30	134341	1	31
572449	3	572448	1	4
572469	2	572468	4	6
572483	1	572482	2	3
572494	1	572493	2	3
572498	1	572497	1	2
572500	3	572499	5	8
572508	1	134409	1	2
572510	1	572509	1	2
572513	1	572512	2	3
572546	1	572545	2	3
572551	2	572550	1	3
572556	1	572555	2	3
572558	9	572557	7	16
572562	2	572561	1	3
572568	1	572567	3	4
572571	5	572570	1	6
572594	3	572593	4	7
572599	3	572598	4	7
572619	1	572618	3	4
572634	3	572633	1	4
572639	1	572638	1	2
572641	5	572640	3	8
572646	2	572645	8	10
572653	1	572652	3	4
572656	3	572655	8	11
572663	7	572662	8	15
572695	4	572694	1	5
572700	1	572699	1	2
572702	1	134595	3	4
572706	16	572705	4	20
572715	2	572714	6	8
572719	1	572718	4	5
572726	2	572725	4	6
572752	3	572751	2	5
572761	2	572760	4	6
572774	1	572773	2	3
572779	3	572778	19	22
572783	1	572782	11	12
572785	2	134652	1	3
572790	6	572789	2	8
572792	2	134655	3	5
572796	4	134667	4	8
572803	3	572802	2	5
572805	9	572804	4	13
572808	5	572807	2	7
572812	1	572811	1	2
572813	1	134679	6	7
572832	5	572831	5	10
572835	4	572834	6	10
572840	7	572839	8	15
572847	3	572846	2	5
572866	7	572865	11	18
572869	4	572868	3	7
572871	10	134721	2	12
572875	2	572874	2	4
572883	4	572882	17	21
572890	1	572889	2	3
572920	3	134753	1	4
572935	2	572934	3	5
572967	5	572966	4	9
572969	2	572968	1	3
572972	1	572971	2	3
572976	1	572975	1	2
572979	3	572978	2	5
572987	4	134858	2	6
572994	1	134868	1	2
572996	1	572995	2	3
573010	4	573009	3	7
573029	2	134904	1	3
573040	4	573039	6	10
573049	12	573048	7	19
573051	4	573050	4	8
573058	5	573057	8	13
573059	7	134922	2	9
573062	2	573061	3	5
573080	2	134955	4	6
573086	7	573085	11	18
573089	5	573088	3	8
573092	3	573091	4	7
573095	11	134968	8	19
573100	8	324440	2	10
573103	2	573102	1	3
573107	6	893572	6	12
573113	2	573112	7	9
573115	4	573114	1	5
573117	1	573116	1	2
573121	1	573120	2	3
573136	5	135007	1	6
573146	3	135017	9	12
573151	2	573150	2	4
573153	1	573152	2	3
573166	1	573165	5	6
573171	11	573170	4	15
573173	1	573172	3	4
573181	1	573180	1	2
573187	5	573186	3	8
573196	1	573195	1	2
573198	1	573197	1	2
573207	1	573206	4	5
573209	4	573208	1	5
573212	2	135089	2	4
573220	2	573219	1	3
573222	1	573221	10	11
573228	1	573227	1	2
573244	2	573243	2	4
573245	4	324485	5	9
573247	6	573246	2	8
573266	3	573265	6	9
573268	1	573267	2	3
573286	3	573285	3	6
573290	2	135174	1	3
573293	2	573292	1	3
573296	3	573295	2	5
573313	3	135198	2	5
573323	2	573322	7	9
573332	2	573331	2	4
573337	1	573336	2	3
573340	1	573339	3	4
573343	3	573342	4	7
573346	2	573345	23	25
573351	2	573350	2	4
573355	1	573354	2	3
573361	2	573360	2	4
573364	6	573363	8	14
573367	7	573366	9	16
573383	4	573382	1	5
573385	1	573384	7	8
573396	2	573395	2	4
573402	6	573401	4	10
573408	4	573407	7	11
573448	2	573447	3	5
573453	1	573452	4	5
573471	1	573470	4	5
573475	1	135369	1	2
573477	1	573476	2	3
573494	2	573493	3	5
573498	4	573497	2	6
573536	7	573535	2	9
573569	3	573568	1	4
573612	1	573611	1	2
573627	5	573626	23	28
573629	1	135575	3	4
573636	2	573635	2	4
573651	1	573650	5	6
573653	6	573652	3	9
573661	11	573660	7	18
573680	3	573679	2	5
573682	3	573681	7	10
573684	7	573683	3	10
573697	4	573696	4	8
573711	1	573710	4	5
573720	7	573719	7	14
573724	2	573723	3	5
573742	8	135659	3	11
573744	4	573743	4	8
573748	7	573747	8	15
573750	3	573749	5	8
573761	4	573760	1	5
573767	2	573766	5	7
573769	5	573768	4	9
573772	3	135705	2	5
573777	8	573776	6	14
573780	4	573779	7	11
573791	9	573790	1	10
573793	3	135714	9	12
573796	7	573795	1	8
573815	2	573814	1	3
573818	7	573817	7	14
573824	4	573823	4	8
573836	2	573835	8	10
573838	25	135763	2	27
573840	1	573839	16	17
573844	1	573843	2	3
573847	1	573846	5	6
573852	9	135785	5	14
573861	9	573860	3	12
573869	1	573868	1	2
573888	4	573887	1	5
573894	1	573893	1	2
573901	4	573900	5	9
573903	3	573902	4	7
573908	3	573907	4	7
573915	2	573914	1	3
573920	6	573919	3	9
573925	2	573924	4	6
573929	4	573928	8	12
573952	9	324656	1	10
573959	3	573958	1	4
573961	1	573960	2	3
573965	2	573964	3	5
573966	4	893953	10	14
573976	3	573975	5	8
573981	5	573980	1	6
573989	3	573988	4	7
574006	4	135902	1	5
574010	3	574009	3	6
574011	5	135903	3	8
574020	3	135908	5	8
574024	2	574023	5	7
574027	2	574026	4	6
574040	2	574039	1	3
574044	9	574043	4	13
574049	3	574048	2	5
574056	7	574055	4	11
574062	1	574061	1	2
574064	7	574063	8	15
574071	2	574070	6	8
574079	3	574078	8	11
574082	3	574081	4	7
574085	2	574084	2	4
574091	3	574090	3	6
574094	1	574093	6	7
574102	5	574101	15	20
574105	3	574104	5	8
574112	1	574111	2	3
574130	2	136005	4	6
574152	5	574151	1	6
574162	1	574161	2	3
574164	3	574163	7	10
574179	5	574178	3	8
574188	4	574187	2	6
574194	2	574193	1	3
574198	1	574197	3	4
574210	3	574209	1	4
574213	7	574212	1	8
574221	4	574220	2	6
574238	9	574237	2	11
574253	2	574252	3	5
574260	3	574259	9	12
574268	1	574267	1	2
574273	5	574272	5	10
574276	5	574275	8	13
574280	8	574279	2	10
574295	7	894112	2	9
574301	2	574300	6	8
574308	4	574307	12	16
574311	1	574310	3	4
574322	1	574321	4	5
574330	6	574329	2	8
574336	5	574335	3	8
574355	43	574354	6	49
574359	5	574358	1	6
574361	3	136266	2	5
574362	2	136267	1	3
574364	4	574363	6	10
574368	7	574367	5	12
574376	4	574375	2	6
574380	2	574379	5	7
574385	6	574384	8	14
574387	6	574386	5	11
574391	6	574390	7	13
574396	7	574395	4	11
574402	2	574401	3	5
574420	2	574419	8	10
574423	7	574422	1	8
574431	4	574430	13	17
574433	2	574432	1	3
574438	6	574437	3	9
574440	5	574439	3	8
574444	14	574443	3	17
574449	3	574448	3	6
574456	2	574455	1	3
574458	3	574457	5	8
574462	2	574461	6	8
574465	5	574464	1	6
574474	3	136328	1	4
574484	9	136343	2	11
574486	3	894190	3	6
574491	3	574490	5	8
574497	4	574495	14	18
574502	3	136351	2	5
574506	3	574505	1	4
574513	7	574512	3	10
574520	2	574519	3	5
574523	3	574522	1	4
574530	5	136375	2	7
574543	2	574542	4	6
574545	3	574544	8	11
574550	1	574549	2	3
574554	4	574553	5	9
574568	1	574567	4	5
574576	2	574575	3	5
574596	6	574595	7	13
574599	6	574598	5	11
574601	4	894242	5	9
574611	11	574610	1	12
574616	4	136446	4	8
574618	4	574617	5	9
574620	6	574619	1	7
574632	6	136456	1	7
574635	14	136459	12	26
574639	4	574638	4	8
574646	2	574645	5	7
574651	9	574650	7	16
574654	4	574653	5	9
574661	6	574660	5	11
574667	4	574666	2	6
574674	2	574673	3	5
574676	5	574675	2	7
574682	4	574681	2	6
574687	11	574686	6	17
574690	11	574689	1	12
574694	3	574693	10	13
574697	1	574696	2	3
574700	7	574699	6	13
574702	4	574701	3	7
574705	4	574704	4	8
574709	2	574708	4	6
574714	4	574713	8	12
574719	9	574718	2	11
574723	2	574722	6	8
574736	4	574735	12	16
574746	1	136524	2	3
574755	5	574754	6	11
574757	7	574756	2	9
574765	6	574764	12	18
574769	5	574768	20	25
574775	2	574774	4	6
574778	9	574777	10	19
574779	6	136547	5	11
574782	2	574781	7	9
574793	11	574792	3	14
574796	9	574795	1	10
574802	10	574801	2	12
574804	5	574803	4	9
574809	3	574808	5	8
574823	5	574822	4	9
574826	6	574825	3	9
574845	9	574844	7	16
574849	2	574848	7	9
574855	2	574854	1	3
574858	5	574857	3	8
574868	1	574867	4	5
574871	5	894340	9	14
574877	3	136606	3	6
574881	8	136609	1	9
574884	7	574883	14	21
574885	11	136614	3	14
574889	4	574886	2	6
574905	6	324858	8	14
574908	2	574907	4	6
574921	2	136641	1	3
574923	3	574922	1	4
574932	1	574931	1	2
574936	3	574935	6	9
574938	3	574937	8	11
574958	5	574957	15	20
574979	1	574978	7	8
574982	1	574981	7	8
574984	3	574983	7	10
574986	2	574985	1	3
574991	1	574990	13	14
574995	6	574994	5	11
574999	10	574998	6	16
575001	5	575000	3	8
575004	3	575003	11	14
575011	8	575010	3	11
575022	2	575021	3	5
575033	5	575032	7	12
575034	4	136725	7	11
575046	5	575045	1	6
575049	7	575048	5	12
575056	11	575055	8	19
575062	4	136743	3	7
575065	3	894405	2	5
575074	2	575073	8	10
575078	2	575077	2	4
575079	1	136753	1	2
575081	3	575080	8	11
575083	3	575082	1	4
575088	3	575087	7	10
575093	5	575092	2	7
575099	10	575098	6	16
575104	4	575103	14	18
575114	6	136777	3	9
575124	1	575123	3	4
575147	4	575145	3	7
575157	1	575156	2	3
575163	5	575162	9	14
575173	16	575172	7	23
575175	7	575174	3	10
575177	1	894453	38	39
575183	24	575182	8	32
575185	2	575184	5	7
575187	9	575186	12	21
575189	2	575188	3	5
575226	7	575225	6	13
575242	8	136810	4	12
575248	1	136812	4	5
575254	9	575253	6	15
575256	3	136813	1	4
575259	5	575258	3	8
575264	10	575263	3	13
575268	7	575267	9	16
575282	9	575281	7	16
575286	4	575285	18	22
575289	4	575288	3	7
575294	9	894511	2	11
575300	7	575299	5	12
575301	7	894513	3	10
575313	4	575312	6	10
575317	3	575316	7	10
575329	4	575328	2	6
575345	8	575344	6	14
575350	12	136853	7	19
575351	6	136855	3	9
575353	7	575352	4	11
575366	9	575365	1	10
575369	3	575368	5	8
575371	4	575370	2	6
575388	8	136866	3	11
575396	4	575395	5	9
575405	3	575404	3	6
575409	7	136874	1	8
575412	2	575411	4	6
575414	5	575413	2	7
575418	3	575417	2	5
575420	4	575419	7	11
575429	8	575428	3	11
575431	4	575430	10	14
575433	7	324947	2	9
575435	1	575434	3	4
575440	3	136892	6	9
575444	7	575443	2	9
575451	5	575450	5	10
575454	15	136901	2	17
575456	1	575455	11	12
575460	1	324956	2	3
575462	2	136921	2	4
575464	6	575463	6	12
575471	10	575470	3	13
575482	3	136924	2	5
575499	5	575498	5	10
575503	4	575502	11	15
575509	3	575508	4	7
575513	2	575512	3	5
575519	4	575518	7	11
575539	2	136949	7	9
575544	2	575543	14	16
575547	15	324965	6	21
575551	7	575550	3	10
575557	5	575556	5	10
575562	4	575561	5	9
575567	7	575566	6	13
575573	2	575572	13	15
575581	8	575580	2	10
575587	3	575586	5	8
575590	5	575589	6	11
575592	11	575591	4	15
575594	2	575593	8	10
575600	8	575599	21	29
575604	6	575603	1	7
575606	4	575605	3	7
575607	5	136991	2	7
575616	15	575615	6	21
575618	10	575617	2	12
575620	5	575619	16	21
575628	2	575627	16	18
575631	4	575630	5	9
575634	5	575633	8	13
575638	6	575637	2	8
575644	4	575643	4	8
575664	17	575663	11	28
575689	3	894647	4	7
575693	4	575692	4	8
575695	8	575694	8	16
575703	7	575702	13	20
575705	3	575704	6	9
575716	1	575715	11	12
575720	3	575719	5	8
575725	3	575724	5	8
575728	3	575727	6	9
575733	18	575732	3	21
575746	6	575745	8	14
575748	4	575747	6	10
575752	3	137054	6	9
575759	6	137062	3	9
575763	5	575762	5	10
575764	1	137065	2	3
575772	1	894681	8	9
575782	1	575781	2	3
575786	2	575785	3	5
575792	10	575791	2	12
575802	1	575801	11	12
575809	7	575808	5	12
575811	1	575810	3	4
575823	2	575822	3	5
575829	2	575828	4	6
575852	4	575851	12	16
575866	4	894720	4	8
575869	7	575868	2	9
575892	5	575891	2	7
575903	15	575902	6	21
575907	5	575906	1	6
575919	6	575918	3	9
575926	4	575925	2	6
575932	2	575931	3	5
575936	9	575935	14	23
575943	2	575942	5	7
575949	6	575948	4	10
575953	2	575952	4	6
575959	2	575958	8	10
575961	7	575960	2	9
575964	6	575963	5	11
575975	8	137204	3	11
575977	9	575976	15	24
575979	8	575978	8	16
575981	2	137206	3	5
575993	4	575992	2	6
576002	2	576001	8	10
576007	1	576006	2	3
576014	7	576013	9	16
576016	5	576015	3	8
576024	10	576023	1	11
576030	4	576029	6	10
576031	2	137268	3	5
576034	2	576033	8	10
576041	7	576040	9	16
576046	5	576045	6	11
576053	4	576052	9	13
576063	16	576062	9	25
576067	9	137290	16	25
576070	6	576069	23	29
576093	30	576092	24	54
576114	19	576113	5	24
576122	5	576121	5	10
576126	2	576125	1	3
576132	3	576131	2	5
576144	1	576143	3	4
576146	2	576145	2	4
576147	4	137347	27	31
576149	3	576148	6	9
576152	5	576151	4	9
576153	7	137350	4	11
576158	6	137357	7	13
576163	1	137359	10	11
576167	2	576166	3	5
576169	13	576168	12	25
576172	2	576171	4	6
576175	5	576174	7	12
576177	1	576176	2	3
576185	12	576184	8	20
576193	8	576192	7	15
576195	3	576194	5	8
576234	4	576233	8	12
576242	2	576241	2	4
576243	6	894863	1	7
576263	4	576262	7	11
576267	2	576266	6	8
576269	3	576268	3	6
576285	4	137416	5	9
576297	5	576296	6	11
576304	4	576303	4	8
576320	8	576319	8	16
576325	6	576324	2	8
576327	1	576326	1	2
576330	2	576329	7	9
576334	5	325099	1	6
576351	5	576350	7	12
576360	7	576359	9	16
576373	5	576372	6	11
576381	6	576380	1	7
576383	4	576382	9	13
576392	10	576391	2	12
576395	4	576394	4	8
576425	5	576424	1	6
576429	7	576428	3	10
576435	3	137521	2	5
576439	7	325129	8	15
576442	4	576441	2	6
576449	1	576448	8	9
576455	3	576454	5	8
576461	4	576460	6	10
576462	7	137534	3	10
576469	6	576468	4	10
576499	5	576498	5	10
576506	31	576505	13	44
576511	5	576510	4	9
576516	5	576515	8	13
576523	7	576522	17	24
576526	2	576525	3	5
576527	1	137565	1	2
576549	1	576548	2	3
576554	10	576553	4	14
576560	8	576559	7	15
576565	5	576564	10	15
576571	8	576570	1	9
576575	2	576574	13	15
576579	5	576578	8	13
576581	10	576580	11	21
576584	1	576583	12	13
576587	7	137596	10	17
576595	2	576594	2	4
576602	1	576601	3	4
576606	7	576605	10	17
576608	2	576607	8	10
576609	2	137609	9	11
576615	3	576614	3	6
576630	13	576629	3	16
576633	4	137620	9	13
576635	19	137621	7	26
576638	6	576637	4	10
576647	3	576646	6	9
576650	2	576649	8	10
576661	3	576660	2	5
576663	5	325169	2	7
576668	5	576667	3	8
576678	9	576677	14	23
576686	7	576685	2	9
576694	31	576693	3	34
576707	4	576706	1	5
576712	12	576711	3	15
576715	5	576714	11	16
576719	5	576718	1	6
576724	8	576723	8	16
576731	11	576730	11	22
576737	9	576736	3	12
576753	4	576752	1	5
576767	1	576766	1	2
576773	5	576772	3	8
576776	14	576775	13	27
576780	6	576779	5	11
576783	4	576782	3	7
576799	3	576798	8	11
576801	7	576800	1	8
576816	12	576815	5	17
576838	13	576837	47	60
576844	4	137746	3	7
576850	8	576849	5	13
576855	8	137748	5	13
576864	4	137756	3	7
576866	4	576865	6	10
576867	7	895076	3	10
576870	4	576869	3	7
576874	5	576873	4	9
576879	6	576878	10	16
576896	1	576895	5	6
576901	13	576900	31	44
576904	43	576903	3	46
576909	8	576908	6	14
576927	1	576926	4	5
576931	5	576930	6	11
576939	2	576938	2	4
576976	11	325212	1	12
576977	4	137830	3	7
576986	4	576985	7	11
576989	6	576988	7	13
576995	3	576994	7	10
576998	7	576997	8	15
577004	6	577003	4	10
577006	6	577005	9	15
577014	4	577013	3	7
577021	5	577020	2	7
577026	2	577025	3	5
577031	5	577030	8	13
577036	9	577035	7	16
577042	2	577041	2	4
577052	1	577051	5	6
577069	5	577068	5	10
577071	9	577070	2	11
577076	1	577075	5	6
577084	3	137879	1	4
577101	7	577100	10	17
577115	4	577114	2	6
577139	7	577138	2	9
577142	5	577141	3	8
577150	3	577149	4	7
577157	7	325237	10	17
577158	6	137901	3	9
577160	12	577159	13	25
577169	8	577168	4	12
577171	1	577170	1	2
577176	3	577175	6	9
577179	6	577178	7	13
577183	20	577182	4	24
577198	5	577197	3	8
577208	7	577207	3	10
577217	2	577216	5	7
577225	3	577224	5	8
577231	5	577230	6	11
577233	8	577232	10	18
577235	5	577234	12	17
577252	5	577251	8	13
577256	4	577255	10	14
577259	6	577258	2	8
577261	4	577260	2	6
577273	3	577272	3	6
577286	7	577285	5	12
577288	2	577287	6	8
577297	3	577296	3	6
577300	2	577299	23	25
577303	12	895246	3	15
577305	10	577304	11	21
577307	3	577306	7	10
577317	5	137977	6	11
577326	12	577325	5	17
577329	12	577328	7	19
577332	5	895258	12	17
577344	16	577343	8	24
577360	4	577359	5	9
577362	4	577361	5	9
577382	7	577381	1	8
577388	6	577387	12	18
577395	14	577394	1	15
577403	7	577402	5	12
577405	1	577404	2	3
577407	1	577406	8	9
577409	3	577408	2	5
577413	2	577412	5	7
577418	8	577417	4	12
577425	3	577424	1	4
577432	3	577431	8	11
577446	4	577445	2	6
577455	4	577454	2	6
577464	5	577463	1	6
577467	4	577466	5	9
577471	6	577470	2	8
577475	3	577474	5	8
577481	4	577480	9	13
577486	1	577485	2	3
577492	6	577491	4	10
577509	5	577508	4	9
577519	5	577518	6	11
577520	5	138076	6	11
577523	6	577522	6	12
577528	11	577527	2	13
577543	6	577542	7	13
577548	1	577547	6	7
577560	6	577559	3	9
577561	3	895345	11	14
577564	10	577563	1	11
577582	8	577581	10	18
577592	7	577591	9	16
577596	3	577595	5	8
577599	12	577598	5	17
577604	5	325299	6	11
577607	4	577606	7	11
577614	15	577613	7	22
577619	4	577618	13	17
577645	7	577644	1	8
577648	3	577647	5	8
577658	2	577657	2	4
577672	4	577671	4	8
577675	13	577674	2	15
577681	8	577680	5	13
577684	5	577683	7	12
577686	3	895395	1	4
577704	21	577703	3	24
577706	1	577705	2	3
577708	8	895401	3	11
577710	5	577709	4	9
577713	2	577712	5	7
577746	12	577745	8	20
577763	15	577762	3	18
577766	9	577765	7	16
577775	9	577774	6	15
577787	4	577786	3	7
577790	30	138246	4	34
577816	11	577815	10	21
577823	5	577822	10	15
577826	6	138270	1	7
577834	20	577833	5	25
577837	3	577836	5	8
577841	9	577840	6	15
577857	7	577856	2	9
577858	5	1052081	8	13
577860	3	577859	4	7
577863	4	577862	17	21
577866	15	577865	5	20
577868	5	577867	1	6
577870	9	577869	6	15
577872	2	577871	7	9
577890	4	577889	2	6
577899	1	577898	3	4
577901	3	577900	5	8
577909	5	895478	8	13
577918	3	577917	5	8
577929	12	577928	6	18
577935	4	577934	4	8
577941	8	577940	14	22
577945	9	577944	10	19
577953	7	138381	1	8
577962	2	895497	5	7
577964	7	577963	4	11
577974	5	577973	12	17
577977	10	577976	5	15
577992	8	577991	8	16
578010	8	578009	8	16
578011	8	138412	2	10
578015	4	578014	7	11
578033	1	578032	4	5
578055	5	578054	3	8
578057	3	578056	6	9
578059	10	578058	1	11
578064	6	578063	7	13
578068	7	578067	8	15
578075	6	578074	4	10
578084	4	578083	5	9
578088	7	578087	6	13
578109	5	578108	3	8
578114	6	578113	7	13
578125	4	578124	5	9
578129	7	895566	6	13
578132	5	578131	7	12
578137	5	578136	2	7
578145	3	578144	3	6
578147	6	578146	3	9
578150	1	578149	3	4
578153	5	578152	4	9
578167	4	578166	2	6
578173	7	138462	6	13
578175	6	578174	6	12
578177	3	578176	5	8
578181	4	578180	5	9
578188	2	578187	4	6
578202	4	578201	4	8
578218	6	578217	2	8
578234	1	578233	2	3
578253	2	578252	4	6
578255	8	578254	1	9
578272	16	578271	3	19
578305	7	578304	3	10
578309	1	578308	1	2
578318	2	578317	3	5
578321	3	578320	1	4
578327	4	578326	5	9
578343	4	895661	1	5
578348	4	578347	3	7
578351	2	578350	4	6
578373	8	578372	2	10
578384	6	578383	7	13
578387	3	895679	27	30
578390	1	578389	1	2
578392	12	578391	3	15
578395	5	578394	3	8
578401	9	578400	3	12
578414	4	578413	10	14
578434	6	578433	1	7
578443	2	578442	5	7
578449	5	578448	5	10
578452	3	578451	2	5
578497	4	578496	7	11
578500	10	138636	11	21
578503	6	578502	4	10
578510	2	138644	1	3
578531	72	578530	3	75
578543	4	578542	5	9
578549	5	578548	9	14
578553	3	578552	4	7
578555	1	578554	7	8
578561	4	578560	6	10
578580	3	578579	5	8
578584	8	578583	14	22
578587	3	578586	3	6
578589	2	578588	11	13
578592	5	578591	1	6
578610	6	578609	6	12
578614	6	578613	4	10
578616	2	578615	6	8
578632	3	578631	1	4
578637	9	578636	2	11
578639	5	138726	4	9
578643	3	578642	4	7
578650	1	578649	7	8
578651	5	138731	3	8
578663	10	578662	10	20
578667	11	578666	1	12
578672	6	578671	19	25
578675	2	578674	6	8
578679	5	578678	7	12
578681	1	578680	2	3
578685	9	578684	4	13
578690	16	578689	7	23
578699	11	578698	10	21
578706	4	578705	2	6
578726	4	578725	3	7
578734	2	138744	1	3
578738	1	578735	1	2
578748	10	138746	2	12
578753	7	578752	5	12
578769	10	578768	4	14
578772	11	578771	3	14
578774	5	578773	7	12
578777	7	578776	6	13
578779	8	578778	4	12
578783	1	578782	7	8
578797	12	578796	10	22
578801	6	578800	1	7
578803	3	578802	1	4
578817	6	578816	3	9
578826	8	578825	4	12
578828	6	578827	13	19
578842	13	138767	4	17
578849	3	578848	4	7
578875	12	578874	5	17
578910	4	578909	3	7
578914	1	578913	2	3
578916	6	578915	6	12
578917	7	138785	5	12
578923	1	578922	12	13
578929	1	578928	4	5
578943	1	578942	1	2
578948	1	578947	7	8
578954	6	578953	37	43
578980	3	578979	9	12
578993	8	578992	8	16
578996	3	578995	5	8
579003	4	579002	6	10
579020	5	579019	1	6
579027	9	579026	1	10
579046	5	579045	9	14
579074	14	579073	1	15
579080	4	579079	1	5
579083	4	325497	3	7
579084	3	138868	1	4
579103	8	579102	3	11
579110	1	579109	1	2
579122	9	579121	6	15
579126	2	579125	1	3
579127	6	138891	5	11
579128	1	138893	1	2
579131	1	138896	4	5
579141	2	579140	2	4
579150	6	579149	4	10
579152	2	579151	3	5
579155	2	579154	3	5
579169	7	579168	1	8
579180	6	579179	8	14
579187	3	579186	3	6
579210	7	138949	2	9
579213	5	579212	16	21
579223	5	579222	3	8
579246	10	579245	5	15
579248	9	579247	1	10
579251	10	579250	5	15
579255	2	579254	5	7
579257	3	579256	5	8
579274	7	579273	3	10
579276	10	138980	4	14
579289	3	325526	1	4
579303	1	579302	4	5
579305	7	138985	3	10
579310	3	579309	4	7
579326	2	579325	1	3
579329	1	579328	6	7
579340	1	579339	5	6
579347	3	579346	3	6
579355	2	579354	6	8
579362	5	579361	1	6
579363	3	139013	8	11
579366	4	579365	6	10
579370	1	579369	4	5
579378	4	579377	6	10
579382	1	579381	12	13
579385	6	579384	5	11
579397	2	579396	12	14
579399	13	579398	5	18
579400	6	325537	1	7
579404	4	579403	4	8
579411	1	579410	5	6
579416	3	579415	2	5
579444	1	139042	5	6
579459	1	579458	9	10
579464	1	579463	2	3
579468	5	579467	4	9
579475	1	579474	2	3
579482	1	579481	1	2
579489	1	579488	3	4
579513	1	896149	2	3
579531	1	579529	1	2
579532	1	139092	3	4
579537	3	579536	1	4
579553	3	579552	5	8
579576	3	579575	27	30
579589	2	579588	1	3
579597	3	579596	1	4
579602	1	579601	1	2
579610	1	579609	1	2
579618	3	579617	5	8
579624	1	579623	3	4
579629	1	579628	4	5
579652	1	579651	1	2
579658	15	579657	2	17
579691	2	579690	4	6
579700	5	579699	8	13
579707	2	579706	4	6
579714	6	579713	4	10
579738	1	579737	2	3
579744	51	139215	1	52
579757	2	579756	2	4
579771	2	579770	2	4
579775	7	579774	8	15
579790	2	896256	59	61
579795	19	579794	4	23
579798	4	579797	2	6
579815	1	579814	3	4
579835	3	139298	10	13
579849	1	579848	2	3
579850	3	139310	1	4
579865	4	579864	4	8
579867	3	579866	2	5
579872	7	579871	2	9
579877	3	579876	2	5
579912	2	579911	1	3
579918	2	579917	2	4
579932	2	579931	1	3
579936	1	579935	11	12
579966	4	579965	1	5
579968	2	579967	2	4
579977	2	579976	3	5
579986	4	579985	3	7
579990	3	579989	2	5
579992	3	579991	3	6
579996	4	579995	1	5
579999	3	579998	3	6
580002	1	580001	3	4
580013	2	580012	2	4
580018	2	580017	1	3
580046	2	1052745	2	4
580050	7	580049	1	8
580053	5	580052	3	8
580068	7	580067	6	13
580070	2	580069	15	17
580071	6	139418	2	8
580084	5	580083	4	9
580087	5	580086	14	19
580092	1	580091	2	3
580097	3	580096	7	10
580103	1	580102	3	4
580113	4	580112	6	10
580115	4	896380	1	5
580121	11	580120	10	21
580127	2	580126	7	9
580130	4	580129	1	5
580133	6	580132	4	10
580136	8	580135	5	13
580139	4	580138	2	6
580141	6	580140	5	11
580151	2	580150	10	12
580155	2	580154	5	7
580157	1	580156	2	3
580160	5	580159	8	13
580162	6	580161	9	15
580164	2	580163	5	7
580171	14	580170	6	20
580176	3	580175	11	14
580181	11	580180	12	23
580189	9	580188	6	15
580202	5	580201	3	8
580206	3	580205	3	6
580211	4	580210	8	12
580214	7	580213	4	11
580219	3	139453	6	9
580247	1	580246	2	3
580264	6	580263	5	11
580265	2	139472	1	3
580267	8	580266	20	28
580270	8	580269	12	20
580281	2	580280	3	5
580300	3	580299	3	6
580308	6	139485	2	8
580313	4	580312	4	8
580315	7	580314	5	12
580326	2	580325	7	9
580331	6	580330	5	11
580343	3	580342	3	6
580346	4	580345	4	8
580357	2	580356	2	4
580360	3	580359	2	5
580365	2	580364	3	5
580367	6	580366	1	7
580369	6	580368	6	12
580373	2	580372	1	3
580375	3	580374	3	6
580377	2	580376	3	5
580379	1	580378	3	4
580387	1	580386	7	8
580390	8	580389	1	9
580398	5	580397	4	9
580409	2	580408	2	4
580415	2	580414	10	12
580420	65	580419	10	75
580435	3	580434	1	4
580438	3	580437	1	4
580444	2	580443	6	8
580452	2	325667	1	3
580457	3	580456	3	6
580470	11	580469	10	21
580488	8	580487	9	17
580490	3	580489	11	14
580501	8	580500	6	14
580511	2	580510	4	6
580523	5	580522	2	7
580534	3	580533	1	4
580537	5	139617	4	9
580547	5	580546	1	6
580550	2	580549	3	5
580552	6	139625	1	7
580555	1	580554	2	3
580563	5	580562	4	9
580571	23	580570	4	27
580573	1	580572	4	5
580579	4	580578	8	12
580581	3	580580	6	9
580598	5	580597	5	10
580605	8	580604	4	12
580607	4	580606	3	7
580609	9	580608	12	21
580612	2	580611	19	21
580614	18	580613	3	21
580617	8	580616	2	10
580628	4	580627	7	11
580630	3	325695	2	5
580641	3	580640	4	7
580644	6	580643	6	12
580646	3	580645	3	6
580648	5	580647	10	15
580653	14	580652	13	27
580655	13	580654	9	22
580658	2	580657	1	3
580665	3	580664	3	6
580670	8	580669	4	12
580676	3	580675	9	12
580677	2	139692	1	3
580680	4	580679	6	10
580686	5	580685	28	33
580692	9	580691	10	19
580695	15	580694	2	17
580704	6	139708	22	28
580709	3	580708	49	52
580714	8	580713	1	9
580720	11	580719	1	12
580723	10	580722	7	17
580734	7	580733	20	27
580743	3	580742	2	5
580768	4	580767	2	6
580770	8	580769	17	25
580772	5	580771	4	9
580784	2	580783	11	13
580805	3	580804	3	6
580807	4	580806	2	6
580808	1	325747	3	4
580810	5	580809	4	9
580817	37	580816	12	49
580821	5	580820	4	9
580824	1	580823	7	8
580826	3	580825	2	5
580833	12	580832	6	18
580835	3	580834	5	8
580837	9	580836	3	12
580840	2	580839	18	20
580842	2	580841	11	13
580844	5	580843	10	15
580849	9	580848	8	17
580864	6	580863	10	16
580866	6	580865	3	9
580870	9	580869	8	17
580872	1	580871	6	7
580874	8	580873	6	14
580876	4	580875	6	10
580889	3	580888	8	11
580894	2	580893	12	14
580897	2	580896	10	12
580906	3	139848	14	17
580909	13	580908	7	20
580921	5	580920	4	9
580924	4	580923	11	15
580926	4	580925	13	17
580939	10	580938	5	15
580947	4	580946	5	9
580953	7	580952	15	22
580962	5	580961	9	14
580965	7	580964	7	14
580966	4	139882	2	6
580969	4	580968	6	10
580990	6	580989	1	7
580992	10	580991	3	13
580994	3	580993	4	7
580999	5	580998	7	12
581001	2	581000	5	7
581004	1	581003	1	2
581017	4	896745	1	5
581022	3	581021	10	13
581024	5	581023	18	23
581026	2	581025	6	8
581039	6	581038	8	14
581041	12	581040	10	22
581044	2	581043	10	12
581046	1	581045	1	2
581049	3	581048	6	9
581058	8	581057	4	12
581072	7	581071	5	12
581074	7	581073	8	15
581078	4	581077	5	9
581087	2	581086	9	11
581090	13	581089	6	19
581096	9	139942	10	19
581100	10	581099	3	13
581102	5	581101	8	13
581106	6	581105	3	9
581108	1	581107	1	2
581123	3	581122	1	4
581128	5	581127	10	15
581138	1	581137	3	4
581140	9	581139	2	11
581154	1	581153	2	3
581157	2	581156	16	18
581168	6	581167	12	18
581172	4	581171	5	9
581174	3	139974	2	5
581176	7	581175	2	9
581179	4	581178	3	7
581182	4	581181	7	11
581191	10	581190	7	17
581197	5	581196	2	7
581203	4	581202	9	13
581207	5	581206	2	7
581215	7	581214	4	11
581224	4	581223	3	7
581227	1	581226	1	2
581229	3	581228	3	6
581236	3	581235	2	5
581246	7	581245	4	11
581256	4	581255	3	7
581259	4	581258	2	6
581260	5	325809	1	6
581264	5	140001	3	8
581268	11	581267	7	18
581271	5	581270	4	9
581277	6	581276	3	9
581279	1	140009	3	4
581285	1	581284	1	2
581287	1	581286	2	3
581296	4	581295	2	6
581299	1	581298	1	2
581322	4	581321	6	10
581325	3	581324	10	13
581328	4	581327	4	8
581336	4	581335	6	10
581347	3	140057	3	6
581358	3	581357	5	8
581364	3	581363	7	10
581367	9	581366	2	11
581370	3	581369	4	7
581372	3	581371	2	5
581376	3	581375	4	7
581380	2	581379	8	10
581384	3	581383	4	7
581389	9	581388	2	11
581403	4	581402	5	9
581406	3	140081	7	10
581409	1	140084	2	3
581412	7	581411	4	11
581419	4	581418	3	7
581421	4	581420	5	9
581439	3	581438	4	7
581442	2	581441	3	5
581445	8	581444	4	12
581457	7	581456	5	12
581463	4	581462	1	5
581476	3	581475	2	5
581482	4	581481	3	7
581487	1	581486	2	3
581495	2	581494	3	5
581498	7	581497	4	11
581513	4	140154	3	7
581515	1	581514	4	5
581517	5	581516	2	7
581524	1	581523	5	6
581528	1	581527	2	3
581541	1	581539	28	29
581543	1	581542	3	4
581554	5	581553	6	11
581556	3	581555	1	4
581558	4	325859	4	8
581577	7	581576	1	8
581579	5	581578	9	14
581583	3	140192	2	5
581586	2	581585	1	3
581590	52	581589	25	77
581593	10	581592	31	41
581606	2	581605	1	3
581609	2	581608	1	3
581635	2	581634	2	4
581645	1	581644	1	2
581650	1	581649	1	2
581653	1	581652	1	2
581658	1	581657	2	3
581663	2	140238	1	3
581666	1	581665	3	4
581669	1	581668	13	14
581678	1	581677	3	4
581688	1	140262	2	3
581694	2	581693	4	6
581700	1	581699	3	4
581705	3	325895	4	7
581717	3	581716	2	5
581742	8	581741	3	11
581748	4	581747	10	14
581751	6	581750	23	29
581757	4	581756	2	6
581760	1	581759	7	8
581784	6	581783	2	8
581787	2	581786	5	7
581794	1	581793	5	6
581799	3	581798	5	8
581809	6	581808	9	15
581811	4	581810	3	7
581813	2	581812	2	4
581819	6	581818	6	12
581827	14	581826	23	37
581831	4	581830	4	8
581834	5	581833	5	10
581840	9	581839	4	13
581851	4	581850	1	5
581857	2	581856	2	4
581858	5	140338	2	7
581860	4	581859	2	6
581862	1	140340	1	2
581867	1	581866	2	3
581891	3	581890	5	8
581892	4	140352	1	5
581905	3	581904	1	4
581907	1	581906	2	3
581910	1	581909	3	4
581919	1	581918	1	2
581920	4	140359	6	10
581932	4	140378	5	9
581939	2	581938	2	4
581964	3	581963	1	4
581969	3	140390	1	4
581974	1	581973	2	3
581979	1	581978	1	2
582000	5	581999	9	14
582006	1	582005	2	3
582009	14	582008	22	36
582012	3	582011	1	4
582020	1	582019	1	2
582025	5	582024	4	9
582028	1	582027	1	2
582031	3	582030	1	4
582035	5	582034	3	8
582052	9	582051	2	11
582058	1	582057	1	2
582064	3	582063	2	5
582070	1	582069	2	3
582083	2	582082	2	4
582085	7	582084	1	8
582103	1	582102	1	2
582119	2	582118	2	4
582124	1	582123	1	2
582144	1	582143	1	2
582147	1	582146	1	2
582153	1	582152	2	3
582161	2	325958	1	3
582163	6	582162	3	9
582216	2	582215	1	3
582227	7	140545	2	9
582230	1	582229	6	7
582233	1	582232	2	3
582241	1	582240	1	2
582248	1	582247	2	3
582258	1	582257	1	2
582299	10	582298	1	11
582315	1	140598	1	2
582318	6	582317	9	15
582354	1	582353	2	3
582358	3	325998	4	7
582360	1	582359	2	3
582385	7	582384	4	11
582416	1	582415	1	2
582419	2	582418	1	3
582431	1	582430	1	2
582435	2	582434	1	3
582441	5	582440	2	7
582451	1	582450	1	2
582456	2	582455	1	3
582466	3	582465	1	4
582485	22	582484	6	28
582487	1	582486	3	4
582489	2	897230	1	3
582496	3	582495	1	4
582502	2	582501	1	3
582505	2	582504	2	4
582509	2	582508	3	5
582524	3	140674	2	5
582532	7	582531	6	13
582552	7	582551	1	8
582556	2	582555	2	4
582559	1	140696	2	3
582569	2	582568	4	6
582570	3	140703	3	6
582574	1	582573	4	5
582576	7	582575	6	13
582582	6	582581	25	31
582588	9	897275	3	12
582591	2	582590	3	5
582593	8	582592	3	11
582610	4	582609	5	9
582617	3	582616	6	9
582625	1	582624	11	12
582627	7	582626	10	17
582633	7	582632	6	13
582635	5	582634	9	14
582640	14	582639	5	19
582642	2	582641	5	7
582653	2	582652	2	4
582658	4	582657	3	7
582677	9	582676	5	14
582695	2	582694	1	3
582700	9	582699	14	23
582704	3	582703	5	8
582710	8	582709	10	18
582712	4	582711	4	8
582716	3	582715	2	5
582719	8	582718	6	14
582724	4	582723	1	5
582727	10	582726	2	12
582729	12	326056	9	21
582731	11	582730	5	16
582734	5	582733	10	15
582742	10	582741	8	18
582747	14	582746	9	23
582761	6	582760	12	18
582763	2	140774	5	7
582766	6	582765	8	14
582771	6	582770	8	14
582779	5	582778	15	20
582787	5	582786	4	9
582789	2	582788	1	3
582807	6	582806	2	8
582810	11	582809	7	18
582816	9	582815	4	13
582839	1	582838	5	6
582848	15	582847	5	20
582857	1	582856	11	12
582877	5	582876	12	17
582881	1	582880	30	31
582889	4	582888	4	8
582902	1	140830	4	5
582907	1	582906	3	4
582916	2	582915	1	3
582920	1	582919	1	2
582925	16	582924	10	26
582927	4	582926	11	15
582938	11	582937	26	37
582940	1	582939	1	2
582942	5	582941	9	14
582951	3	582950	2	5
582954	3	582953	5	8
582956	29	582955	1	30
582960	2	140844	4	6
582965	5	582964	1	6
582977	1	582976	1	2
582980	2	326078	2	4
582994	6	582993	4	10
583008	2	583007	1	3
583014	3	583013	5	8
583021	2	583020	1	3
583034	4	583033	3	7
583051	3	583050	4	7
583053	1	583052	1	2
583056	2	583055	3	5
583058	5	583057	7	12
583068	4	583067	3	7
583072	8	583071	9	17
583087	5	583086	5	10
583099	4	583098	2	6
583101	1	583100	4	5
583113	3	583112	5	8
583122	11	583121	11	22
583123	8	140953	4	12
583125	6	583124	4	10
583133	1	140960	1	2
583147	2	583146	1	3
583151	2	583150	2	4
583170	1	583169	1	2
583172	2	583171	1	3
583176	2	583175	2	4
583214	2	583213	2	4
583222	11	583221	6	17
583224	4	583223	3	7
583226	2	583225	1	3
583231	1	583230	1	2
583237	6	583236	3	9
583239	3	583238	11	14
583241	1	583240	2	3
583245	4	583244	2	6
583249	1	583248	4	5
583251	2	583250	4	6
583258	4	583257	3	7
583260	11	583259	4	15
583264	2	583263	18	20
583274	6	583273	3	9
583277	11	583276	3	14
583279	2	583278	2	4
583282	3	583281	2	5
583286	5	141046	8	13
583290	4	583289	1	5
583297	5	583296	6	11
583299	5	326131	6	11
583301	5	583300	4	9
583304	5	583303	2	7
583305	2	141053	3	5
583311	5	583310	4	9
583315	10	583314	4	14
583318	1	583317	9	10
583324	8	583323	1	9
583330	1	583329	4	5
583335	1	326135	4	5
583338	3	583337	3	6
583341	1	583340	7	8
583345	5	583344	3	8
583349	8	583348	1	9
583353	6	583351	50	56
583354	12	141090	6	18
583358	27	583357	11	38
583361	11	583360	11	22
583363	7	141091	2	9
583399	1	583398	11	12
583413	2	583412	7	9
583417	2	583416	6	8
583427	6	583426	1	7
583431	3	583430	2	5
583435	4	583434	1	5
583448	2	583447	5	7
583450	4	583449	4	8
583452	2	583451	2	4
583458	6	583457	3	9
583466	30	141166	3	33
583470	5	583469	6	11
583482	1	141188	7	8
583484	20	583483	5	25
583491	2	583490	5	7
583494	5	583493	2	7
583498	3	141200	2	5
583501	1	583500	3	4
583503	4	583502	3	7
583506	2	583505	2	4
583508	8	583507	11	19
583514	2	583513	1	3
583527	2	897617	4	6
583532	5	583531	13	18
583537	14	583536	3	17
583555	4	583554	1	5
583562	2	583561	2	4
583570	6	141234	2	8
583572	3	583571	3	6
583583	1	583582	3	4
583587	2	583586	3	5
583620	5	583619	8	13
583622	2	583621	5	7
583626	7	583625	30	37
583630	3	583629	2	5
583643	1	583642	5	6
583645	2	583644	3	5
583655	4	583654	3	7
583659	2	583658	1	3
583666	1	583665	1	2
583673	7	583672	1	8
583681	2	583680	5	7
583687	4	583686	2	6
583689	2	583688	9	11
583692	1	583691	1	2
583694	1	583693	3	4
583703	2	583702	5	7
583705	5	583704	8	13
583712	6	583711	11	17
583742	1	583741	4	5
583745	2	583744	3	5
583751	4	583750	15	19
583763	2	583762	5	7
583797	5	583796	6	11
583800	2	583799	3	5
583803	1	583802	6	7
583815	6	583814	3	9
583818	6	583817	1	7
583821	5	583820	2	7
583826	1	583825	2	3
583830	2	583829	1	3
583837	2	583836	2	4
583842	2	583841	3	5
583847	5	583846	7	12
583850	5	583849	6	11
583858	2	583857	1	3
583870	1	583869	2	3
583873	11	583872	4	15
583875	7	583874	3	10
583880	6	583879	1	7
583883	1	583882	1	2
583896	3	583895	3	6
583898	5	897780	6	11
583900	9	583899	3	12
583903	3	583902	7	10
583906	2	583905	1	3
583918	7	583917	4	11
583919	1	897784	25	26
583926	3	583925	3	6
583943	3	583942	1	4
583945	1	583944	4	5
583951	3	583950	2	5
583955	6	583954	4	10
583965	15	583964	120	135
583973	1	583972	5	6
583980	3	583979	4	7
583983	6	583982	5	11
583996	2	583995	1	3
583999	2	583998	1	3
584002	2	584001	1	3
584015	1	141424	2	3
584022	3	584021	8	11
584028	1	141441	2	3
584054	1	584053	2	3
584076	1	584075	4	5
584078	3	584077	2	5
584080	1	584079	9	10
584085	4	584084	7	11
584101	1	584100	2	3
584107	33	584106	2	35
584108	4	141491	3	7
584110	6	584109	1	7
584136	1	584135	2	3
584139	1	584138	4	5
584142	4	584141	6	10
584148	2	584147	8	10
584152	4	584151	4	8
584162	6	584161	40	46
584179	2	584178	8	10
584181	6	584180	4	10
584184	2	584183	7	9
584199	3	584198	7	10
584208	1	584207	2	3
584215	1	584214	1	2
584228	3	584227	2	5
584245	2	584244	1	3
584249	3	584248	3	6
584251	1	584250	4	5
584253	1	584252	7	8
584259	5	584258	1	6
584270	6	584269	2	8
584272	6	584271	1	7
584282	9	141591	5	14
584290	2	897953	2	4
584295	1	584294	4	5
584305	2	584304	4	6
584308	2	141607	1	3
584312	4	584311	1	5
584319	3	141610	3	6
584342	4	584341	16	20
584347	1	141624	4	5
584350	4	584349	2	6
584358	2	584357	3	5
584363	2	326281	2	4
584381	1	584380	2	3
584393	5	584392	2	7
584395	3	584394	2	5
584397	2	584396	1	3
584400	2	141641	1	3
584401	2	897998	6	8
584411	4	584410	4	8
584423	6	584422	4	10
584433	3	584432	3	6
584444	3	584443	4	7
584445	2	141653	5	7
584448	5	584447	9	14
584470	4	584469	1	5
584478	1	584477	7	8
584480	1	584479	3	4
584496	1	584495	3	4
584502	9	584501	5	14
584505	4	584504	6	10
584508	9	584507	2	11
584509	4	141667	4	8
584516	5	584515	1	6
584520	6	584519	2	8
584529	2	326296	2	4
584534	3	584533	6	9
584538	2	584537	3	5
584548	2	584547	14	16
584551	4	326298	17	21
584556	4	584555	1	5
584568	3	584567	4	7
584590	1	584589	4	5
584605	6	584604	4	10
584607	8	584606	14	22
584609	10	584608	3	13
584621	1	584620	2	3
584623	3	584622	3	6
584627	2	584626	7	9
584649	4	584648	5	9
584652	6	584651	3	9
584654	1	584653	10	11
584667	8	584666	3	11
584677	3	584676	1	4
584680	4	584679	8	12
584684	7	584683	6	13
584687	2	584686	2	4
584700	2	584699	2	4
584706	3	584705	1	4
584713	4	584712	4	8
584725	2	584724	2	4
584727	1	584726	3	4
584729	1	584728	3	4
584735	3	584734	5	8
584739	4	584738	4	8
584746	16	1054059	2	18
584755	5	584754	5	10
584761	6	584760	9	15
584765	2	898175	3	5
584772	7	141724	5	12
584776	5	584775	5	10
584779	1	584778	2	3
584785	13	584784	2	15
584795	2	584794	7	9
584806	7	584805	1	8
584811	3	584810	11	14
584822	3	584821	2	5
584824	1	584823	4	5
584833	3	584832	2	5
584835	2	584834	2	4
584840	4	584839	6	10
584844	1	584843	11	12
584848	2	584847	1	3
584858	3	584857	1	4
584863	2	898206	2	4
584873	4	584872	2	6
584880	2	584879	1	3
584884	4	584883	1	5
584889	2	584888	1	3
584908	7	584907	6	13
584922	1	584921	2	3
584927	4	141804	1	5
584930	4	584929	4	8
584938	4	584937	2	6
584943	3	584942	7	10
584945	2	584944	6	8
584949	6	584948	10	16
584951	3	584950	3	6
584965	1	584964	3	4
584968	4	584967	2	6
584972	1	584971	5	6
584981	1	898245	2	3
584985	8	584984	2	10
584987	13	584986	5	18
585017	2	585016	1	3
585036	3	585035	1	4
585047	7	585046	10	17
585049	2	585048	10	12
585059	2	585058	8	10
585062	3	585061	7	10
585069	3	585068	1	4
585072	6	585071	4	10
585074	8	898286	2	10
585076	3	585075	9	12
585082	8	585081	6	14
585090	7	585089	6	13
585094	1	585093	13	14
585103	7	585102	8	15
585126	4	585125	1	5
585132	3	585131	2	5
585138	4	141903	1	5
585149	4	585148	1	5
585168	1	585167	3	4
585174	2	585173	4	6
585178	3	585177	6	9
585180	4	585179	21	25
585185	6	585184	2	8
585187	1	585186	8	9
585193	8	141931	8	16
585204	2	585203	3	5
585206	4	585205	3	7
585212	6	585211	7	13
585217	1	585216	3	4
585226	4	585225	6	10
585231	1	585230	4	5
585239	2	585238	1	3
585241	1	585240	1	2
585245	11	585244	2	13
585250	8	585249	13	21
585293	3	585292	2	5
585304	2	585303	3	5
585308	3	585307	2	5
585315	3	585314	3	6
585316	6	326416	8	14
585318	1	141990	4	5
585321	3	585320	2	5
585326	1	585325	12	13
585342	1	585341	3	4
585351	2	585350	1	3
585359	1	585358	3	4
585361	2	585360	6	8
585363	2	585362	6	8
585371	2	585370	2	4
585376	1	585375	4	5
585383	1	585382	2	3
585400	13	585399	3	16
585402	5	585401	5	10
585404	6	585403	6	12
585406	2	585405	5	7
585412	4	326424	1	5
585427	6	585426	3	9
585434	1	585433	4	5
585440	5	585439	2	7
585449	7	585448	2	9
585464	1	585463	5	6
585466	2	585465	8	10
585483	2	585482	7	9
585496	4	585495	9	13
585502	2	585501	2	4
585504	2	585503	3	5
585519	2	326467	1	3
585522	3	585521	3	6
585536	2	585535	1	3
585547	2	585546	2	4
585556	2	585555	2	4
585564	77	142158	3	80
585578	5	585577	4	9
585602	9	585601	10	19
585606	10	585605	5	15
585608	10	585607	5	15
585610	4	585609	12	16
585618	4	585617	5	9
585625	41	585624	7	48
585630	4	585629	4	8
585631	2	585628	4	6
585635	3	585634	3	6
585639	3	585638	2	5
585655	8	585654	4	12
585664	11	898559	9	20
585667	5	585666	4	9
585672	3	585671	5	8
585682	11	585681	4	15
585706	2	585705	2	4
585708	1	585707	4	5
585711	5	585710	4	9
585724	3	142217	1	4
585727	2	585726	2	4
585733	2	585732	1	3
585736	1	585735	4	5
585737	4	142228	1	5
585740	3	585739	12	15
585743	2	585742	5	7
585750	4	585749	13	17
585762	5	585761	3	8
585766	2	585765	6	8
585778	3	142258	1	4
585790	5	585789	9	14
585794	1	142264	1	2
585806	6	585805	4	10
585809	4	585808	5	9
585824	9	585823	9	18
585827	7	585826	10	17
585829	13	585828	11	24
585836	5	898617	10	15
585846	5	585845	1	6
585848	2	585847	1	3
585852	4	585851	3	7
585865	6	585864	10	16
585869	22	585868	5	27
585874	18	585873	9	27
585877	10	585876	14	24
585882	5	585881	5	10
585889	10	585888	21	31
585901	7	585900	18	25
585914	20	585913	13	33
585917	1	585916	4	5
585924	21	585923	13	34
585950	6	585949	8	14
585959	6	585958	6	12
585963	18	585962	9	27
585965	7	142311	4	11
585970	4	585969	11	15
585979	5	585978	1	6
585984	2	585983	5	7
585994	6	585993	3	9
586001	6	898671	2	8
586005	1	586004	4	5
586007	7	142327	8	15
586009	6	586008	5	11
586011	1	586010	2	3
586013	9	586012	6	15
586017	3	586016	2	5
586021	1	586020	6	7
586025	9	586024	4	13
586040	5	586039	2	7
586050	29	586049	14	43
586053	5	586052	3	8
586056	3	586055	4	7
586083	9	586082	3	12
586085	2	586084	6	8
586124	8	586123	8	16
586127	1	586126	7	8
586149	16	586148	7	23
586151	8	142351	2	10
586154	2	586153	1	3
586167	8	586166	3	11
586176	2	586175	7	9
586197	3	586196	12	15
586198	2	142369	8	10
586219	2	586218	6	8
586222	6	586221	7	13
586237	3	586236	5	8
586250	2	586249	4	6
586255	1	586254	3	4
586264	2	586263	1	3
586270	3	586269	7	10
586282	4	586281	4	8
586296	4	586295	4	8
586304	3	586303	1	4
586316	1	898818	1	2
586318	5	142461	3	8
586321	9	586320	5	14
586353	3	586352	5	8
586355	5	586354	8	13
586361	1	586360	3	4
586411	4	586410	3	7
586413	5	586412	2	7
586418	1	586417	2	3
586426	4	586425	3	7
586429	6	586428	7	13
586431	6	586430	7	13
586434	4	586433	5	9
586437	1	586436	3	4
586462	4	586461	4	8
586466	3	586465	1	4
586469	6	586468	19	25
586471	1	586470	4	5
586475	2	586474	2	4
586481	3	586480	6	9
586485	6	326594	2	8
586489	4	586488	3	7
586499	5	142577	5	10
586510	4	586509	4	8
586514	2	586513	3	5
586522	3	586521	6	9
586535	3	586534	5	8
586541	7	586540	4	11
586554	4	586553	6	10
586557	3	586556	1	4
586569	1	142608	3	4
586570	3	898932	2	5
586576	10	586575	7	17
586588	1	586587	1	2
586620	1	586619	1	2
586640	3	586639	4	7
586644	5	142637	3	8
586654	11	142643	9	20
586655	4	898961	2	6
586714	5	586713	2	7
586724	1	586723	3	4
586726	2	586725	10	12
586734	2	586733	3	5
586738	3	586737	4	7
586741	4	586740	1	5
586745	1	586744	7	8
586751	3	586750	3	6
586753	2	586752	3	5
586755	1	586754	4	5
586764	2	586763	3	5
586766	2	586765	6	8
586774	9	586773	6	15
586777	4	586776	3	7
586779	2	586778	3	5
586782	3	586781	1	4
586792	4	586791	2	6
586793	3	586789	1	4
586799	5	586798	9	14
586802	4	586801	1	5
586827	2	586826	4	6
586830	5	586829	2	7
586842	2	586841	3	5
586844	5	586843	2	7
586852	1	586851	4	5
586860	5	586859	3	8
586863	2	586862	1	3
586869	1	586868	3	4
586871	1	586870	1	2
586874	3	586873	1	4
586876	4	142719	3	7
586883	1	586882	1	2
586885	1	586884	1	2
586894	4	586893	7	11
586897	3	586896	2	5
586899	1	586898	4	5
586916	7	586915	2	9
586926	3	586925	2	5
586927	2	142743	2	4
586934	1	586933	1	2
586941	1	586940	8	9
586946	4	586945	4	8
586950	3	586949	2	5
586952	3	586951	6	9
586962	2	586959	1	3
586964	5	586963	7	12
586966	7	586965	3	10
586968	2	586967	7	9
586970	2	586969	4	6
586972	1	586971	6	7
586979	1	586978	1	2
586983	3	586982	1	4
586992	3	586991	1	4
587003	4	326657	3	7
587005	3	587004	1	4
587007	2	587006	33	35
587031	4	587030	5	9
587033	3	587032	2	5
587035	2	587034	2	4
587041	6	587040	2	8
587047	3	587046	10	13
587057	1	587056	2	3
587062	2	587061	6	8
587065	4	587064	1	5
587069	1	587068	5	6
587079	6	587078	5	11
587083	1	587082	2	3
587090	1	587089	3	4
587092	8	587091	8	16
587102	3	587101	4	7
587108	1	899108	1	2
587112	2	587111	4	6
587115	8	587114	6	14
587120	3	587119	1	4
587122	1	587121	5	6
587126	8	587125	2	10
587130	1	587129	3	4
587132	9	142812	3	12
587134	2	587133	1	3
587147	6	587146	4	10
587155	4	587154	7	11
587168	4	587167	4	8
587172	4	326680	1	5
587175	2	587174	5	7
587195	3	587194	5	8
587198	3	587197	4	7
587200	7	587199	4	11
587202	12	587201	20	32
587220	5	587219	1	6
587226	2	587225	7	9
587232	7	587231	2	9
587247	6	587246	4	10
587255	2	899145	2	4
587266	6	587265	12	18
587272	3	587271	2	5
587275	19	587274	1	20
587283	6	587282	7	13
587289	5	587288	5	10
587292	2	587291	7	9
587308	4	587307	3	7
587310	2	587309	1	3
587314	1	587313	4	5
587317	3	587316	11	14
587324	1	587323	2	3
587327	1	587326	25	26
587328	4	142875	4	8
587332	3	587331	3	6
587341	13	142886	2	15
587346	8	587345	2	10
587350	3	587349	7	10
587357	4	587356	2	6
587367	6	326699	8	14
587368	5	142907	4	9
587371	2	587370	1	3
587375	10	587374	10	20
587387	1	587386	2	3
587388	6	899198	4	10
587396	13	587395	7	20
587404	2	326702	4	6
587412	5	587411	3	8
587417	3	587416	12	15
587419	10	587418	11	21
587421	5	587420	3	8
587428	4	587427	3	7
587431	9	587430	4	13
587433	5	587432	1	6
587437	7	587436	1	8
587439	2	587438	5	7
587441	2	587440	6	8
587449	7	587448	2	9
587450	3	899231	9	12
587452	2	326706	2	4
587459	6	587458	2	8
587464	1	142945	1	2
587478	4	587477	1	5
587496	2	142968	3	5
587503	1	587502	1	2
587506	2	142975	1	3
587511	1	587510	1	2
587520	1	587519	1	2
587539	2	587538	2	4
587545	1	587544	1	2
587549	3	587548	2	5
587557	1	587556	1	2
587563	1	587562	3	4
587570	3	587569	3	6
587578	14	587577	10	24
587622	6	587621	3	9
587631	1	587630	2	3
587634	2	587633	1	3
587636	2	587635	13	15
587641	9	587640	2	11
587645	3	587644	3	6
587650	1	899318	1	2
587660	3	587659	2	5
587663	4	587662	2	6
587665	3	587664	5	8
587672	1	587671	4	5
587674	2	587673	3	5
587678	2	143014	4	6
587680	6	587679	8	14
587682	11	587681	1	12
587686	4	587685	5	9
587694	4	587693	2	6
587708	10	587707	7	17
587710	8	587709	3	11
587714	1	587713	2	3
587720	5	587719	2	7
587731	1	587730	5	6
587739	3	587738	6	9
587744	4	587743	15	19
587747	7	587746	3	10
587751	11	587750	3	14
587756	6	587755	6	12
587761	3	587760	2	5
587766	2	587765	1	3
587773	9	587771	5	14
587777	3	587776	1	4
587779	4	587778	4	8
587781	2	587780	3	5
587786	5	587785	2	7
587790	6	587789	5	11
587798	1	587797	2	3
587812	6	587811	14	20
587815	8	587814	4	12
587817	2	587816	3	5
587820	16	143086	5	21
587825	3	587824	2	5
587827	2	587826	3	5
587833	1	587832	1	2
587837	8	587836	6	14
587849	9	587848	5	14
587852	1	587851	1	2
587861	1	587860	6	7
587866	2	587865	3	5
587871	6	587870	7	13
587873	2	587872	7	9
587875	7	587874	3	10
587883	9	587882	3	12
587885	2	587884	3	5
587890	14	587889	2	16
587898	4	587896	1	5
587903	6	587902	4	10
587915	5	587914	10	15
587933	5	587932	4	9
587937	7	899414	4	11
587940	8	587939	3	11
587956	1	587955	1	2
587970	3	587969	5	8
587971	5	899426	13	18
587973	7	587972	19	26
587985	2	587984	4	6
588003	15	588002	9	24
588017	6	588016	15	21
588021	16	588020	21	37
588023	19	588022	17	36
588029	13	588028	11	24
588038	4	143182	1	5
588039	5	143183	6	11
588047	1	899457	4	5
588060	11	588059	5	16
588066	9	588065	5	14
588068	19	588067	1	20
588074	5	588073	1	6
588079	2	588078	1	3
588081	15	588080	8	23
588105	1	588104	4	5
588110	4	588109	5	9
588118	3	588117	1	4
588120	1	588119	1	2
588140	24	588139	13	37
588170	3	588169	2	5
588176	3	588175	3	6
588183	3	143237	4	7
588190	7	588189	16	23
588193	2	588192	1	3
588207	3	143244	3	6
588215	3	588214	1	4
588218	5	588217	2	7
588227	10	588226	8	18
588237	8	588236	2	10
588239	2	899546	7	9
588246	11	588245	6	17
588248	1	588247	1	2
588255	4	143255	2	6
588258	1	588257	4	5
588259	5	899559	4	9
588263	5	588262	11	16
588266	5	588265	1	6
588279	2	588278	6	8
588286	3	588285	4	7
588288	2	588287	3	5
588291	4	899572	3	7
588294	1	588293	3	4
588298	5	588297	3	8
588300	2	588299	4	6
588318	4	588317	8	12
588319	5	143283	2	7
588325	2	588324	4	6
588329	1	588328	5	6
588344	2	588343	4	6
588350	3	588349	6	9
588360	5	588359	8	13
588363	6	588362	7	13
588386	8	588385	2	10
588394	4	588393	10	14
588399	5	588398	3	8
588408	6	588407	2	8
588413	5	1055097	1	6
588431	5	899629	3	8
588435	3	588434	1	4
588446	3	588445	2	5
588447	9	143390	2	11
588449	3	588448	7	10
588464	5	143406	2	7
588466	4	588465	3	7
588467	2	143408	3	5
588475	4	588474	8	12
588479	1	588478	6	7
588482	3	588481	5	8
588491	9	588490	5	14
588499	8	588498	8	16
588501	4	588500	3	7
588505	8	588504	8	16
588506	4	143425	4	8
588517	11	588516	6	17
588519	5	588518	4	9
588521	1	588520	3	4
588524	9	588523	6	15
588528	8	588527	9	17
588535	5	588534	4	9
588542	5	588541	5	10
588544	1	588543	1	2
588557	8	588556	3	11
588559	1	143458	2	3
588573	4	143472	3	7
588575	2	588574	2	4
588578	2	588577	4	6
588584	2	588583	6	8
588588	4	588587	9	13
588590	3	588589	2	5
588601	2	588600	25	27
588617	4	588616	4	8
588627	3	143521	4	7
588636	1	588635	5	6
588656	5	588655	4	9
588660	5	588659	5	10
588663	8	588662	1	9
588675	1	588674	3	4
588681	3	588680	2	5
588684	5	588683	1	6
588687	4	588686	1	5
588697	1	143585	2	3
588706	8	588705	5	13
588716	3	143621	3	6
588724	1	143626	1	2
588733	1	588732	2	3
588735	2	588734	1	3
588749	1	143651	3	4
588755	5	588754	2	7
588758	3	326891	10	13
588781	3	588780	1	4
588796	1	588795	1	2
588807	7	588806	8	15
588809	2	588808	6	8
588814	2	588813	2	4
588817	6	588816	1	7
588826	4	588825	5	9
588840	3	588839	2	5
588844	1	588843	2	3
588845	7	143732	3	10
588851	5	588850	9	14
588862	3	588861	5	8
588870	4	588869	1	5
588873	8	588872	2	10
588875	1	588874	9	10
588879	5	588878	5	10
588881	5	588880	4	9
588886	2	143765	4	6
588891	1	588890	2	3
588896	2	588895	7	9
588901	2	588900	6	8
588916	1	588915	5	6
588924	1	143797	6	7
588929	4	588928	4	8
588935	3	588934	1	4
588941	1	326929	2	3
588946	6	588945	6	12
588954	7	588953	3	10
588967	5	588966	2	7
588982	1	588981	3	4
588984	2	588983	5	7
588998	2	588997	3	5
589008	1	589007	2	3
589013	8	589012	4	12
589037	4	589036	1	5
589046	2	589045	5	7
589056	2	589055	2	4
589057	2	143899	2	4
589061	2	589060	3	5
589065	2	589064	1	3
589068	4	589067	5	9
589081	3	143919	1	4
589085	5	589084	4	9
589088	2	143931	3	5
589093	1	589092	2	3
589095	3	143932	4	7
589097	1	589096	3	4
589111	4	589110	11	15
589118	3	589117	5	8
589120	3	589119	1	4
589122	3	589121	5	8
589126	3	589125	6	9
589128	3	589127	5	8
589136	7	589135	4	11
589148	5	589147	2	7
589152	1	589151	3	4
589155	15	589154	112	127
589162	2	589161	93	95
589179	6	589178	5	11
589184	1	589183	1	2
589189	1	589188	7	8
589201	1	589200	5	6
589207	2	589206	11	13
589210	7	589209	3	10
589212	2	589211	9	11
589213	2	899958	2	4
589221	1	589220	7	8
589222	2	144019	10	12
589232	6	589231	2	8
589241	10	144040	2	12
589244	2	589243	13	15
589250	9	589249	8	17
589253	2	589252	1	3
589264	8	144049	4	12
589277	4	589276	3	7
589278	8	144055	4	12
589290	1	589289	5	6
589301	2	589300	1	3
589303	6	589302	11	17
589310	3	589309	4	7
589345	7	144099	1	8
589347	5	589346	2	7
589351	1	589350	3	4
589355	4	589354	1	5
589373	12	589372	4	16
589380	9	589379	8	17
589384	2	589383	5	7
589392	5	589391	5	10
589393	2	144152	3	5
589409	4	589408	4	8
589426	2	589425	1	3
589435	2	589434	2	4
589437	3	589436	5	8
589440	1	589439	4	5
589443	5	589442	3	8
589462	1	589461	6	7
589468	2	589467	10	12
589480	3	589479	2	5
589488	3	589487	6	9
589492	2	589491	2	4
589493	7	144254	4	11
589503	3	589502	4	7
589506	3	589505	2	5
589519	3	144300	3	6
589525	1	589524	4	5
589528	1	589527	4	5
589531	5	589530	1	6
589534	1	900085	2	3
589540	1	589539	3	4
589551	1	589550	1	2
589556	1	589555	3	4
589569	1	589568	11	12
589572	10	589571	9	19
589574	3	589573	1	4
589582	6	589581	5	11
589597	2	589596	2	4
589610	1	589609	3	4
589623	2	589622	2	4
589629	1	589628	1	2
589636	1	589635	1	2
589642	1	589641	3	4
589670	1	589669	1	2
589682	4	589681	1	5
589686	3	589685	5	8
589721	1	589720	3	4
589731	7	589730	4	11
589732	5	144514	1	6
589733	1	144517	1	2
589735	5	589734	1	6
589742	5	589741	1	6
589745	4	589744	1	5
589746	6	327101	2	8
589750	6	589749	9	15
589753	3	589752	2	5
589757	3	144529	2	5
589765	1	589764	1	2
589769	2	589768	1	3
589771	4	589770	3	7
589779	26	589778	2	28
589782	2	589781	5	7
589784	3	589783	2	5
589805	4	589804	1	5
589807	3	589806	2	5
589819	7	589818	6	13
589821	8	589820	5	13
589826	9	589825	10	19
589847	11	589846	7	18
589851	5	589850	5	10
589853	8	589852	5	13
589856	5	589855	4	9
589867	5	589866	5	10
589868	17	144621	2	19
589879	5	589878	4	9
589884	7	144657	4	11
589889	3	589886	4	7
589891	6	589890	4	10
589893	1	589892	2	3
589897	5	589896	6	11
589899	5	589898	2	7
589901	9	144681	1	10
589912	4	589911	7	11
589917	2	589916	3	5
589939	12	589938	14	26
589956	6	589955	12	18
589969	2	589968	5	7
589973	2	589972	1	3
589975	1	589974	2	3
589977	3	589976	2	5
589979	3	589978	2	5
589981	5	900250	2	7
589990	1	589989	3	4
589992	1	589991	5	6
589996	1	589995	1	2
590001	3	590000	2	5
590007	2	590006	5	7
590008	2	327153	2	4
590012	3	144787	2	5
590028	1	590027	1	2
590039	2	590038	5	7
590044	3	590043	1	4
590047	2	590046	2	4
590054	5	590053	4	9
590056	2	590055	1	3
590060	9	590059	23	32
590061	2	144838	2	4
590067	2	590066	4	6
590077	2	590076	2	4
590091	1	590090	1	2
590093	4	590092	4	8
590095	7	590094	4	11
590101	3	590100	13	16
590114	5	590113	12	17
590127	1	590126	4	5
590149	9	590148	4	13
590151	5	590150	11	16
590168	8	590167	2	10
590173	9	590172	6	15
590177	4	590176	5	9
590183	14	590182	10	24
590185	11	590184	44	55
590190	10	590189	4	14
590192	3	590191	4	7
590196	7	590195	7	14
590208	2	590207	1	3
590216	3	590215	5	8
590235	3	590234	6	9
590245	4	327213	2	6
590252	1	590251	2	3
590258	3	590257	1	4
590267	1	590266	2	3
590279	1	590278	2	3
590283	6	590282	5	11
590287	1	590286	4	5
590301	2	590300	2	4
590314	1	590313	1	2
590316	2	590315	5	7
590321	5	590320	2	7
590358	2	590357	1	3
590360	3	590359	9	12
590362	4	590361	7	11
590388	3	590387	3	6
590406	2	327266	1	3
590412	1	590411	3	4
590426	1	590425	5	6
590444	7	590443	10	17
590470	4	590469	5	9
590477	3	590476	1	4
590481	4	590480	4	8
590519	2	590518	2	4
590537	1	590536	1	2
590539	1	590538	6	7
590560	3	590559	5	8
590568	2	590567	2	4
590573	1	590572	2	3
590598	2	590597	1	3
590642	2	590641	1	3
590648	1	590647	1	2
590664	4	590663	5	9
590669	2	590668	3	5
590671	6	590670	3	9
590673	2	590672	1	3
590679	1	145558	2	3
590694	2	590693	2	4
590706	1	590705	6	7
590709	4	590708	2	6
590711	2	590710	3	5
590722	4	145579	5	9
590725	1	590724	1	2
590733	1	590732	1	2
590739	3	590738	9	12
590748	5	145627	4	9
590752	2	590751	2	4
590759	2	590758	6	8
590761	2	590760	18	20
590764	6	327370	9	15
590766	3	590765	1	4
590788	6	590787	2	8
590797	4	590796	4	8
590815	1	590814	3	4
590836	3	590835	4	7
590840	4	590839	4	8
590850	1	900603	2	3
590856	2	590855	2	4
590867	3	590866	8	11
590871	3	590870	3	6
590879	3	590878	3	6
590887	1	590886	11	12
590890	10	590889	7	17
590893	2	590892	2	4
590899	5	590898	8	13
590933	2	590932	2	4
590939	4	590938	4	8
590945	1	590944	1	2
590948	4	590947	3	7
590959	2	590958	1	3
590961	1	590960	2	3
590969	4	590968	7	11
590978	3	590977	3	6
590981	4	590980	5	9
590989	5	590988	4	9
591001	11	591000	4	15
591013	2	591012	2	4
591022	5	591021	2	7
591026	3	145950	13	16
591028	3	327442	14	17
591029	21	145955	6	27
591034	9	591033	9	18
591036	32	591035	9	41
591048	6	591047	9	15
591049	11	145976	11	22
591051	1	900688	7	8
591055	14	145984	7	21
591060	8	591059	12	20
591063	13	591062	11	24
591065	7	591064	7	14
591067	3	591066	6	9
591074	4	591073	8	12
591077	1	591076	6	7
591080	5	591079	4	9
591104	5	146025	6	11
591110	3	591109	4	7
591120	19	591119	8	27
591125	12	591124	11	23
591139	5	591138	8	13
591149	11	146065	4	15
591152	5	591151	3	8
591154	9	591153	4	13
591158	4	591157	7	11
591171	11	591170	2	13
591174	7	591173	3	10
591176	3	591175	19	22
591181	5	591180	5	10
591190	5	591189	3	8
591199	3	591198	9	12
591201	4	591200	3	7
591211	1	591210	2	3
591225	4	591224	1	5
591229	3	591228	1	4
591237	9	591236	6	15
591238	2	146149	4	6
591256	2	146174	9	11
591265	1	146185	5	6
591278	3	591277	4	7
591288	6	146221	8	14
591321	7	591320	4	11
591323	13	591322	6	19
591329	7	591328	12	19
591332	2	591331	1	3
591335	10	591334	9	19
591341	4	146276	4	8
591355	7	591354	2	9
591356	2	146282	2	4
591369	5	591368	8	13
591371	18	591370	9	27
591379	11	591378	12	23
591382	20	146305	5	25
591388	6	591387	5	11
591392	5	591391	7	12
591402	3	591401	6	9
591405	3	591404	5	8
591410	1	900822	5	6
591418	3	591417	2	5
591435	2	591434	5	7
591440	12	591439	3	15
591443	2	591442	2	4
591452	2	591451	3	5
591459	6	146387	6	12
591464	6	591463	9	15
591467	10	591466	4	14
591470	11	591469	5	16
591472	1	591471	1	2
591475	10	591474	6	16
591477	3	591476	2	5
591480	2	591479	13	15
591489	4	591488	1	5
591492	9	591491	11	20
591502	5	591501	4	9
591506	4	591505	7	11
591509	3	591508	4	7
591510	4	146440	3	7
591517	5	591516	9	14
591519	10	591518	1	11
591524	2	146463	15	17
591527	1	591526	3	4
591535	7	591534	4	11
591537	3	591536	4	7
591542	5	591541	3	8
591547	3	327560	1	4
591550	1	146481	1	2
591552	1	591551	2	3
591566	6	591565	8	14
591573	2	591572	2	4
591599	14	591598	9	23
591632	5	591631	6	11
591645	2	591644	11	13
591657	1	591656	4	5
591660	7	591659	8	15
591674	2	591673	1	3
591688	1	146616	3	4
591711	5	146644	3	8
591713	2	591712	10	12
591717	6	591716	11	17
591722	5	591721	1	6
591724	11	146652	1	12
591730	3	591729	1	4
591734	3	591733	3	6
591739	11	591738	2	13
591752	5	591751	6	11
591771	2	591770	3	5
591774	1	591773	3	4
591781	2	591780	2	4
591788	2	591787	3	5
591794	7	591793	3	10
591798	4	591797	6	10
591811	1	591810	2	3
591817	7	900971	2	9
591818	2	146733	1	3
591837	4	591836	1	5
591841	2	591840	3	5
591857	1	146791	1	2
591872	3	591871	2	5
591876	4	591875	3	7
591878	2	591877	3	5
591887	3	591886	2	5
591890	7	591889	2	9
591896	3	591895	3	6
591907	1	591906	1	2
591940	1	591939	1	2
591949	2	591948	5	7
591955	2	591954	3	5
591968	1	591967	1	2
591995	4	591994	1	5
591998	1	146970	25	26
592004	2	592003	2	4
592012	3	592011	2	5
592025	1	592024	1	2
592033	2	592032	2	4
592035	2	147033	3	5
592041	1	592040	7	8
592043	3	592042	4	7
592052	4	592051	1	5
592063	1	147064	2	3
592065	2	147065	3	5
592069	6	592068	1	7
592075	2	592074	4	6
592093	8	147100	2	10
592117	4	592116	2	6
592138	2	592137	4	6
592141	4	592140	4	8
592145	2	592144	1	3
592146	2	147202	4	6
592154	2	592153	2	4
592158	2	592157	4	6
592169	1	592168	2	3
592172	4	592171	2	6
592175	5	592174	1	6
592178	6	592177	6	12
592192	3	592191	5	8
592213	3	592212	5	8
592216	8	592215	3	11
592227	2	592226	2	4
592243	4	592242	1	5
592266	1	592265	60	61
592272	1	147382	1	2
592277	1	592276	1	2
592279	3	592278	12	15
592298	2	592297	1	3
592300	2	592299	5	7
592312	4	592311	1	5
592320	3	592319	2	5
592322	7	592321	12	19
592334	4	147467	8	12
592337	6	592336	18	24
592344	3	592343	2	5
592360	1	592359	3	4
592364	2	592363	4	6
592371	1	592370	1	2
592389	2	147505	2	4
592392	1	592390	2	3
592406	2	592405	2	4
592408	1	592407	3	4
592412	1	147526	1	2
592425	10	592424	5	15
592430	5	592429	11	16
592440	5	592439	1	6
592460	5	592459	1	6
592468	6	147611	4	10
592473	4	592472	3	7
592475	2	592474	2	4
592481	3	592480	4	7
592483	1	592482	5	6
592492	4	147648	1	5
592499	8	592498	3	11
592503	2	147660	2	4
592517	1	592516	1	2
592522	2	592521	2	4
592537	5	147694	3	8
592541	11	592540	5	16
592562	4	592561	6	10
592564	5	592563	1	6
592569	4	592568	3	7
592578	2	592577	2	4
592598	1	592597	5	6
592600	6	592599	2	8
592608	15	592607	2	17
592622	4	592621	3	7
592637	6	592636	3	9
592648	1	147813	3	4
592665	1	592664	1	2
592668	1	592667	2	3
592677	3	327903	4	7
592687	4	592686	2	6
592693	1	592692	1	2
592695	3	592694	9	12
592701	1	592700	1	2
592718	2	592717	1	3
592727	3	592726	1	4
592732	2	147928	2	4
592755	3	592754	6	9
592767	1	592766	2	3
592783	1	592782	3	4
592794	1	592793	1	2
592800	6	592799	3	9
592807	3	592806	7	10
592814	1	592813	2	3
592821	2	592820	3	5
592841	1	592840	4	5
592846	1	592845	3	4
592868	1	592867	2	3
592875	4	592874	1	5
592883	2	592882	1	3
592892	4	592891	1	5
592901	1	592900	4	5
592921	1	592920	2	3
592924	1	592923	1	2
592929	4	592928	1	5
592939	4	148124	1	5
592942	1	592941	1	2
592944	6	592943	1	7
592965	4	148166	3	7
592969	1	592968	1	2
592979	1	592978	1	2
592983	2	148188	3	5
592988	4	592987	1	5
592990	1	592989	2	3
592994	6	148201	1	7
592996	2	592995	1	3
593001	4	593000	6	10
593005	4	148212	6	10
593012	2	593011	4	6
593016	4	148239	2	6
593019	1	593018	1	2
593031	3	593030	1	4
593032	1	148256	1	2
593041	1	593040	2	3
593044	4	593043	2	6
593046	3	148273	2	5
593048	4	593047	1	5
593057	2	593056	2	4
593085	18	593084	20	38
593089	3	593088	1	4
593093	6	593092	4	10
593099	2	328024	2	4
593101	3	593100	1	4
593105	1	593104	5	6
593107	2	593106	1	3
593108	2	148333	4	6
593112	2	593111	2	4
593114	1	593113	3	4
593125	2	593124	7	9
593129	2	593128	3	5
593145	1	593144	11	12
593152	1	593151	5	6
593164	7	148373	1	8
593183	4	593182	2	6
593194	7	593193	4	11
593197	2	148407	1	3
593200	4	593199	5	9
593210	1	593209	1	2
593229	2	593228	1	3
593230	4	901557	2	6
593231	3	148438	10	13
593233	1	148447	1	2
593247	1	593246	2	3
593270	22	148492	1	23
593276	3	593275	1	4
593277	1	148510	2	3
593278	1	148512	1	2
593292	1	593291	1	2
593299	8	593298	14	22
593301	1	593300	1	2
593307	5	593306	1	6
593309	1	593308	3	4
593312	1	593311	4	5
593331	1	593330	7	8
593335	2	148576	2	4
593361	4	593360	3	7
593372	2	593371	2	4
593383	1	148599	1	2
593392	2	901631	2	4
593399	4	593398	5	9
593415	1	593414	2	3
593421	4	148656	1	5
593435	1	593434	1	2
593444	6	593443	1	7
593447	4	593446	4	8
593466	4	593465	4	8
593476	1	148704	1	2
593479	2	593478	2	4
593480	1	901662	7	8
593483	2	148713	2	4
593495	3	593494	2	5
593517	2	593516	4	6
593525	1	593524	1	2
593528	1	593527	1	2
593532	2	593531	4	6
593546	3	593545	2	5
593555	2	593554	2	4
593571	3	593570	3	6
593610	8	593609	5	13
593632	1	593631	2	3
593635	13	148884	1	14
593656	1	593655	5	6
593657	3	148898	1	4
593666	3	593665	2	5
593668	2	593667	1	3
593683	2	593682	4	6
593687	4	593686	9	13
593689	9	593688	7	16
593699	4	593698	2	6
593704	2	593703	4	6
593706	5	593705	4	9
593713	4	593712	3	7
593717	1	148976	2	3
593718	1	148978	1	2
593722	3	148986	1	4
593732	3	593731	1	4
593750	6	593749	4	10
593754	1	593753	1	2
593768	1	149032	1	2
593779	2	593778	3	5
593789	3	593788	1	4
593801	5	593800	1	6
593812	1	593811	3	4
593819	4	593818	4	8
593824	4	593823	5	9
593836	3	593835	1	4
593847	1	593846	1	2
593855	3	593854	1	4
593860	5	593859	1	6
593862	2	593861	1	3
593864	6	593863	17	23
593875	2	593874	2	4
593878	1	593877	1	2
593890	5	149128	2	7
593897	1	593896	4	5
593900	4	593899	3	7
593910	2	593909	2	4
593920	1	149165	3	4
593925	4	149180	1	5
593926	5	149185	3	8
593933	4	149193	5	9
593943	3	593942	2	5
593949	1	593948	1	2
593951	6	593950	1	7
593968	2	593967	2	4
593970	7	593969	2	9
593978	1	593977	1	2
593988	1	593987	2	3
593992	20	593991	2	22
593994	7	593993	7	14
593996	3	593995	8	11
594000	4	149267	9	13
594019	1	594018	3	4
594028	2	594027	8	10
594030	2	594029	6	8
594035	1	594034	2	3
594038	2	594037	3	5
594047	7	594046	2	9
594057	3	149302	2	5
594059	14	594058	1	15
594062	2	594061	4	6
594067	2	594066	3	5
594069	3	594068	5	8
594072	2	594071	1	3
594074	2	594073	4	6
594080	3	594079	3	6
594088	1	149335	2	3
594111	1	594110	1	2
594115	5	594114	4	9
594130	2	594129	6	8
594132	1	594131	2	3
594143	33	594142	4	37
594146	3	594145	2	5
594151	2	594150	2	4
594157	1	594156	4	5
594170	1	149433	3	4
594187	5	594186	1	6
594190	1	594189	1	2
594209	1	594208	5	6
594214	2	594213	1	3
594217	2	594216	3	5
594223	2	149472	4	6
594225	1	594224	2	3
594226	1	149473	1	2
594229	1	149476	1	2
594238	3	594237	3	6
594240	7	594239	1	8
594242	2	594241	8	10
594252	2	594251	4	6
594260	1	594259	4	5
594284	2	594283	3	5
594317	3	901971	31	34
594320	4	594319	3	7
594339	2	594338	1	3
594348	5	149547	6	11
594361	4	594360	2	6
594375	2	594374	1	3
594389	23	594388	2	25
594392	1	594391	1	2
594399	2	594398	1	3
594426	3	594425	1	4
594436	1	594435	1	2
594438	1	594437	1	2
594447	7	594446	2	9
594448	3	594445	3	6
594452	2	594451	3	5
594456	3	594455	6	9
594476	2	594475	2	4
594485	2	594484	1	3
594489	3	594488	2	5
594493	3	149720	2	5
594497	1	594496	3	4
594510	7	594509	1	8
594519	3	149747	2	5
594523	6	594521	8	14
594528	2	594527	3	5
594531	3	594530	2	5
594532	1	149759	2	3
594549	4	594548	7	11
594556	4	149778	2	6
594559	2	594558	3	5
594563	4	594562	12	16
594565	11	594564	5	16
594567	8	594566	3	11
594576	5	594575	2	7
594594	5	149816	1	6
594600	1	594599	1	2
594601	5	149822	4	9
594608	2	594607	2	4
594611	2	594610	3	5
594619	2	149831	1	3
594620	2	149832	2	4
594623	1	594622	2	3
594629	2	594628	2	4
594636	3	594635	12	15
594646	6	149853	6	12
594648	1	149857	3	4
594651	6	594650	2	8
594655	4	594654	3	7
594666	8	594665	4	12
594668	5	902127	3	8
594670	3	594669	5	8
594674	4	594673	6	10
594680	4	594679	2	6
594685	7	594684	4	11
594689	4	594688	5	9
594692	9	594691	2	11
594694	2	594693	2	4
594698	3	902136	2	5
594700	6	594699	2	8
594702	2	594701	3	5
594724	1	594723	1	2
594728	4	594727	3	7
594732	6	594731	6	12
594735	2	594734	1	3
594741	6	594740	7	13
594744	3	149906	6	9
594755	4	594754	6	10
594759	3	594758	5	8
594763	2	594762	3	5
594769	3	594768	6	9
594782	3	594781	5	8
594786	6	594785	6	12
594792	2	594791	3	5
594800	17	594799	2	19
594804	4	594803	3	7
594809	12	594808	2	14
594812	1	594810	1	2
594818	4	594817	5	9
594829	1	594828	4	5
594832	3	594831	6	9
594834	4	594833	4	8
594839	1	594838	3	4
594841	3	594840	12	15
594843	10	594842	3	13
594856	1	149967	1	2
594857	4	149969	3	7
594864	7	594863	4	11
594875	3	594874	2	5
594881	1	594880	7	8
594891	1	594890	46	47
594894	4	594893	8	12
594901	1	594900	3	4
594904	9	594903	5	14
594913	4	149987	5	9
594917	3	594916	4	7
594929	4	594928	1	5
594937	8	594936	7	15
594940	6	594939	2	8
594942	2	594941	3	5
594944	10	594943	6	16
594948	4	594947	5	9
594967	3	594966	1	4
594970	5	594969	10	15
594976	4	594975	4	8
594980	6	594979	2	8
594987	3	594986	11	14
594988	1	150033	3	4
595004	4	902237	4	8
595008	1	595007	6	7
595011	1	595010	5	6
595014	2	595013	2	4
595015	2	150044	2	4
595023	3	150048	1	4
595025	6	595024	10	16
595028	6	595027	1	7
595031	2	150051	2	4
595041	14	595040	3	17
595047	3	595046	5	8
595055	4	595054	11	15
595058	7	150073	2	9
595061	17	328450	3	20
595063	1	595062	3	4
595072	3	595071	9	12
595074	3	595073	5	8
595079	5	595078	14	19
595082	1	595081	12	13
595086	2	595085	4	6
595090	4	595089	6	10
595112	12	595111	3	15
595114	3	595113	1	4
595117	2	595116	2	4
595120	2	595119	8	10
595125	1	595124	2	3
595138	4	595137	13	17
595143	4	595142	2	6
595150	1	595149	4	5
595156	6	595155	1	7
595178	2	595177	5	7
595181	1	595180	7	8
595182	2	150154	4	6
595190	4	595189	6	10
595216	1	150173	3	4
595241	4	595240	4	8
595260	5	595259	4	9
595264	2	595263	5	7
595268	2	595267	1	3
595276	19	595275	1	20
595278	2	150219	6	8
595289	4	150234	7	11
595291	2	595290	2	4
595297	11	595296	5	16
595302	3	595301	4	7
595308	3	595307	3	6
595321	4	595320	2	6
595352	5	595351	1	6
595354	3	595353	3	6
595360	5	595359	10	15
595365	7	595364	5	12
595367	1	595366	3	4
595370	6	595369	1	7
595379	4	595378	8	12
595385	4	595384	5	9
595389	8	595388	1	9
595391	4	595390	10	14
595394	10	595393	3	13
595399	2	595398	4	6
595402	2	150316	1	3
595414	8	595413	4	12
595423	1	595422	4	5
595424	7	150328	6	13
595433	1	595432	4	5
595448	4	595447	4	8
595449	6	902410	5	11
595452	2	595451	3	5
595468	3	595467	4	7
595484	4	595483	3	7
595507	1	595506	3	4
595510	2	595509	1	3
595516	5	595515	1	6
595525	3	595524	4	7
595529	3	595528	1	4
595537	10	595536	4	14
595539	2	595538	6	8
595551	8	595550	9	17
595554	11	595553	9	20
595562	4	595561	7	11
595567	1	595566	3	4
595573	2	902449	4	6
595583	3	595582	2	5
595596	2	595595	6	8
595599	8	595598	4	12
595601	1	595600	4	5
595607	7	595606	2	9
595611	3	595610	1	4
595615	7	902474	5	12
595636	5	595635	5	10
595642	2	595641	1	3
595643	1	150479	5	6
595646	4	595645	1	5
595653	3	595652	5	8
595654	4	150486	3	7
595655	8	150487	1	9
595665	2	595664	4	6
595669	6	595668	2	8
595673	3	595672	2	5
595683	7	595682	3	10
595685	1	595684	3	4
595707	4	595706	2	6
595709	3	595708	2	5
595713	6	150532	3	9
595724	1	595723	3	4
595730	1	595729	1	2
595743	2	595742	4	6
595746	5	595745	10	15
595751	4	595750	4	8
595758	1	150581	7	8
595768	6	595767	2	8
595772	4	595771	7	11
595786	2	595785	4	6
595788	1	595787	1	2
595790	1	595789	1	2
595797	2	595796	3	5
595806	3	902540	1	4
595812	7	595811	2	9
595814	6	595813	2	8
595818	2	595817	6	8
595824	5	595823	1	6
595834	1	595833	1	2
595838	1	595837	3	4
595844	5	595843	5	10
595848	5	595847	1	6
595859	5	150642	1	6
595861	1	150669	5	6
595872	1	150678	1	2
595888	6	595887	9	15
595890	1	595889	7	8
595903	4	150718	2	6
595913	5	595912	3	8
595919	1	595918	2	3
595921	1	595920	5	6
595923	2	595922	8	10
595938	4	595937	2	6
595942	5	595941	3	8
595947	1	595946	2	3
595949	3	595948	2	5
595954	3	595953	5	8
595974	4	595973	2	6
595976	5	595975	3	8
595981	2	595980	4	6
595988	8	150794	6	14
595995	3	595994	5	8
595997	5	595996	4	9
596001	3	596000	6	9
596008	6	596007	6	12
596010	7	596009	3	10
596012	8	596011	2	10
596015	6	596014	1	7
596018	1	596017	4	5
596020	1	596019	9	10
596023	5	596022	3	8
596040	8	328614	5	13
596042	6	902634	3	9
596048	4	596047	1	5
596050	7	596049	7	14
596066	3	596065	4	7
596078	14	596077	4	18
596080	1	596079	1	2
596082	4	596081	6	10
596084	4	596083	8	12
596092	11	328622	1	12
596112	4	596111	4	8
596122	6	596121	3	9
596129	3	596128	1	4
596135	10	596134	6	16
596144	3	596143	3	6
596146	2	596145	6	8
596154	1	596153	2	3
596167	7	902698	3	10
596169	5	596168	7	12
596171	5	596170	2	7
596174	3	596173	5	8
596176	4	596175	4	8
596177	6	150925	1	7
596182	5	150933	2	7
596184	5	596183	4	9
596197	6	596196	6	12
596199	2	596198	2	4
596203	7	596202	6	13
596219	2	596218	13	15
596222	3	596221	23	26
596224	2	596223	2	4
596226	1	596225	2	3
596230	2	596229	3	5
596232	6	596231	3	9
596236	4	596235	4	8
596238	2	596237	1	3
596242	2	596241	2	4
596248	7	150964	2	9
596260	3	596259	10	13
596266	6	596265	4	10
596268	1	596267	5	6
596273	6	596272	10	16
596277	4	596276	3	7
596284	10	596283	6	16
596289	5	596288	2	7
596291	8	596290	5	13
596304	3	596303	4	7
596308	9	596307	8	17
596315	3	596314	3	6
596326	10	596325	40	50
596333	16	596332	6	22
596339	7	596338	3	10
596347	14	596346	8	22
596350	1	596349	2	3
596363	1	596362	3	4
596368	7	596367	8	15
596371	3	596370	12	15
596379	3	596378	4	7
596386	2	596385	9	11
596388	2	596387	6	8
596395	4	596394	7	11
596401	13	596400	6	19
596403	3	596402	7	10
596409	10	596408	10	20
596412	4	596411	3	7
596415	2	596414	3	5
596422	8	596421	8	16
596435	11	596434	3	14
596439	4	596438	2	6
596456	7	596455	14	21
596470	9	596469	3	12
596473	4	596472	4	8
596490	5	596489	5	10
596493	2	596492	7	9
596510	10	596509	9	19
596511	11	151048	4	15
596520	3	902824	4	7
596524	7	596523	6	13
596532	7	596531	9	16
596535	6	596534	9	15
596540	1	596539	8	9
596546	3	596545	7	10
596550	2	596549	3	5
596555	1	596554	5	6
596558	34	151069	2	36
596559	6	902841	3	9
596567	17	596566	6	23
596569	3	596568	8	11
596572	3	596571	9	12
596579	1	596578	7	8
596584	8	596583	3	11
596595	8	596594	7	15
596597	6	596596	9	15
596602	1	902847	5	6
596610	14	596609	7	21
596612	5	596611	8	13
596615	24	596614	5	29
596621	6	596620	5	11
596628	8	596627	9	17
596638	4	596637	3	7
596643	5	596642	3	8
596651	2	328700	2	4
596661	5	596660	2	7
596663	1	596662	3	4
596666	5	596665	12	17
596668	2	596667	1	3
596671	10	151106	7	17
596681	3	596680	5	8
596683	6	596682	10	16
596685	4	596684	9	13
596688	6	151113	1	7
596700	2	151118	6	8
596705	2	596704	4	6
596708	23	151131	11	34
596713	4	596712	2	6
596720	7	596719	9	16
596731	3	596730	3	6
596733	4	596732	9	13
596743	6	596742	14	20
596752	6	596751	2	8
596756	7	151153	2	9
596775	6	596774	2	8
596778	4	596777	1	5
596789	7	596788	3	10
596802	12	596801	3	15
596817	9	596816	3	12
596819	3	596818	1	4
596829	6	596828	3	9
596831	5	902924	6	11
596835	7	151206	4	11
596839	5	596838	8	13
596841	3	596840	21	24
596845	4	596844	5	9
596849	2	596848	12	14
596856	4	596855	2	6
596864	9	151216	2	11
596869	5	596868	1	6
596873	11	596872	3	14
596879	6	596878	10	16
596893	11	151249	7	18
596898	11	151251	19	30
596902	4	151260	2	6
596921	3	151273	5	8
596924	4	596923	3	7
596926	10	596925	13	23
596939	5	596938	4	9
596944	5	596943	11	16
596946	9	596945	4	13
596963	1	596962	5	6
596967	5	596966	8	13
596983	7	596982	5	12
596986	10	596985	5	15
597000	4	596999	15	19
597014	11	597013	7	18
597021	1	151309	3	4
597023	3	597022	2	5
597028	5	597027	3	8
597030	1	597029	25	26
597033	7	597032	3	10
597038	3	597037	4	7
597045	8	597044	6	14
597059	6	597058	4	10
597065	5	597064	20	25
597074	1	597073	3	4
597078	3	597077	2	5
597082	5	597081	3	8
597084	3	597083	5	8
597098	5	597097	5	10
597101	4	597100	1	5
597104	6	597103	8	14
597105	4	151368	2	6
597110	16	597109	10	26
597113	4	597112	7	11
597126	4	597125	4	8
597130	2	597129	11	13
597131	7	151388	7	14
597138	6	597137	8	14
597140	6	597139	11	17
597147	1	597146	5	6
597172	18	597171	8	26
597182	5	597181	11	16
597187	9	597186	11	20
597189	8	597188	4	12
597192	8	597191	5	13
597196	7	328793	5	12
597206	11	597205	4	15
597211	14	597210	5	19
597213	11	597212	5	16
597221	2	597220	3	5
597223	5	597222	3	8
597232	9	151414	2	11
597234	2	597233	11	13
597235	6	151415	4	10
597237	12	597236	4	16
597239	6	597238	10	16
597241	3	597240	6	9
597245	9	597244	16	25
597254	1	597253	4	5
597256	10	597255	17	27
597258	4	597257	5	9
597270	7	151419	4	11
597272	3	597271	10	13
597276	6	597275	9	15
597281	24	597280	5	29
597286	15	597285	5	20
597293	2	597292	2	4
597300	5	597299	7	12
597302	2	328806	11	13
597306	5	597305	1	6
597310	2	597309	4	6
597316	3	597315	1	4
597318	5	597317	11	16
597323	6	597322	3	9
597326	2	597325	2	4
597330	2	597329	3	5
597334	4	151435	1	5
597343	5	597342	3	8
597347	13	597346	5	18
597349	2	597348	1	3
597356	1	597355	8	9
597360	5	597359	7	12
597366	13	597365	2	15
597369	6	597368	5	11
597371	1	597370	2	3
597376	3	597375	5	8
597383	2	597382	2	4
597390	12	597389	6	18
597395	3	597394	8	11
597400	3	597399	12	15
597407	8	597406	8	16
597409	4	597408	5	9
597415	3	597414	10	13
597417	10	597416	4	14
597421	4	597420	2	6
597424	4	597423	10	14
597425	5	903194	1	6
597444	2	597443	6	8
597456	1	597455	1	2
597465	8	597464	11	19
597469	7	597468	2	9
597471	26	597470	1	27
597473	9	597472	9	18
597475	1	903210	9	10
597477	11	597476	6	17
597482	1	597481	5	6
597487	8	597486	9	17
597490	3	597489	1	4
597505	1	597504	4	5
597509	7	597508	4	11
597512	2	597511	4	6
597520	12	597519	2	14
597523	7	597522	4	11
597528	6	597527	3	9
597530	9	597529	17	26
597534	4	597533	10	14
597545	2	597544	3	5
597549	11	903234	2	13
597555	1	597554	3	4
597557	3	597556	4	7
597560	2	597559	3	5
597566	4	597565	8	12
597568	6	597567	3	9
597575	7	597574	6	13
597578	7	597577	2	9
597593	5	597592	9	14
597601	12	597600	28	40
597605	2	328844	1	3
597607	11	597606	2	13
597612	4	597611	9	13
597615	7	597614	5	12
597620	8	597619	9	17
597622	6	151538	4	10
597626	11	597625	3	14
597628	5	597627	10	15
597630	16	597629	5	21
597639	4	597638	5	9
597643	5	597642	2	7
597647	10	597646	5	15
597662	10	597661	4	14
597668	3	597667	8	11
597671	7	597670	7	14
597675	6	597674	6	12
597677	6	597676	2	8
597683	14	597682	9	23
597695	7	597694	7	14
597696	7	903281	5	12
597708	11	597707	2	13
597710	2	151555	6	8
597717	3	597716	8	11
597724	6	903285	7	13
597731	3	597730	3	6
597756	7	597755	9	16
597764	2	597763	10	12
597770	5	597769	3	8
597775	12	597774	5	17
597779	1	597778	4	5
597791	5	597790	3	8
597797	8	597796	2	10
597801	7	597800	7	14
597804	4	597803	8	12
597812	11	597811	6	17
597815	2	597814	12	14
597828	1	597827	3	4
597838	10	328860	6	16
597846	5	597845	9	14
597854	5	328861	2	7
597860	2	597859	5	7
597862	5	597861	7	12
597874	10	597873	11	21
597878	11	597877	4	15
597881	4	597879	7	11
597884	14	597883	8	22
597888	4	903343	4	8
597890	3	597889	3	6
597895	1	597894	5	6
597899	1	151615	13	14
597905	1	597904	15	16
597917	4	597916	7	11
597922	1	597921	18	19
597927	3	597926	4	7
597934	3	597933	3	6
597938	4	328870	6	10
597951	8	597950	5	13
597953	6	597952	9	15
597956	11	597955	10	21
597972	7	597971	10	17
597981	4	597980	3	7
597983	2	597982	2	4
598017	8	598016	1	9
598021	4	598020	7	11
598038	6	598037	15	21
598046	3	151701	5	8
598055	5	598054	3	8
598058	9	151715	13	22
598069	9	598068	7	16
598071	8	598070	11	19
598078	12	598077	18	30
598080	7	598079	4	11
598084	6	598083	12	18
598086	8	598085	8	16
598090	6	598089	2	8
598096	3	598095	3	6
598098	5	598097	4	9
598109	3	598108	4	7
598114	6	598113	6	12
598118	4	598117	3	7
598127	6	598126	3	9
598139	5	598138	5	10
598144	14	598143	5	19
598146	9	598145	4	13
598154	10	598153	5	15
598175	3	598174	5	8
598177	9	598176	5	14
598179	5	598178	5	10
598183	8	903450	7	15
598184	8	151741	5	13
598186	4	598185	2	6
598190	7	598189	2	9
598195	9	598194	5	14
598202	30	598201	16	46
598208	8	598207	7	15
598217	13	598216	2	15
598225	6	151762	2	8
598229	1	598228	4	5
598239	5	598238	6	11
598244	2	598243	6	8
598250	6	598249	7	13
598259	4	151771	1	5
598297	12	903508	7	19
598300	1	598299	5	6
598302	7	598301	9	16
598305	5	598304	4	9
598315	13	598314	17	30
598333	12	598332	4	16
598342	2	598341	14	16
598358	32	598357	13	45
598363	3	598362	1	4
598367	5	598366	10	15
598368	11	151833	9	20
598370	10	598369	3	13
598376	16	598375	9	25
598379	11	598378	11	22
598386	26	328949	14	40
598398	2	598397	11	13
598423	16	598422	1	17
598429	8	598428	23	31
598442	12	598441	5	17
598444	1	598443	10	11
598459	6	598458	6	12
598463	11	598462	7	18
598465	1	598464	2	3
598467	7	598466	9	16
598469	21	598468	11	32
598473	3	151884	5	8
598476	2	598475	8	10
598498	4	598497	23	27
598504	7	598503	7	14
598512	3	598511	6	9
598518	5	598517	5	10
598528	4	598527	12	16
598548	7	903642	3	10
598550	8	328990	6	14
598554	13	598553	7	20
598556	1	598555	4	5
598567	10	598566	10	20
598570	2	598569	2	4
598590	9	598589	3	12
598617	6	598616	3	9
598632	10	598631	14	24
598636	7	598635	1	8
598644	1	598643	7	8
598646	10	598645	13	23
598649	4	151990	2	6
598652	8	598651	4	12
598657	6	329012	12	18
598683	31	598682	3	34
598693	7	598692	2	9
598696	15	598695	10	25
598731	5	598730	3	8
598733	4	598732	8	12
598739	3	598738	3	6
598748	8	903720	8	16
598754	4	598753	3	7
598757	6	598756	7	13
598761	3	598760	6	9
598771	12	598770	8	20
598773	7	598772	7	14
598785	12	152059	2	14
598789	10	598788	18	28
598805	4	598804	2	6
598812	2	598811	13	15
598816	6	598815	6	12
598830	8	598829	16	24
598833	8	598832	12	20
598846	7	598845	13	20
598857	10	598856	6	16
598859	29	598858	13	42
598868	12	598867	6	18
598871	9	598870	3	12
598888	9	598887	12	21
598891	13	598890	11	24
598902	2	598901	4	6
598910	5	598909	9	14
598916	10	598915	10	20
598920	1	598919	10	11
598925	14	598924	9	23
598931	21	598930	11	32
598937	3	598936	11	14
598942	2	598941	9	11
598944	9	598943	14	23
598953	8	598952	6	14
598955	11	598954	3	14
598960	2	598959	6	8
598967	12	598966	7	19
598969	8	903806	8	16
598975	7	152130	12	19
598977	6	598976	10	16
598979	7	598978	2	9
599002	7	599001	1	8
599006	3	152148	3	6
599010	4	599009	3	7
599024	1	599023	4	5
599036	7	903844	2	9
599038	6	903845	6	12
599048	13	903852	5	18
599054	3	599053	9	12
599057	28	599056	6	34
599059	3	599058	10	13
599063	6	599062	4	10
599065	1	599064	6	7
599075	3	599074	8	11
599085	4	599084	4	8
599087	12	599086	1	13
599093	11	599092	10	21
599101	4	599100	9	13
599118	1	903886	13	14
599129	5	599128	10	15
599132	12	599131	7	19
599136	9	599135	6	15
599138	2	599137	6	8
599153	10	599152	9	19
599161	2	599160	5	7
599165	5	599164	5	10
599177	12	152229	1	13
599189	4	599188	12	16
599201	1	329083	10	11
599237	8	903940	7	15
599248	7	599247	13	20
599251	8	599250	4	12
599262	3	599261	7	10
599268	10	599267	2	12
599270	3	599269	3	6
599272	5	599271	6	11
599275	9	903952	1	10
599278	6	599277	5	11
599284	4	599283	4	8
599300	12	599299	7	19
599304	7	599303	13	20
599337	11	599336	8	19
599344	8	599343	14	22
599360	6	599359	24	30
599362	18	903989	4	22
599371	29	599370	13	42
599384	7	599383	11	18
599389	7	599388	7	14
599394	23	599393	6	29
599420	4	599419	4	8
599442	31	152363	4	35
599444	3	599443	4	7
599446	6	599445	3	9
599477	7	599476	7	14
599485	13	599484	14	27
599488	9	599487	11	20
599490	21	152409	9	30
599491	1	599486	1	2
599493	13	904029	6	19
599500	1	599499	4	5
599506	7	599505	14	21
599512	7	152424	5	12
599532	2	599530	3	5
599567	1	599566	3	4
599571	31	599570	14	45
599604	28	599603	12	40
599670	8	599668	8	16
599676	17	329179	21	38
599678	17	599677	49	66
599696	5	599695	3	8
599708	8	599707	11	19
599738	6	599737	7	13
599749	13	599748	11	24
599753	6	599752	6	12
599761	3	599760	1	4
599777	3	599776	5	8
599787	4	152528	1	5
599795	9	599794	5	14
599820	9	599819	49	58
599823	17	152552	2	19
599834	6	599833	3	9
599850	22	599849	1	23
599855	2	599854	2	4
599864	6	599863	10	16
599884	6	599883	7	13
599905	2	152602	7	9
599913	9	904226	12	21
599930	7	599929	10	17
599937	1	599936	8	9
599946	3	599945	22	25
599956	5	599955	16	21
599965	5	599964	2	7
599970	6	599969	4	10
599973	2	599972	5	7
599978	8	599977	4	12
599980	19	599979	1	20
599984	2	599983	7	9
599992	12	599991	10	22
600008	9	152680	6	15
600013	4	600012	3	7
600018	3	600017	3	6
600026	5	600025	3	8
600028	2	600027	6	8
600036	33	152693	2	35
600040	12	600039	16	28
600055	4	600054	16	20
600062	15	904283	4	19
600073	11	600072	14	25
600091	8	600090	9	17
600123	4	600122	3	7
600125	3	600124	5	8
600134	3	600133	8	11
600139	9	152755	5	14
600154	19	600153	13	32
600157	5	600156	2	7
600162	7	600161	11	18
600170	3	600169	1	4
600172	1	600171	1	2
600207	8	600206	14	22
600236	8	600235	10	18
600242	8	600241	6	14
600262	7	600261	4	11
600265	4	152817	2	6
600270	4	600269	2	6
600272	2	600271	12	14
600276	7	600275	11	18
600286	8	600285	15	23
600288	10	152823	10	20
600315	6	904399	5	11
600317	2	600316	3	5
600321	7	600320	11	18
600325	3	152842	3	6
600329	8	600328	8	16
600344	1	600343	1	2
600355	11	600354	2	13
600376	9	600375	8	17
600379	1	600378	2	3
600387	3	600386	7	10
600409	1	600408	2	3
600421	8	600420	4	12
600423	7	600422	7	14
600430	13	600429	3	16
600432	8	600431	6	14
600439	8	600438	6	14
600453	4	600452	2	6
600459	2	600458	4	6
600466	2	600465	3	5
600470	41	600469	17	58
600487	4	600486	3	7
600507	4	152955	7	11
600511	6	600510	12	18
600526	7	600525	4	11
600528	3	600527	1	4
600538	5	152973	7	12
600542	1	600541	6	7
600545	3	600544	2	5
600548	6	600547	14	20
600550	1	600549	4	5
600553	3	600552	7	10
600570	3	600569	10	13
600579	9	600578	12	21
600586	7	600585	6	13
600598	5	600597	1	6
600610	1	600609	3	4
600628	3	600627	1	4
600636	1	600635	6	7
600641	10	600640	4	14
600644	10	329358	3	13
600657	1	600656	3	4
600672	1	600671	2	3
600682	2	600681	1	3
600684	2	600683	1	3
600688	12	600687	4	16
600714	5	600713	1	6
600717	1	600716	3	4
600719	4	600718	2	6
600727	5	600726	1	6
600729	2	600728	2	4
600747	1	600746	2	3
600754	6	600753	6	12
600763	1	600762	24	25
600766	3	600765	4	7
600768	3	600767	5	8
600778	2	600777	3	5
600784	3	600783	50	53
600787	1	600786	1	2
600810	3	329372	1	4
600821	2	600820	62	64
600839	3	600838	5	8
600845	3	904603	3	6
600850	5	600849	17	22
600852	3	600851	2	5
600853	4	153107	1	5
600855	39	600854	61	100
600869	2	600868	1	3
600881	2	600880	8	10
600898	2	600897	1	3
600907	5	600906	1	6
600910	4	600909	7	11
600922	1	600921	1	2
600929	4	600928	4	8
600931	2	600930	4	6
600937	3	600936	4	7
600940	12	600939	8	20
600945	5	600944	4	9
600951	1	600950	5	6
600955	1	600954	5	6
600958	4	153170	3	7
600967	2	600966	4	6
600969	7	600968	9	16
600975	6	600974	6	12
600983	6	600982	1	7
600985	9	329399	7	16
600990	17	600989	5	22
600992	2	600991	2	4
601001	4	601000	6	10
601004	5	601003	5	10
601009	5	601008	3	8
601012	9	601011	1	10
601017	5	153214	1	6
601023	8	153216	2	10
601026	4	601025	1	5
601029	2	153218	6	8
601036	9	601035	4	13
601038	2	601037	3	5
601045	3	601044	1	4
601047	2	601046	4	6
601053	4	601052	5	9
601057	5	601056	6	11
601061	5	601060	5	10
601062	2	904673	8	10
601064	6	904674	8	14
601072	3	601071	9	12
601077	7	601076	7	14
601083	1	601082	5	6
601087	5	601086	10	15
601096	6	601095	4	10
601102	9	601101	8	17
601112	4	601111	2	6
601116	2	601115	1	3
601118	2	601117	1	3
601121	6	601120	3	9
601123	2	601122	8	10
601138	7	601137	12	19
601140	9	601139	8	17
601147	3	601146	5	8
601151	9	601150	2	11
601169	8	153303	3	11
601174	6	601173	7	13
601175	7	153308	2	9
601191	3	153322	2	5
601198	1	153330	5	6
601202	2	329429	1	3
601205	6	601204	6	12
601210	2	601209	1	3
601215	3	601214	5	8
601217	1	601216	2	3
601220	7	601219	4	11
601221	4	153340	4	8
601224	4	601223	4	8
601234	4	601233	9	13
601239	11	601238	3	14
601257	14	601256	5	19
601268	4	601267	12	16
601273	3	601272	3	6
601278	2	601277	1	3
601280	7	153388	5	12
601284	5	601283	1	6
601291	3	601290	3	6
601305	4	601304	1	5
601307	3	601306	4	7
601310	3	601309	3	6
601316	5	601315	2	7
601320	3	601319	6	9
601322	7	601321	1	8
601338	3	904778	7	10
601352	6	601351	9	15
601359	3	601358	2	5
601381	2	601378	5	7
601384	14	601383	5	19
601387	10	601386	6	16
601389	6	601388	10	16
601391	13	601390	1	14
601405	7	601404	7	14
601407	1	153440	2	3
601416	2	601415	2	4
601418	3	601417	27	30
601420	13	601419	6	19
601422	1	601421	4	5
601424	6	601423	6	12
601433	3	601432	8	11
601442	6	153469	4	10
601450	9	601449	5	14
601457	5	601456	4	9
601459	2	601458	10	12
601462	6	601461	3	9
601465	6	153488	1	7
601468	3	601467	8	11
601473	6	601472	7	13
601475	6	601474	4	10
601479	9	601478	5	14
601482	2	601481	8	10
601485	8	601484	1	9
601491	6	601490	8	14
601493	2	904825	4	6
601494	5	153492	3	8
601499	4	601498	6	10
601501	8	601500	4	12
601505	6	601504	11	17
601510	6	601509	5	11
601513	5	153504	2	7
601535	7	601534	3	10
601537	1	601536	1	2
601542	5	601541	6	11
601546	4	601545	3	7
601550	1	601549	4	5
601554	3	601553	8	11
601558	8	601557	7	15
601563	9	153518	3	12
601566	7	601565	9	16
601568	5	601567	5	10
601573	5	153521	4	9
601577	9	601576	4	13
601587	3	601586	2	5
601603	2	601602	4	6
601607	2	601606	7	9
601611	5	601610	13	18
601625	14	601624	8	22
601634	2	601633	4	6
601638	7	329481	3	10
601642	20	601641	7	27
601655	15	601654	1	16
601666	4	601665	5	9
601685	6	601684	4	10
601689	5	601688	2	7
601692	4	601691	7	11
601695	3	601694	9	12
601720	1	601719	6	7
601725	13	601724	5	18
601729	4	153611	11	15
601733	10	601732	2	12
601739	5	601738	5	10
601773	14	601772	8	22
601786	1	153638	10	11
601790	4	601789	3	7
601801	5	153648	11	16
601814	2	329509	5	7
601818	11	601817	5	16
601820	2	601819	7	9
601847	3	601846	3	6
601851	4	601850	3	7
601859	5	153681	12	17
601876	12	153689	10	22
601879	7	601878	9	16
601886	5	601885	7	12
601897	4	601896	5	9
601901	4	601900	4	8
601910	10	601909	2	12
601911	4	153715	2	6
601913	1	601912	2	3
601914	5	153717	2	7
601917	1	601916	10	11
601922	4	601921	7	11
601924	3	601923	5	8
601926	1	601925	8	9
601928	4	601927	5	9
601930	2	601929	6	8
601936	8	601935	3	11
601940	4	601939	5	9
601947	6	601946	6	12
601950	4	601949	10	14
601952	8	601951	7	15
601957	1	601956	1	2
601958	4	153732	4	8
601962	2	601961	2	4
601966	3	601965	2	5
601987	2	601986	6	8
602002	3	602001	10	13
602008	1	153755	4	5
602010	3	602009	4	7
602012	2	602011	7	9
602014	1	602013	8	9
602020	5	602019	2	7
602021	2	153760	1	3
602026	3	602025	3	6
602030	3	602029	11	14
602040	4	602039	1	5
602045	6	602044	7	13
602055	1	602054	3	4
602069	5	602068	4	9
602073	2	602072	13	15
602075	7	602074	3	10
602077	3	602076	4	7
602079	17	602078	4	21
602114	82	153794	3	85
602115	1	153797	1	2
602119	8	602118	3	11
602121	10	602120	14	24
602124	31	602123	6	37
602133	8	602132	4	12
602137	5	153806	3	8
602140	4	602139	2	6
602146	3	602145	4	7
602152	12	602150	2	14
602154	1	602153	11	12
602156	2	602155	6	8
602165	1	602164	1	2
602168	3	602167	3	6
602177	1	602176	3	4
602179	4	602178	2	6
602185	9	602184	1	10
602189	2	602188	7	9
602193	5	602192	11	16
602202	3	602201	3	6
602205	6	602204	3	9
602208	3	602207	3	6
602211	4	602210	3	7
602221	8	602220	3	11
602224	2	602223	6	8
602227	6	602226	4	10
602243	16	602242	5	21
602245	1	602244	6	7
602258	2	602257	7	9
602261	3	602260	1	4
602271	2	602270	4	6
602283	9	329554	6	15
602288	4	602287	2	6
602295	5	602294	2	7
602296	7	1059418	1	8
602301	1	153847	3	4
602303	3	602302	2	5
602308	1	602307	18	19
602311	6	602310	6	12
602312	7	905100	11	18
602316	4	602315	4	8
602318	6	602317	12	18
602321	6	602320	6	12
602323	7	602322	2	9
602325	3	602324	4	7
602329	3	602328	2	5
602332	10	602331	3	13
602354	1	602353	1	2
602356	3	602355	5	8
602358	3	602357	8	11
602365	7	602364	12	19
602367	1	602366	3	4
602371	13	602370	2	15
602385	2	153887	1	3
602389	2	602388	6	8
602391	2	602390	2	4
602399	3	602398	2	5
602403	1	602402	1	2
602407	5	602406	3	8
602410	1	602409	11	12
602413	5	602412	6	11
602422	8	602421	20	28
602426	4	602425	7	11
602427	8	153917	10	18
602436	4	602435	5	9
602443	7	602442	5	12
602446	3	602445	3	6
602463	1	602462	2	3
602466	3	602465	2	5
602469	5	602468	2	7
602471	1	602470	2	3
602473	6	602472	7	13
602477	6	602476	7	13
602486	4	153932	1	5
602490	5	602489	5	10
602496	8	602495	5	13
602499	6	602498	8	14
602503	4	602502	3	7
602505	8	153940	1	9
602511	2	329572	3	5
602513	4	602512	6	10
602518	8	602517	2	10
602525	4	602524	3	7
602536	4	602535	14	18
602545	3	602544	8	11
602549	12	602548	12	24
602551	9	602550	14	23
602554	11	602553	1	12
602556	1	153946	3	4
602564	6	602563	11	17
602569	5	602568	20	25
602576	2	602575	4	6
602583	2	602582	4	6
602598	7	602597	1	8
602606	2	602605	5	7
602608	9	602607	2	11
602610	6	602609	8	14
602621	2	602620	10	12
602630	2	602629	3	5
602641	16	602640	8	24
602643	6	602642	2	8
602650	10	602649	5	15
602672	4	153991	3	7
602674	1	602673	3	4
602679	3	602678	2	5
602685	3	602684	5	8
602691	11	602690	4	15
602692	11	905242	8	19
602694	9	602693	3	12
602697	2	905244	31	33
602704	2	602703	7	9
602718	5	602717	6	11
602720	13	602719	4	17
602722	4	602721	5	9
602727	9	602726	13	22
602729	2	602728	6	8
602732	9	602731	2	11
602750	8	602749	8	16
602752	4	602751	6	10
602759	1	602758	1	2
602764	5	602763	8	13
602768	3	602767	10	13
602782	3	602781	3	6
602787	2	602786	3	5
602789	4	602788	4	8
602796	6	602795	5	11
602800	9	154048	4	13
602806	3	602805	4	7
602808	2	602807	9	11
602811	6	602810	4	10
602819	1	602818	4	5
602821	6	602820	5	11
602823	14	602822	6	20
602826	15	602825	5	20
602834	6	602833	6	12
602839	3	602838	4	7
602842	1	602841	2	3
602844	4	602843	5	9
602847	7	602846	2	9
602851	2	602850	2	4
602857	2	602856	4	6
602864	37	602863	2	39
602866	7	602865	5	12
602870	4	602869	8	12
602874	3	602873	8	11
602879	15	602878	6	21
602882	11	602881	2	13
602893	14	602892	15	29
602896	4	602895	9	13
602904	4	602903	7	11
602909	8	602908	6	14
602912	8	602911	4	12
602927	12	602926	4	16
602929	3	602928	9	12
602931	4	602930	6	10
602935	4	602934	5	9
602946	3	602945	1	4
602954	3	602953	6	9
602964	5	602963	13	18
602971	2	602970	2	4
602974	2	154127	1	3
602983	8	905355	4	12
602991	11	602990	11	22
602992	3	154137	4	7
602995	5	602994	7	12
602997	8	602996	1	9
603002	7	603001	7	14
603005	3	603004	8	11
603021	1	603020	4	5
603026	3	603025	1	4
603028	7	154149	2	9
603034	5	603033	5	10
603036	5	603035	8	13
603040	6	154160	2	8
603045	2	603044	8	10
603049	4	603048	2	6
603051	2	603050	4	6
603054	11	603053	2	13
603056	2	603055	2	4
603057	7	154165	7	14
603061	5	603060	4	9
603067	2	603066	7	9
603070	3	603069	2	5
603081	4	603080	8	12
603090	3	603089	3	6
603099	2	603098	2	4
603104	12	603103	6	18
603106	5	603105	3	8
603112	6	603111	14	20
603124	15	603123	2	17
603125	7	154181	2	9
603126	1	905410	1	2
603134	7	603133	2	9
603141	6	603140	5	11
603148	5	603147	5	10
603154	7	603153	5	12
603158	33	154200	1	34
603165	3	603164	3	6
603169	5	603168	1	6
603171	3	154222	4	7
603176	3	603175	7	10
603180	6	603179	4	10
603184	5	603183	3	8
603188	11	603187	4	15
603198	1	603197	5	6
603208	4	603207	1	5
603214	2	603213	1	3
603222	8	603221	5	13
603228	4	603227	2	6
603241	5	603240	6	11
603246	2	603245	1	3
603250	3	603249	1	4
603256	4	603255	12	16
603258	1	603257	6	7
603260	4	603259	4	8
603262	3	603261	4	7
603283	3	603282	3	6
603295	4	603294	5	9
603304	9	603303	11	20
603314	4	603313	5	9
603359	18	154338	12	30
603361	14	603360	21	35
603365	26	603364	6	32
603374	10	603373	6	16
603385	10	603384	11	21
603390	6	603389	15	21
603394	7	603393	22	29
603442	14	154354	16	30
603459	3	603458	1	4
603467	4	905556	3	7
603486	6	603485	7	13
603493	2	603492	3	5
603503	6	603502	3	9
603507	9	603506	8	17
603517	2	603516	7	9
603525	7	603524	6	13
603529	7	603528	1	8
603533	4	603532	4	8
603535	3	603534	2	5
603537	3	603536	5	8
603539	2	603538	5	7
603545	11	603544	9	20
603549	7	603548	2	9
603558	4	603557	2	6
603565	3	603564	8	11
603570	2	603569	16	18
603572	12	603571	8	20
603574	17	603573	14	31
603583	6	603581	30	36
603591	8	603590	5	13
603597	5	603596	5	10
603599	3	603598	6	9
603609	4	603608	4	8
603617	5	603616	5	10
603621	1	603620	5	6
603629	6	603628	5	11
603632	3	603631	9	12
603635	7	603634	1	8
603637	2	603636	7	9
603644	1	603643	4	5
603664	3	603663	4	7
603668	7	603667	5	12
603673	9	603672	5	14
603682	4	603681	1	5
603686	8	329723	5	13
603690	6	603689	4	10
603692	6	603691	8	14
603694	7	603693	3	10
603697	7	603696	2	9
603700	1	603699	5	6
603711	6	603710	4	10
603724	10	154540	6	16
603725	10	905654	1	11
603729	3	603728	5	8
603736	4	603735	3	7
603741	3	603740	4	7
603744	2	603743	3	5
603763	3	603762	2	5
603766	5	603765	8	13
603771	5	603770	2	7
603776	60	603775	10	70
603786	3	603785	9	12
603788	13	603787	4	17
603790	2	603789	3	5
603792	5	603791	60	65
603796	5	603795	3	8
603799	8	603798	4	12
603802	8	603801	3	11
603807	11	329741	4	15
603811	5	603810	3	8
603829	5	603828	5	10
603845	3	154588	4	7
603856	1	603855	5	6
603857	2	905713	5	7
603864	4	154607	2	6
603871	5	603870	3	8
603874	1	603873	4	5
603877	5	603876	3	8
603880	8	603879	10	18
603893	6	154625	1	7
603897	3	603896	5	8
603905	1	603904	3	4
603912	4	603911	5	9
603917	1	603916	4	5
603923	3	603922	3	6
603934	4	603933	3	7
603935	2	329766	1	3
603937	3	603936	4	7
603942	5	603941	6	11
603948	1	603947	1	2
603962	4	603961	8	12
603970	1	603969	1	2
603972	5	603971	1	6
603974	3	603973	2	5
603988	5	603987	13	18
603993	1	603992	2	3
603995	3	603994	2	5
604000	3	603999	4	7
604006	5	604005	2	7
604012	7	604011	1	8
604019	3	604018	4	7
604020	5	329781	3	8
604022	1	604021	3	4
604025	1	604024	3	4
604038	2	604037	5	7
604040	3	604039	2	5
604056	15	604055	1	16
604058	1	604057	5	6
604062	2	604061	2	4
604077	2	329798	1	3
604084	4	604083	3	7
604088	7	604087	1	8
604089	2	154744	3	5
604096	11	154747	6	17
604098	1	604097	8	9
604105	1	604104	1	2
604108	2	604107	3	5
604114	5	604113	4	9
604139	5	604138	2	7
604141	3	604140	2	5
604155	8	604154	5	13
604165	4	604164	3	7
604167	6	329813	10	16
604170	8	604169	4	12
604177	1	604176	4	5
604179	9	604178	2	11
604182	2	604181	3	5
604191	7	604190	5	12
604194	1	604193	3	4
604196	2	604195	4	6
604201	7	604200	11	18
604204	10	604203	8	18
604207	6	604206	8	14
604229	3	604228	6	9
604235	2	604234	8	10
604239	12	604238	13	25
604241	1	604240	2	3
604243	1	604242	2	3
604245	22	604244	3	25
604250	1	604249	5	6
604254	2	604253	5	7
604255	2	154870	2	4
604266	5	604265	5	10
604272	13	604271	4	17
604276	1	604275	1	2
604281	5	154891	5	10
604283	4	604282	2	6
604285	3	905865	8	11
604289	2	604288	8	10
604294	3	604293	2	5
604310	1	604309	4	5
604313	3	604312	8	11
604317	6	604316	5	11
604323	4	604322	2	6
604331	3	604330	3	6
604334	5	604333	6	11
604336	2	604335	3	5
604339	5	604338	1	6
604346	4	604345	1	5
604347	2	154957	3	5
604349	4	604348	7	11
604355	5	604354	2	7
604365	1	154973	2	3
604372	2	329850	2	4
604378	5	604377	7	12
604390	2	604389	1	3
604397	5	604396	1	6
604419	3	604418	3	6
604437	7	604436	1	8
604448	2	604447	3	5
604460	4	604459	7	11
604464	7	604463	5	12
604469	3	155036	4	7
604476	5	604475	2	7
604478	3	604477	1	4
604481	3	905943	2	5
604487	3	604486	2	5
604494	3	604493	1	4
604503	9	604502	4	13
604514	2	604513	6	8
604517	4	604516	1	5
604534	2	604533	2	4
604539	2	155068	2	4
604545	9	604544	4	13
604562	6	604561	3	9
604571	1	604570	3	4
604576	7	604575	5	12
604579	9	604578	6	15
604582	13	155106	3	16
604583	2	1060099	5	7
604585	2	604584	2	4
604587	4	604586	2	6
604591	6	604590	5	11
604608	2	155109	3	5
604613	4	604612	7	11
604621	9	604620	4	13
604626	8	604625	9	17
604628	5	604627	2	7
604630	6	155126	1	7
604637	5	604636	2	7
604639	8	604638	3	11
604650	2	604649	5	7
604655	3	604654	2	5
604659	2	155137	2	4
604671	5	604670	2	7
604680	11	604679	3	14
604691	7	604690	14	21
604707	5	604706	4	9
604709	4	604708	1	5
604715	5	604714	1	6
604718	2	604717	6	8
604726	2	604725	6	8
604740	1	155177	1	2
604742	1	604741	1	2
604744	2	604743	5	7
604749	3	604748	4	7
604753	2	604752	2	4
604773	4	604772	7	11
604780	2	604779	2	4
604782	2	604781	3	5
604786	6	604785	3	9
604788	5	604787	2	7
604791	3	604790	1	4
604798	4	604797	3	7
604806	8	604805	5	13
604810	1	604809	5	6
604816	3	604815	2	5
604821	2	604820	3	5
604824	2	604823	3	5
604826	1	604825	3	4
604828	3	906065	1	4
604834	9	604833	7	16
604845	1	604844	2	3
604857	5	604856	1	6
604860	3	604859	11	14
604872	2	604871	2	4
604876	6	604875	2	8
604878	6	604877	4	10
604881	4	604880	3	7
604888	2	604887	2	4
604890	3	604889	8	11
604900	4	604899	2	6
604904	1	155279	2	3
604908	2	604907	1	3
604910	3	604909	3	6
604912	4	604911	3	7
604917	1	604916	2	3
604919	2	604918	5	7
604920	2	906091	9	11
604929	4	155289	1	5
604931	2	604930	4	6
604934	8	604933	5	13
604947	2	604946	2	4
604950	3	604949	3	6
604958	1	604957	2	3
604961	4	155313	7	11
604963	2	604962	3	5
604966	2	155317	4	6
604971	1	604970	3	4
604983	3	906114	3	6
604988	8	604987	6	14
604994	8	604993	4	12
604996	3	604995	9	12
605003	9	605002	4	13
605012	4	605011	1	5
605017	1	605016	2	3
605020	4	605019	2	6
605027	1	605026	2	3
605029	6	605028	5	11
605042	1	605041	2	3
605049	1	605048	7	8
605068	3	605067	2	5
605070	3	605069	3	6
605076	1	605075	6	7
605085	2	605084	1	3
605087	1	605086	6	7
605089	5	605088	8	13
605092	9	605091	10	19
605096	3	605095	3	6
605099	6	329933	7	13
605103	4	605102	6	10
605104	14	155404	7	21
605116	4	605115	6	10
605125	2	906175	1	3
605127	2	605126	3	5
605132	3	605131	11	14
605137	2	605136	11	13
605138	4	155430	4	8
605141	3	605140	4	7
605159	1	605158	10	11
605161	4	605160	7	11
605164	10	605163	16	26
605169	2	605168	2	4
605178	3	605177	5	8
605182	4	605181	1	5
605185	2	605184	2	4
605187	3	906196	7	10
605188	3	155470	2	5
605206	16	605205	1	17
605214	5	155497	2	7
605222	8	605221	8	16
605232	5	906216	2	7
605244	2	605243	2	4
605250	10	605249	15	25
605257	3	605256	6	9
605263	1	155533	1	2
605268	2	605267	5	7
605271	2	605270	6	8
605274	4	605273	3	7
605282	4	605281	6	10
605284	5	605283	5	10
605286	2	605285	9	11
605307	3	605306	2	5
605315	1	605314	2	3
605316	1	605313	3	4
605339	1	605338	3	4
605349	6	605348	2	8
605350	4	155581	1	5
605364	2	605363	5	7
605369	1	605368	1	2
605370	1	155608	1	2
605379	1	605378	1	2
605388	4	605387	3	7
605390	3	605389	2	5
605392	1	605391	2	3
605404	4	605403	2	6
605409	8	605408	6	14
605417	8	605416	6	14
605419	3	605418	8	11
605428	1	605427	3	4
605445	2	155653	3	5
605451	2	605450	6	8
605458	2	605457	10	12
605467	4	605466	2	6
605469	5	605468	4	9
605482	6	605481	3	9
605484	5	906316	8	13
605486	5	605485	1	6
605488	2	605487	8	10
605520	2	605519	1	3
605522	3	906336	1	4
605525	7	605524	4	11
605529	4	906337	1	5
605533	8	605532	7	15
605545	10	605544	2	12
605558	3	605557	2	5
605561	2	605560	6	8
605566	6	605565	3	9
605570	3	605569	2	5
605573	7	605572	2	9
605576	3	605575	5	8
605580	6	155736	2	8
605584	3	605583	5	8
605586	2	605585	3	5
605592	2	605591	2	4
605594	9	605593	3	12
605613	1	605612	1	2
605623	4	605622	1	5
605631	6	605630	5	11
605633	5	605632	1	6
605650	5	605649	3	8
605656	3	605655	3	6
605663	4	605662	14	18
605668	4	605667	2	6
605673	1	605672	1	2
605675	4	605674	2	6
605678	5	605677	1	6
605682	5	605681	7	12
605685	1	605684	6	7
605691	10	605690	2	12
605704	1	906394	1	2
605710	6	605709	1	7
605719	4	605718	3	7
605723	7	605722	11	18
605725	8	605724	4	12
605734	2	605733	3	5
605735	6	155812	1	7
605742	5	155822	3	8
605744	8	605743	5	13
605757	7	605756	5	12
605762	4	605761	1	5
605765	2	605764	14	16
605769	2	605768	2	4
605770	3	155843	1	4
605777	1	605776	6	7
605779	3	605778	1	4
605782	3	605781	12	15
605784	2	605783	2	4
605805	8	605804	5	13
605809	3	605808	1	4
605811	12	605810	6	18
605816	9	155877	5	14
605821	7	605820	6	13
605823	1	605822	2	3
605828	2	605827	3	5
605834	1	605833	3	4
605837	2	605836	4	6
605842	7	155900	7	14
605846	2	605845	3	5
605851	5	155911	3	8
605853	2	605852	5	7
605858	3	605857	4	7
605860	5	605859	1	6
605865	5	605864	2	7
605870	3	605869	9	12
605881	23	605880	1	24
605884	4	605883	3	7
605886	4	605885	10	14
605904	7	605903	2	9
605913	1	605912	1	2
605915	4	605914	4	8
605917	1	605916	3	4
605924	2	605923	2	4
605928	5	605927	4	9
605931	7	605930	5	12
605934	3	906506	54	57
605944	6	605943	7	13
605949	2	906516	1	3
605957	20	605956	2	22
605959	9	605958	6	15
605971	5	605970	1	6
605973	4	605972	2	6
605977	5	605976	4	9
605979	2	605978	1	3
605983	2	605982	5	7
605995	3	605994	1	4
606007	3	606006	4	7
606009	3	606008	10	13
606023	17	606022	1	18
606038	7	156010	6	13
606041	12	606040	4	16
606043	6	606042	2	8
606054	1	606053	3	4
606057	1	606056	3	4
606058	2	156014	3	5
606068	3	606067	1	4
606088	9	606087	3	12
606098	5	606097	4	9
606102	3	606101	5	8
606114	2	606113	1	3
606130	9	156053	5	14
606134	5	156057	7	12
606136	7	606135	11	18
606138	2	606137	3	5
606140	4	606139	4	8
606142	2	606141	1	3
606150	1	606149	4	5
606158	4	606157	2	6
606165	4	606164	4	8
606167	6	606166	12	18
606170	2	606169	2	4
606171	2	156072	1	3
606189	5	606188	4	9
606191	3	606190	3	6
606196	1	606195	3	4
606198	3	606197	1	4
606203	1	156086	1	2
606206	1	606205	1	2
606210	1	606209	2	3
606212	3	606211	8	11
606216	3	606215	1	4
606223	1	606222	2	3
606226	2	606225	3	5
606234	2	606233	4	6
606242	2	606241	1	3
606250	2	606249	1	3
606252	2	606251	8	10
606257	2	330115	1	3
606263	5	606262	8	13
606269	5	606268	6	11
606277	3	606276	3	6
606281	2	606280	3	5
606287	5	606286	2	7
606288	6	156126	1	7
606295	7	330120	6	13
606297	4	606296	2	6
606302	6	606301	2	8
606303	1	906638	2	3
606310	6	606309	3	9
606313	5	606312	5	10
606333	2	606332	2	4
606338	2	606337	29	31
606341	1	606340	2	3
606359	1	156180	1	2
606363	4	906658	1	5
606371	3	606370	4	7
606374	34	606373	1	35
606376	3	606375	18	21
606378	4	606377	5	9
606382	1	606381	2	3
606385	4	606384	5	9
606397	3	606396	1	4
606399	6	606398	6	12
606403	8	606402	3	11
606408	7	606407	8	15
606414	2	606413	2	4
606436	1	606435	5	6
606452	2	606451	5	7
606464	1	606463	4	5
606485	4	330147	1	5
606496	2	606495	3	5
606500	3	156267	1	4
606508	2	906722	2	4
606517	2	606516	5	7
606525	3	606524	1	4
606536	1	330163	3	4
606542	2	606541	1	3
606544	1	606543	2	3
606547	1	606546	1	2
606549	1	606548	2	3
606553	4	606552	3	7
606556	2	606555	6	8
606561	14	606560	2	16
606565	4	156319	3	7
606567	1	606566	1	2
606578	2	606577	2	4
606582	1	606581	5	6
606585	1	606584	3	4
606590	6	606589	2	8
606595	5	606594	4	9
606597	9	606596	12	21
606601	1	606600	3	4
606606	2	606605	3	5
606610	4	606609	6	10
606613	7	606612	11	18
606617	2	606616	3	5
606626	2	606625	4	6
606633	6	606632	5	11
606642	1	606641	3	4
606647	3	606646	7	10
606649	6	606648	6	12
606650	1	906788	2	3
606653	7	606652	5	12
606661	1	156399	2	3
606676	1	606675	1	2
606679	1	606678	4	5
606683	6	606682	4	10
606685	1	606684	3	4
606688	1	606687	1	2
606690	3	606689	6	9
606693	1	606692	1	2
606701	1	606700	6	7
606718	2	606717	1	3
606731	4	606730	2	6
606739	8	606738	1	9
606740	4	156458	6	10
606747	4	606746	2	6
606757	8	606755	7	15
606766	2	606765	8	10
606771	1	606770	2	3
606775	2	606774	6	8
606778	10	606777	1	11
606785	8	606784	5	13
606794	1	606793	1	2
606799	1	606798	4	5
606809	1	606808	2	3
606821	2	606820	3	5
606824	3	606823	6	9
606826	2	606825	2	4
606830	8	606829	3	11
606833	1	606832	4	5
606837	5	606836	3	8
606839	15	606838	6	21
606844	2	606843	4	6
606856	1	606855	4	5
606869	1	606868	1	2
606882	3	606881	1	4
606884	8	606883	6	14
606894	1	606893	5	6
606899	1	606898	2	3
606901	3	606900	1	4
606905	6	606904	1	7
606912	1	606911	1	2
606914	9	606913	4	13
606921	4	606920	6	10
606923	3	156613	3	6
606927	5	606926	4	9
606931	1	606930	3	4
606937	11	606936	1	12
606946	2	156623	3	5
606948	5	606947	7	12
606951	4	606950	4	8
606955	4	606954	3	7
606959	3	606958	1	4
606968	1	606967	1	2
606970	9	606969	7	16
606985	1	606984	3	4
606987	5	606986	5	10
606992	5	606991	13	18
606995	10	606994	4	14
606997	5	606996	7	12
607002	6	607001	2	8
607004	1	607003	1	2
607008	2	156666	1	3
607010	2	607009	6	8
607015	1	607014	2	3
607016	2	906935	3	5
607019	2	607018	2	4
607026	4	156685	1	5
607030	4	607029	15	19
607034	10	607033	1	11
607036	3	156688	3	6
607065	2	607064	3	5
607070	2	607069	7	9
607077	3	607076	2	5
607083	1	607082	3	4
607085	3	607084	2	5
607087	1	607086	1	2
607091	4	607090	4	8
607095	2	607094	2	4
607099	3	607098	5	8
607102	2	607101	5	7
607115	2	607114	3	5
607123	8	156747	3	11
607125	1	607124	3	4
607127	11	607126	3	14
607130	7	607129	1	8
607145	1	607144	1	2
607147	2	607146	1	3
607149	6	607148	2	8
607158	3	607157	3	6
607160	1	607159	3	4
607167	5	607166	24	29
607179	6	607178	8	14
607183	3	607182	2	5
607188	34	607187	2	36
607193	2	607192	4	6
607196	3	607195	2	5
607207	1	330251	2	3
607218	2	607217	7	9
607227	5	607226	1	6
607236	4	607235	3	7
607239	10	156813	3	13
607241	3	607240	5	8
607263	3	607262	1	4
607265	2	607264	3	5
607267	1	607266	2	3
607275	5	607274	9	14
607277	3	607276	4	7
607280	7	156839	1	8
607282	5	607281	4	9
607287	2	607286	2	4
607288	4	156844	1	5
607290	6	607289	4	10
607297	2	607296	2	4
607301	6	607300	4	10
607307	8	156858	1	9
607312	2	607311	2	4
607324	1	607323	1	2
607331	1	607330	6	7
607342	14	607341	13	27
607350	5	607349	9	14
607360	2	607359	3	5
607379	6	607378	1	7
607382	2	607381	4	6
607398	1	607397	6	7
607413	12	607412	12	24
607424	10	607423	6	16
607432	1	607431	5	6
607436	2	607435	8	10
607452	28	607451	5	33
607454	8	607453	6	14
607455	4	907122	4	8
607457	5	607456	5	10
607461	3	607460	2	5
607469	1	607468	3	4
607495	1	607494	1	2
607507	4	607506	2	6
607517	4	607516	3	7
607520	1	607519	2	3
607527	1	607526	5	6
607542	5	607541	6	11
607549	5	607548	6	11
607555	4	607554	12	16
607570	4	607569	2	6
607575	2	607574	4	6
607590	1	607589	2	3
607592	1	607591	6	7
607594	7	607593	3	10
607597	1	607596	2	3
607600	1	607599	2	3
607603	2	157078	1	3
607610	1	607609	1	2
607625	1	607624	1	2
607640	6	607639	5	11
607650	2	607649	1	3
607655	3	607654	6	9
607661	5	607660	4	9
607671	1	607670	3	4
607696	1	607695	1	2
607697	6	157173	5	11
607704	2	907211	3	5
607708	6	157177	4	10
607735	3	607734	2	5
607741	6	907219	8	14
607743	2	607742	2	4
607762	3	607761	4	7
607771	1	607770	4	5
607774	1	607773	1	2
607786	3	330342	3	6
607794	13	607793	3	16
607800	2	607799	5	7
607807	2	607806	1	3
607815	2	607814	3	5
607820	2	607819	43	45
607832	2	607831	1	3
607844	4	607843	7	11
607851	5	607850	9	14
607855	1	607854	3	4
607858	8	607857	9	17
607862	3	157296	3	6
607866	5	607865	12	17
607868	1	607867	1	2
607884	3	157348	2	5
607896	1	607895	1	2
607899	1	607898	6	7
607901	4	607900	4	8
607903	3	607902	2	5
607908	2	157358	7	9
607913	5	607912	4	9
607916	5	907315	1	6
607918	16	607917	6	22
607932	2	607931	2	4
607965	1	607964	2	3
607970	2	607969	4	6
607973	1	607972	1	2
607975	2	607974	6	8
607977	1	607976	1	2
607980	2	607979	3	5
607995	4	607994	1	5
607997	3	607996	2	5
608000	1	607999	4	5
608002	2	608001	2	4
608036	1	608035	1	2
608038	5	157481	9	14
608040	1	157483	1	2
608050	1	608049	4	5
608052	2	608051	2	4
608066	2	608065	1	3
608068	9	608067	5	14
608091	1	608090	1	2
608095	5	608094	2	7
608099	3	608098	2	5
608105	1	608104	2	3
608115	5	157542	1	6
608136	6	608135	7	13
608143	2	608142	2	4
608152	3	608151	1	4
608159	4	608158	1	5
608162	2	157591	1	3
608166	4	608165	2	6
608168	4	608167	11	15
608170	2	608169	2	4
608172	4	608171	2	6
608186	4	608185	3	7
608189	1	608188	1	2
608203	6	608202	4	10
608205	4	157664	2	6
608214	4	157670	2	6
608219	4	157676	1	5
608240	2	608239	4	6
608247	2	608246	3	5
608257	1	608256	3	4
608266	8	608265	1	9
608269	1	608268	1	2
608270	1	157716	4	5
608272	3	608271	2	5
608276	5	330465	1	6
608284	2	608283	5	7
608289	9	608288	5	14
608295	1	608294	6	7
608303	1	608302	3	4
608318	4	608317	4	8
608330	6	608329	1	7
608332	11	608331	7	18
608339	4	608338	2	6
608342	5	608341	2	7
608355	1	608354	2	3
608359	3	608358	1	4
608362	22	608361	2	24
608369	2	608368	1	3
608404	2	608403	5	7
608406	1	608405	6	7
608412	5	608411	6	11
608418	4	608417	2	6
608421	6	608420	3	9
608439	14	608438	2	16
608441	2	608440	3	5
608463	3	608462	1	4
608479	2	608478	5	7
608481	1	608480	1	2
608483	1	608482	4	5
608514	1	158006	2	3
608540	6	608539	2	8
608557	1	608556	2	3
608564	1	608563	1	2
608568	5	608567	3	8
608574	2	608573	3	5
608576	4	608575	5	9
608602	3	608601	2	5
608604	2	608603	3	5
608610	2	608609	8	10
608614	7	608613	2	9
608621	6	608620	5	11
608627	4	608626	5	9
608629	2	608628	4	6
608652	5	608651	2	7
608656	7	608655	3	10
608658	3	608657	50	53
608663	2	608662	4	6
608666	1	608665	1	2
608679	1	608678	4	5
608688	2	608687	2	4
608695	1	608694	2	3
608698	7	608697	3	10
608706	1	158284	2	3
608709	1	608708	1	2
608714	1	608713	3	4
608733	9	608732	8	17
608738	10	158305	1	11
608744	3	608743	5	8
608774	1	608773	1	2
608776	1	158361	1	2
608778	2	608777	1	3
608780	4	158368	1	5
608814	1	608813	2	3
608819	3	608818	5	8
608829	3	608828	6	9
608833	2	608832	3	5
608844	3	907707	1	4
608854	5	608853	2	7
608857	2	158471	1	3
608870	3	608869	2	5
608887	3	608886	2	5
608903	1	608902	2	3
608918	1	158536	1	2
608926	1	608925	1	2
608934	2	608933	1	3
608938	1	608937	2	3
608942	5	608941	1	6
608945	2	608944	5	7
608951	7	608950	3	10
608963	2	608962	1	3
608968	1	608967	1	2
608973	7	608972	7	14
608976	5	608975	2	7
608978	1	158606	1	2
608986	2	158620	1	3
608995	3	608994	1	4
608997	3	608996	7	10
609004	2	609003	1	3
609013	1	609012	1	2
609024	3	609023	14	17
609028	2	609027	1	3
609033	1	609031	12	13
609050	3	609049	4	7
609052	12	609051	2	14
609060	2	158709	5	7
609063	3	609062	2	5
609066	2	609065	3	5
609083	4	158756	2	6
609085	1	609084	1	2
609095	1	609094	1	2
609102	2	609101	2	4
609113	1	609112	4	5
609118	4	609117	8	12
609122	4	609121	4	8
609123	4	158806	1	5
609130	2	609129	4	6
609145	4	609144	6	10
609157	2	158838	2	4
609159	1	158852	3	4
609171	1	609170	3	4
609183	2	609182	4	6
609186	4	609185	3	7
609188	3	609187	1	4
609196	1	609195	2	3
609201	5	609200	4	9
609204	1	609203	2	3
609208	8	609207	8	16
609213	1	609212	1	2
609217	9	609216	3	12
609222	6	609221	1	7
609226	1	609225	3	4
609229	1	609228	2	3
609234	5	158902	4	9
609244	1	609243	2	3
609250	8	609249	6	14
609268	1	609267	8	9
609275	5	158944	4	9
609285	3	609284	3	6
609287	1	907899	6	7
609291	11	158959	8	19
609295	6	158965	2	8
609299	8	609298	5	13
609307	2	907905	2	4
609316	2	609315	2	4
609321	2	609320	2	4
609327	5	609326	3	8
609329	23	907913	3	26
609333	1	609332	2	3
609349	1	609348	2	3
609362	2	609361	1	3
609368	3	609367	5	8
609370	11	609369	6	17
609374	6	907925	2	8
609378	1	609377	1	2
609380	1	609379	2	3
609389	6	609388	11	17
609392	4	609391	5	9
609394	1	609393	2	3
609396	1	609395	1	2
609403	1	609402	6	7
609418	2	609417	2	4
609424	12	609422	6	18
609435	2	609434	3	5
609439	2	609438	1	3
609456	3	609455	2	5
609463	1	609462	1	2
609472	2	609471	1	3
609475	1	609474	4	5
609480	2	609479	3	5
609491	1	609490	1	2
609497	4	159108	1	5
609502	3	907975	15	18
609510	1	609509	1	2
609515	2	609514	2	4
609532	5	609531	4	9
609545	7	609544	11	18
609546	3	330798	10	13
609549	11	609548	13	24
609552	5	609551	26	31
609554	14	609553	7	21
609556	15	609555	9	24
609558	13	609557	3	16
609559	8	159181	3	11
609566	8	159191	6	14
609579	5	609578	4	9
609597	3	609596	8	11
609610	2	609609	4	6
609612	7	609611	3	10
609619	4	609618	1	5
609621	2	609620	4	6
609624	5	908043	2	7
609632	3	609631	4	7
609634	1	609633	4	5
609639	1	609638	2	3
609641	3	609640	2	5
609644	2	609643	3	5
609649	3	609648	7	10
609651	3	609650	1	4
609653	1	609652	6	7
609666	2	609665	4	6
609669	4	159294	3	7
609677	6	609676	4	10
609687	1	609686	10	11
609689	1	609688	1	2
609694	5	609693	1	6
609702	7	159331	9	16
609710	6	159343	6	12
609712	2	609711	3	5
609715	12	609714	8	20
609717	6	609716	2	8
609724	7	609723	11	18
609738	5	159381	8	13
609741	1	609740	9	10
609751	7	609750	8	15
609754	6	908109	6	12
609762	1	609761	4	5
609766	4	609765	7	11
609780	4	609779	2	6
609789	5	609788	1	6
609797	6	609796	2	8
609807	2	609806	8	10
609818	1	609817	1	2
609820	3	609819	3	6
609844	1	609843	3	4
609848	17	609847	12	29
609851	27	609850	11	38
609853	5	609852	7	12
609857	2	609856	17	19
609885	3	609884	1	4
609892	7	609891	3	10
609895	6	609894	5	11
609898	1	159578	2	3
609916	6	609915	8	14
609917	6	159607	6	12
609919	6	609918	7	13
609928	1	609927	2	3
609930	4	609929	1	5
609943	8	609942	4	12
609946	9	609945	10	19
609952	12	609951	4	16
609959	6	609958	3	9
609961	1	609960	4	5
609966	4	609965	5	9
609978	1	609977	1	2
609996	3	609995	2	5
609998	6	609997	6	12
610010	1	610009	4	5
610012	5	610011	5	10
610025	5	159739	4	9
610032	5	610031	3	8
610035	3	610034	7	10
610043	2	610042	1	3
610067	2	610066	1	3
610083	1	610082	2	3
610100	9	610099	5	14
610108	1	610107	2	3
610111	5	610110	4	9
610123	2	610122	2	4
610127	2	610126	6	8
610133	6	610132	4	10
610134	3	159831	6	9
610137	2	908276	3	5
610144	1	610143	4	5
610160	2	610159	3	5
610186	1	610185	1	2
610195	3	610194	4	7
610203	14	159898	1	15
610210	4	610209	5	9
610216	4	610215	6	10
610219	5	610218	5	10
610226	1	610225	10	11
610232	4	610231	5	9
610236	1	610235	5	6
610238	4	610237	3	7
610241	4	610240	11	15
610247	7	610246	9	16
610261	1	610260	1	2
610272	2	610271	6	8
610275	1	610274	3	4
610282	6	331058	4	10
610284	6	610283	1	7
610286	2	610285	2	4
610294	9	610293	2	11
610302	6	610301	3	9
610305	1	610304	3	4
610312	2	610311	10	12
610326	5	610325	5	10
610328	1	610327	3	4
610333	2	610332	8	10
610336	6	610335	9	15
610341	7	610340	7	14
610347	4	610346	3	7
610352	5	610351	2	7
610354	5	610353	2	7
610360	1	610359	1	2
610362	3	610361	1	4
610367	5	160059	6	11
610370	3	610369	3	6
610380	4	160079	5	9
610398	1	610397	3	4
610402	2	610401	1	3
610407	2	160102	1	3
610411	2	610410	1	3
610422	15	160128	1	16
610427	3	610426	1	4
610442	4	610441	4	8
610445	3	610444	2	5
610453	12	610452	2	14
610461	13	908405	4	17
610468	1	610467	3	4
610477	2	610476	9	11
610510	2	610509	1	3
610522	6	160240	5	11
610537	1	160270	1	2
610540	1	160284	3	4
610561	1	610560	4	5
610580	3	610579	1	4
610585	6	610584	6	12
610595	3	610594	1	4
610614	4	908463	5	9
610624	2	610623	5	7
610645	2	610644	2	4
610656	7	610655	3	10
610661	7	610660	1	8
610664	2	610663	3	5
610666	2	610665	2	4
610669	6	610668	9	15
610680	5	610679	1	6
610683	5	610682	9	14
610690	3	610689	1	4
610696	3	610695	7	10
610726	3	610725	3	6
610732	1	610731	2	3
610733	4	160510	2	6
610742	4	331240	1	5
610747	12	610746	4	16
610750	6	610749	4	10
610753	11	908526	18	29
610756	2	610755	5	7
610774	1	610773	2	3
610779	5	610778	5	10
610791	3	610790	8	11
610794	1	610793	2	3
610796	2	610795	3	5
610799	4	610798	10	14
610810	1	160573	1	2
610841	2	610840	1	3
610843	72	610842	1	73
610844	9	160611	4	13
610850	5	610849	6	11
610852	1	160641	3	4
610859	14	610857	5	19
610870	4	160675	1	5
610875	3	610874	7	10
610884	2	610883	6	8
610887	3	610886	3	6
610901	2	610900	1	3
610911	1	610910	3	4
610916	4	610915	1	5
610919	1	610918	1	2
610922	1	610921	5	6
610945	2	160773	4	6
610951	3	610950	2	5
610983	4	610982	2	6
610996	1	610995	1	2
611000	7	610999	11	18
611008	1	331356	2	3
611018	7	611017	1	8
611032	1	611031	1	2
611038	2	611037	1	3
611052	3	611051	5	8
611055	3	611054	3	6
611059	6	611058	10	16
611067	3	611065	3	6
611079	26	611078	5	31
611080	3	908661	2	5
611085	3	611084	1	4
611090	2	160937	2	4
611096	1	160950	2	3
611099	5	611098	4	9
611104	4	611103	2	6
611110	2	611109	2	4
611118	9	611117	11	20
611128	4	160979	1	5
611130	4	611129	4	8
611134	4	611133	6	10
611154	2	611153	2	4
611157	9	611156	6	15
611159	2	611158	10	12
611162	10	611161	5	15
611173	7	161048	16	23
611179	9	611178	1	10
611188	6	611187	5	11
611204	1	611203	1	2
611207	5	611206	1	6
611210	7	161077	6	13
611213	1	908713	8	9
611224	1	161104	1	2
611225	2	331445	3	5
611227	3	611226	1	4
611231	2	161110	3	5
611254	2	611253	7	9
611256	5	611255	2	7
611258	1	611257	1	2
611261	3	611260	1	4
611284	1	611283	1	2
611286	1	611285	6	7
611289	10	611288	3	13
611300	2	611299	13	15
611303	4	611302	4	8
611306	5	161178	4	9
611316	2	611315	8	10
611323	10	611322	15	25
611325	5	611324	1	6
611343	7	611342	3	10
611373	5	331495	38	43
611375	3	611374	7	10
611380	8	908791	12	20
611388	2	611387	3	5
611390	8	611389	4	12
611399	1	611398	1	2
611402	2	611401	1	3
611405	4	611404	3	7
611408	34	161336	4	38
611418	3	611417	5	8
611443	4	611442	2	6
611445	3	611444	2	5
611449	3	611448	4	7
611452	14	611451	11	25
611457	1	611456	3	4
611459	6	611458	6	12
611468	4	611467	2	6
611476	4	611475	15	19
611481	10	611480	5	15
611490	1	611489	4	5
611492	1	611491	2	3
611509	2	611508	2	4
611513	5	611512	25	30
611516	1	611515	3	4
611524	5	611523	4	9
611530	7	611529	4	11
611535	19	611534	15	34
611540	7	611539	37	44
611548	9	611547	3	12
611550	1	611549	5	6
611551	3	161516	5	8
611558	3	611557	3	6
611576	3	611575	4	7
611587	17	611586	4	21
611589	58	611588	1	59
611591	3	611590	4	7
611595	1	611594	2	3
611598	4	331587	3	7
611609	2	611608	1	3
611611	2	611610	3	5
611619	2	611618	2	4
611642	2	611641	2	4
611650	1	611649	5	6
611652	2	611651	1	3
611671	1	611670	1	2
611678	4	908903	3	7
611679	1	161611	1	2
611685	1	611684	2	3
611698	1	611697	2	3
611700	3	611699	2	5
611704	4	611703	1	5
611710	2	611709	2	4
611713	3	611712	5	8
611717	3	611716	4	7
611732	3	611731	3	6
611735	4	611734	1	5
611759	3	611758	7	10
611767	1	611766	1	2
611781	13	611780	3	16
611806	1	611805	5	6
611825	2	611824	3	5
611829	2	611828	1	3
611831	4	611830	3	7
611844	1	611843	3	4
611852	2	611851	4	6
611881	1	611880	18	19
611894	4	611893	5	9
611915	2	611914	1	3
611917	2	161873	2	4
611933	1	611932	2	3
611938	1	611937	3	4
611940	4	161895	3	7
611949	1	611948	5	6
611954	2	611953	2	4
611966	1	909048	3	4
611968	4	611967	8	12
611977	1	611976	1	2
612002	2	161957	1	3
612007	14	612006	6	20
612010	3	612009	10	13
612022	2	612021	14	16
612031	19	612030	13	32
612040	10	612039	12	22
612046	7	612045	14	21
612052	9	612051	15	24
612064	5	612063	7	12
612068	4	612067	5	9
612073	16	612072	4	20
612082	4	612081	2	6
612095	6	612094	14	20
612105	1	612104	3	4
612108	1	612107	2	3
612116	1	612115	2	3
612133	5	612132	7	12
612155	3	162034	1	4
612158	7	612157	5	12
612164	9	612163	8	17
612167	7	612166	3	10
612169	1	909130	2	3
612177	5	612176	3	8
612182	5	331792	2	7
612196	5	162066	6	11
612199	3	612198	2	5
612205	4	331807	4	8
612208	6	612207	4	10
612213	3	612212	12	15
612217	1	612216	1	2
612221	1	612220	2	3
612256	2	612255	6	8
612259	3	612258	4	7
612260	5	162133	8	13
612267	22	612266	14	36
612275	1	612274	1	2
612277	4	612276	1	5
612278	4	162164	2	6
612280	3	162165	1	4
612286	2	612285	4	6
612297	2	612296	1	3
612323	2	612322	1	3
612326	3	162228	3	6
612330	1	612329	2	3
612337	1	612336	1	2
612346	5	612345	1	6
612350	1	612349	1	2
612363	2	612362	8	10
612374	7	612373	3	10
612377	2	612376	1	3
612385	1	612384	1	2
612392	4	612391	4	8
612400	1	612399	4	5
612402	4	612401	1	5
612406	7	612405	1	8
612409	3	612408	5	8
612417	3	612416	3	6
612419	2	612418	3	5
612425	59	612424	1	60
612428	1	612427	2	3
612446	4	612445	5	9
612450	4	612449	4	8
612455	3	612454	2	5
612463	1	612462	2	3
612471	4	612470	9	13
612484	5	612483	7	12
612486	3	162368	2	5
612488	3	162371	2	5
612492	5	612491	3	8
612495	16	612494	2	18
612508	4	612507	8	12
612513	5	612512	3	8
612520	3	612519	2	5
612526	3	612525	3	6
612528	5	612527	3	8
612535	2	162405	1	3
612542	1	162414	2	3
612547	1	612546	1	2
612551	6	162419	3	9
612553	4	162431	1	5
612562	1	612561	3	4
612570	1	612569	4	5
612576	9	612575	5	14
612579	6	612578	4	10
612585	1	162462	2	3
612596	2	612595	11	13
612611	3	162489	4	7
612613	3	162504	3	6
612622	5	162511	6	11
612625	6	612624	7	13
612636	1	612635	1	2
612643	7	612642	11	18
612648	4	612647	3	7
612652	5	612651	2	7
612660	4	612659	2	6
612667	9	612666	11	20
612671	7	612670	1	8
612689	1	612688	3	4
612697	2	612696	2	4
612701	4	612700	3	7
612703	6	612702	4	10
612705	2	612704	11	13
612709	3	612707	5	8
612711	2	162580	5	7
612715	11	612714	4	15
612722	3	612721	13	16
612724	9	612723	8	17
612728	6	612727	9	15
612742	12	612741	16	28
612754	12	162602	2	14
612764	19	612763	4	23
612767	5	612766	5	10
612772	3	612771	13	16
612774	5	612773	3	8
612781	1	612780	1	2
612793	7	909393	2	9
612804	5	612803	2	7
612807	6	612806	2	8
612811	2	612810	6	8
612816	5	612815	1	6
612817	6	612814	2	8
612829	13	612828	4	17
612834	4	612833	26	30
612841	2	332024	2	4
612846	9	909416	2	11
612860	4	612859	6	10
612868	1	612867	6	7
612870	2	612869	1	3
612873	1	612872	3	4
612893	1	612892	5	6
612897	3	612896	4	7
612899	7	612898	16	23
612904	2	612903	2	4
612907	4	612906	5	9
612909	7	332049	2	9
612916	3	612915	11	14
612923	2	612922	3	5
612925	3	612924	5	8
612929	3	612928	1	4
612933	5	612932	2	7
612941	2	612940	6	8
612975	4	612974	10	14
612982	2	612981	1	3
612990	6	612989	4	10
613003	6	613002	1	7
613010	3	613009	2	5
613019	3	613018	5	8
613021	3	613020	1	4
613034	3	613033	10	13
613036	6	613035	7	13
613039	4	613038	1	5
613069	4	613068	6	10
613073	10	613072	2	12
613075	6	613074	3	9
613079	5	162816	3	8
613082	5	332102	3	8
613090	5	613089	4	9
613096	11	613095	1	12
613102	3	332110	1	4
613112	8	613111	4	12
613117	3	613116	2	5
613121	4	613120	2	6
613130	4	613129	2	6
613134	7	613133	1	8
613142	5	332115	1	6
613144	4	613143	6	10
613154	2	613153	5	7
613164	6	332126	5	11
613166	14	613165	12	26
613169	7	613168	4	11
613176	9	613175	19	28
613181	6	613180	9	15
613184	6	613183	9	15
613199	6	613198	5	11
613220	4	162924	1	5
613232	6	613231	7	13
613240	2	613239	6	8
613261	2	613260	2	4
613268	8	162967	6	14
613278	1	613277	2	3
613285	1	613284	1	2
613297	4	613296	3	7
613300	7	613299	1	8
613307	1	613306	1	2
613315	6	613314	5	11
613322	4	613321	3	7
613326	2	613325	1	3
613331	1	613330	3	4
613340	3	332182	2	5
613360	4	613359	6	10
613365	1	613364	3	4
613371	9	613370	2	11
613382	6	613381	2	8
613383	15	909630	11	26
613404	4	332213	2	6
613406	1	613405	1	2
613433	6	613432	25	31
613437	7	613436	6	13
613444	4	613443	6	10
613454	2	163163	7	9
613465	2	613464	4	6
613467	2	613466	6	8
613470	9	613469	3	12
613474	5	613473	9	14
613475	9	163179	4	13
613477	4	613476	1	5
613480	7	613479	1	8
613487	5	613486	4	9
613489	4	613488	1	5
613501	2	613500	2	4
613503	7	613502	8	15
613515	3	909683	2	5
613521	3	613520	2	5
613526	5	613525	3	8
613529	4	613528	9	13
613531	21	613530	4	25
613542	2	613541	2	4
613555	5	613554	4	9
613569	1	163235	2	3
613573	1	613572	5	6
613577	4	613576	2	6
613581	2	613580	5	7
613584	6	613583	9	15
613595	3	613594	3	6
613596	9	163251	6	15
613604	1	909718	4	5
613618	5	909723	6	11
613623	6	613622	1	7
613629	5	909728	1	6
613636	10	613635	4	14
613638	4	613637	3	7
613643	2	613642	8	10
613646	9	613645	8	17
613652	4	332261	2	6
613653	5	163269	4	9
613664	8	613663	1	9
613675	7	613674	2	9
613679	2	613678	2	4
613681	2	613680	2	4
613706	4	909747	9	13
613722	3	613721	8	11
613724	6	613723	4	10
613737	4	613736	4	8
613740	1	613739	1	2
613746	4	613745	3	7
613755	2	613754	2	4
613766	4	613765	6	10
613768	4	613767	5	9
613773	3	613772	3	6
613781	6	613780	4	10
613785	7	613784	4	11
613792	14	163339	3	17
613806	3	332288	8	11
613812	5	613811	2	7
613816	6	613815	4	10
613820	2	909795	2	4
613827	4	613826	3	7
613830	5	613829	4	9
613839	4	613838	7	11
613847	4	613846	2	6
613849	3	613848	2	5
613853	8	163396	2	10
613856	6	332301	2	8
613862	14	163405	6	20
613865	4	613864	5	9
613873	11	613872	6	17
613881	4	613880	1	5
613885	2	163423	2	4
613907	3	613906	14	17
613909	4	613908	3	7
613918	4	613917	5	9
613921	1	613920	2	3
613924	10	613923	1	11
613930	8	613929	6	14
613934	7	613933	3	10
613937	19	613936	5	24
613939	7	613938	5	12
613941	2	613940	1	3
613944	2	613943	2	4
613946	3	613945	4	7
613949	2	613948	4	6
613959	3	613958	2	5
613969	3	613968	2	5
613970	3	163481	1	4
613975	3	613974	1	4
613978	4	613977	2	6
613981	1	163485	1	2
613983	9	613982	4	13
613984	5	163489	9	14
613992	4	613991	3	7
614006	5	614005	2	7
614045	3	614044	1	4
614047	1	614046	7	8
614049	1	614048	6	7
614053	1	614052	5	6
614061	2	614060	1	3
614064	5	614063	1	6
614070	2	614069	4	6
614076	1	163530	1	2
614084	2	614083	6	8
614091	3	614090	4	7
614094	1	614093	2	3
614096	11	614095	16	27
614102	7	614101	1	8
614104	3	163552	2	5
614111	2	614110	2	4
614114	3	614113	1	4
614123	8	614122	11	19
614126	7	614125	4	11
614129	4	614128	7	11
614131	8	614130	1	9
614133	1	614132	16	17
614137	5	163581	3	8
614141	2	614140	5	7
614144	2	614143	3	5
614151	1	614150	2	3
614155	3	163590	1	4
614158	3	614157	10	13
614161	4	614160	6	10
614164	3	614163	4	7
614172	3	163610	1	4
614177	5	614176	4	9
614194	11	163639	2	13
614197	7	909955	2	9
614203	3	614202	1	4
614206	8	614205	1	9
614211	7	614210	1	8
614219	2	614218	15	17
614222	5	614221	3	8
614226	6	163681	6	12
614229	3	614228	9	12
614230	7	163685	7	14
614235	1	163688	3	4
614239	2	614238	3	5
614269	8	614268	4	12
614271	1	614270	5	6
614282	3	614281	3	6
614288	8	614287	6	14
614306	5	614305	6	11
614324	2	614323	2	4
614333	3	163792	1	4
614341	2	614340	4	6
614344	1	163803	6	7
614348	3	614347	2	5
614363	4	614362	4	8
614377	6	163851	2	8
614383	5	614382	3	8
614384	2	163859	5	7
614387	2	163869	1	3
614390	7	614389	5	12
614395	5	614394	1	6
614402	3	614401	3	6
614407	5	614406	6	11
614410	6	614409	2	8
614415	8	614414	1	9
614418	3	614417	5	8
614422	7	614421	8	15
614424	9	614423	7	16
614427	8	614426	5	13
614429	6	614428	2	8
614434	3	614433	1	4
614453	3	163929	2	5
614481	4	614480	2	6
614483	7	614482	3	10
614485	2	614484	1	3
614488	6	910092	5	11
614490	6	332501	4	10
614493	14	614492	9	23
614495	19	614494	3	22
614499	7	614498	10	17
614530	3	332514	4	7
614532	5	332515	21	26
614534	2	614533	2	4
614537	3	614536	8	11
614540	6	614539	4	10
614546	6	614545	1	7
614549	7	332523	4	11
614563	9	614562	5	14
614569	7	164037	1	8
614573	3	614572	4	7
614589	2	164051	3	5
614592	3	614591	3	6
614599	6	614598	3	9
614602	10	164068	1	11
614605	2	614604	4	6
614609	1	614608	2	3
614611	4	614610	2	6
614618	3	614617	1	4
614622	3	614621	1	4
614630	7	614629	5	12
614632	4	614631	5	9
614638	3	614637	2	5
614648	2	614647	2	4
614655	3	614654	4	7
614660	5	614659	4	9
614672	2	164109	1	3
614676	5	614675	2	7
614682	1	614681	1	2
614696	15	614695	3	18
614702	8	614701	1	9
614712	2	614711	4	6
614721	13	614720	2	15
614731	4	614730	1	5
614732	3	332579	1	4
614747	3	614746	5	8
614749	4	614748	7	11
614754	7	614753	2	9
614762	4	614761	2	6
614767	2	614766	6	8
614779	3	614778	8	11
614798	6	614797	9	15
614802	7	614801	10	17
614812	3	614811	3	6
614815	5	614814	1	6
614818	4	614817	7	11
614821	5	614820	8	13
614837	4	164252	3	7
614843	7	614842	2	9
614855	5	614854	5	10
614869	10	614868	22	32
614872	16	614871	6	22
614877	1	614876	3	4
614886	4	614885	2	6
614887	11	910255	2	13
614891	4	614890	5	9
614900	15	614899	2	17
614918	5	164311	5	10
614927	7	614926	9	16
614937	8	614936	8	16
614946	14	614945	11	25
614950	7	614949	8	15
614971	5	614970	4	9
614976	3	614975	6	9
614978	3	614977	8	11
614983	6	614982	6	12
614987	7	614986	5	12
614989	15	614988	1	16
614995	3	614994	7	10
614998	1	614997	5	6
615013	3	910303	3	6
615020	5	164378	2	7
615023	2	615022	4	6
615031	7	615030	4	11
615036	3	910318	3	6
615046	14	615045	7	21
615048	5	615047	3	8
615058	6	164408	8	14
615060	5	615059	2	7
615062	9	615061	2	11
615065	6	164416	1	7
615074	1	615073	1	2
615092	9	615091	6	15
615097	5	615096	1	6
615103	13	910346	5	18
615109	12	910352	3	15
615113	5	910355	2	7
615118	2	615117	7	9
615122	5	615121	6	11
615124	2	615123	10	12
615129	4	615128	2	6
615136	6	615135	2	8
615139	7	615138	7	14
615141	7	615140	10	17
615152	1	615151	6	7
615172	3	615171	3	6
615185	2	615184	3	5
615190	6	615189	1	7
615192	5	615191	2	7
615194	7	615193	9	16
615195	2	164510	2	4
615201	6	332708	2	8
615208	4	615207	4	8
615214	1	615213	1	2
615216	1	615215	5	6
615218	12	615217	2	14
615222	7	615221	5	12
615225	4	615224	6	10
615228	10	615227	1	11
615244	3	615243	6	9
615253	5	615252	2	7
615257	2	615256	5	7
615259	6	615258	6	12
615268	1	615267	6	7
615278	1	615277	4	5
615280	4	164574	1	5
615286	6	615285	9	15
615296	4	615295	5	9
615298	5	615297	2	7
615304	3	615303	2	5
615308	7	615307	8	15
615311	5	615310	7	12
615315	5	615314	6	11
615328	7	615327	10	17
615341	5	615340	6	11
615348	4	332743	4	8
615362	2	615361	5	7
615366	2	615365	15	17
615383	1	615382	1	2
615385	1	615384	1	2
615394	1	615393	15	16
615395	1	164644	2	3
615401	3	615400	3	6
615411	2	615410	2	4
615419	1	615418	4	5
615443	7	615442	2	9
615448	4	164702	5	9
615451	10	615450	3	13
615454	2	164709	3	5
615458	5	615457	15	20
615460	2	615459	6	8
615463	5	615462	5	10
615469	2	615468	6	8
615471	2	615470	2	4
615474	4	615473	1	5
615492	3	615491	2	5
615498	8	615497	1	9
615504	5	615503	10	15
615507	5	615506	1	6
615510	4	164781	4	8
615512	2	615511	2	4
615520	4	615519	3	7
615527	2	615526	1	3
615536	3	615535	9	12
615540	5	164785	1	6
615542	3	615541	3	6
615548	2	615547	9	11
615554	17	615553	7	24
615560	8	615559	6	14
615566	2	615565	4	6
615572	5	332821	2	7
615585	2	615584	2	4
615590	4	615589	3	7
615597	1	615596	1	2
615601	14	615600	13	27
615620	1	615619	2	3
615621	1	332831	2	3
615628	1	615627	3	4
615641	5	615640	3	8
615643	4	615642	7	11
615649	6	615648	2	8
615652	1	910576	3	4
615666	4	615665	1	5
615689	4	615688	2	6
615697	1	615696	1	2
615717	1	615716	1	2
615720	1	615719	2	3
615724	2	615723	4	6
615726	3	615725	1	4
615733	3	615732	3	6
615749	10	615748	7	17
615751	1	615750	2	3
615754	2	615753	1	3
615756	3	615755	10	13
615758	2	615757	4	6
615762	3	615761	3	6
615766	10	615765	3	13
615769	4	615768	1	5
615772	7	615771	1	8
615776	4	910610	6	10
615780	2	615779	8	10
615790	7	615789	4	11
615792	14	615791	1	15
615801	4	615800	5	9
615802	2	910635	1	3
615818	1	164973	3	4
615821	11	615820	2	13
615828	10	615827	10	20
615831	1	615830	3	4
615850	5	615849	9	14
615851	5	164991	7	12
615853	6	615852	3	9
615855	3	615854	5	8
615858	4	332882	1	5
615869	5	615868	6	11
615871	7	615870	5	12
615883	1	615882	1	2
615886	5	615885	2	7
615891	3	615890	1	4
615893	6	615892	11	17
615897	3	615896	4	7
615901	4	332894	3	7
615904	6	615903	5	11
615909	3	615908	6	9
615924	12	615923	4	16
615927	9	615926	10	19
615932	13	165048	6	19
615940	7	615939	2	9
615948	7	165060	1	8
615949	4	332908	6	10
615956	6	615955	3	9
615964	2	615963	2	4
615967	5	615966	2	7
615978	1	615977	5	6
615984	7	615983	15	22
615989	6	615988	5	11
615993	3	615992	5	8
615997	4	615996	1	5
616009	11	616008	6	17
616013	5	616012	1	6
616016	2	616015	2	4
616018	4	616017	4	8
616019	2	165102	1	3
616057	2	616056	5	7
616060	4	332949	1	5
616063	2	616062	4	6
616078	21	616077	6	27
616088	3	616087	3	6
616091	3	616090	6	9
616102	3	616101	3	6
616112	4	616111	4	8
616120	6	616119	9	15
616123	4	616122	14	18
616142	10	616141	9	19
616145	8	616144	4	12
616147	5	616146	6	11
616150	1	616149	2	3
616156	3	616155	2	5
616163	4	616162	12	16
616166	5	616165	3	8
616174	4	616173	7	11
616198	9	616197	3	12
616201	7	616200	9	16
616207	4	616206	8	12
616215	8	616214	9	17
616238	1	616237	1	2
616242	4	616241	1	5
616251	1	616250	12	13
616253	3	616252	2	5
616259	124	616258	16	140
616262	22	616261	12	34
616269	3	165307	8	11
616271	2	616270	1	3
616275	3	616274	30	33
616277	6	616276	3	9
616289	2	616288	4	6
616291	1	616290	5	6
616299	3	616298	7	10
616304	14	616303	8	22
616307	5	616306	2	7
616310	3	616309	4	7
616313	3	616312	7	10
616318	4	910830	4	8
616321	1	165349	1	2
616324	2	616323	3	5
616329	4	616328	4	8
616340	2	616339	6	8
616344	9	616343	6	15
616345	4	165369	6	10
616352	2	616351	4	6
616359	4	616358	12	16
616370	3	1063846	3	6
616372	15	616371	4	19
616374	3	910845	3	6
616390	12	616389	11	23
616394	1	333027	7	8
616401	1	616400	3	4
616407	3	616406	2	5
616415	2	616414	5	7
616427	1	616426	5	6
616429	39	165397	1	40
616438	6	616437	7	13
616447	1	616446	6	7
616448	3	165403	1	4
616450	3	616449	3	6
616456	2	616455	2	4
616459	6	333042	2	8
616462	6	616461	6	12
616468	4	333045	6	10
616470	4	616469	1	5
616478	6	165432	3	9
616482	2	616481	2	4
616497	3	165459	1	4
616499	1	616498	2	3
616522	3	616521	2	5
616531	4	616530	9	13
616550	7	616549	3	10
616576	10	165517	3	13
616582	1	616581	1	2
616583	6	910925	5	11
616586	1	616585	2	3
616590	2	165531	4	6
616593	3	165532	2	5
616603	7	616602	3	10
616614	5	165553	1	6
616617	6	165554	4	10
616622	3	616621	2	5
616629	1	616628	1	2
616632	2	616631	1	3
616638	4	165574	2	6
616640	6	616639	11	17
616646	10	616645	9	19
616653	2	616652	3	5
616655	2	616654	6	8
616658	1	616657	2	3
616665	3	333102	5	8
616670	3	616669	4	7
616679	3	165625	1	4
616707	4	616706	10	14
616709	4	165661	3	7
616710	14	165662	19	33
616719	1	616718	11	12
616725	3	165667	3	6
616727	7	616726	1	8
616729	10	616728	10	20
616731	6	616730	3	9
616733	3	616732	12	15
616735	10	616734	5	15
616737	6	616736	4	10
616741	2	616740	15	17
616745	7	616744	3	10
616749	3	616748	7	10
616752	5	1063946	1	6
616755	1	616754	4	5
616758	2	616757	6	8
616759	1	165683	1	2
616761	5	616760	6	11
616771	6	616770	12	18
616773	8	616772	3	11
616781	20	616780	4	24
616787	4	616786	4	8
616796	2	616795	1	3
616812	6	616811	4	10
616815	2	616814	5	7
616817	8	616816	6	14
616820	3	616819	8	11
616826	7	616825	10	17
616829	2	616828	6	8
616838	4	616837	6	10
616845	7	616844	7	14
616849	5	616848	3	8
616854	3	616853	5	8
616856	2	616855	6	8
616861	13	616860	12	25
616863	2	616862	7	9
616875	5	616874	5	10
616882	4	616881	1	5
616884	2	616883	3	5
616890	11	616889	6	17
616894	7	165769	4	11
616898	4	616897	5	9
616900	4	616899	6	10
616902	4	616901	8	12
616910	3	165771	6	9
616912	4	333153	4	8
616918	5	165776	4	9
616924	6	616923	3	9
616930	2	616929	3	5
616940	2	616939	1	3
616942	2	616941	5	7
616945	4	911069	3	7
616954	1	616953	1	2
616969	3	616968	4	7
616972	9	616971	3	12
616976	3	616975	1	4
616978	10	616977	8	18
616980	1	911100	6	7
616986	2	616985	5	7
616990	2	616989	6	8
616997	5	616996	6	11
616999	4	616998	3	7
617001	5	617000	3	8
617003	1	617002	4	5
617006	6	617005	9	15
617012	4	617011	8	12
617018	8	617017	2	10
617025	10	165837	1	11
617030	4	617029	1	5
617052	2	617051	8	10
617054	5	617053	4	9
617067	3	617066	8	11
617084	3	617083	3	6
617087	3	617086	4	7
617098	1	165879	3	4
617100	3	165882	1	4
617107	4	617106	4	8
617110	28	617109	4	32
617126	10	617125	6	16
617132	6	617131	3	9
617137	6	617136	8	14
617141	10	617140	4	14
617145	8	617144	5	13
617157	2	165904	1	3
617158	1	165905	3	4
617165	6	165908	2	8
617167	1	617166	2	3
617175	7	617174	15	22
617180	6	617179	7	13
617185	1	617184	2	3
617202	2	617201	1	3
617205	9	617204	8	17
617207	1	617206	1	2
617218	1	617217	3	4
617222	1	617221	3	4
617236	3	617235	2	5
617240	4	617239	1	5
617246	4	617245	4	8
617251	6	617250	5	11
617258	2	617257	6	8
617260	1	617259	3	4
617277	1	617276	6	7
617283	1	166001	3	4
617296	1	617295	3	4
617308	2	617307	1	3
617312	1	617311	1	2
617314	2	617313	5	7
617316	1	617315	2	3
617321	4	617320	4	8
617325	10	617324	6	16
617329	3	617328	7	10
617344	1	617343	3	4
617347	2	617346	4	6
617375	1	617374	9	10
617377	1	617376	1	2
617408	14	166053	3	17
617412	8	617411	2	10
617415	1	617414	16	17
617422	8	166060	6	14
617425	4	617424	2	6
617426	3	166073	5	8
617428	6	333285	1	7
617434	5	617433	30	35
617436	2	617435	6	8
617439	1	166090	2	3
617443	3	617442	3	6
617445	14	617444	1	15
617447	1	617446	16	17
617470	1	617469	8	9
617473	1	617472	10	11
617489	2	617488	6	8
617495	3	166124	1	4
617499	3	617498	3	6
617503	8	617502	3	11
617505	3	333298	4	7
617509	6	166145	2	8
617516	2	617515	1	3
617519	1	617518	28	29
617524	5	617523	1	6
617538	5	617537	4	9
617543	5	617542	7	12
617545	2	617544	1	3
617556	2	617555	2	4
617563	1	617562	3	4
617569	2	617568	5	7
617584	1	617583	2	3
617587	3	911381	4	7
617596	1	617595	1	2
617617	2	617616	4	6
617631	9	617630	7	16
617639	7	617638	1	8
617644	2	617643	1	3
617664	20	166196	1	21
617704	1	617703	1	2
617719	1	617718	3	4
617727	1	617726	5	6
617731	6	617730	1	7
617733	1	166218	8	9
617739	1	617738	1	2
617764	4	617763	3	7
617771	11	617770	3	14
617785	6	617784	1	7
617840	1	617839	23	24
617919	1	617918	2	3
617965	1	617964	1	2
617997	23	617996	1	24
618006	1	618005	19	20
618008	1	618007	2	3
618019	1	618018	4	5
618027	6	166364	23	29
618031	4	618030	2	6
618041	4	618040	3	7
618046	5	618045	28	33
618062	2	618061	2	4
618064	2	618063	2	4
618069	1	911565	17	18
618080	1	166393	2	3
618087	1	618086	3	4
618091	7	618090	6	13
618095	2	618094	2	4
618097	3	618096	3	6
618121	1	618120	1	2
618124	3	618123	3	6
618126	17	618125	12	29
618136	1	618135	2	3
618149	3	618148	9	12
618157	17	618156	15	32
618162	1	618161	51	52
618168	2	618167	3	5
618174	2	618173	4	6
618179	1	618178	3	4
618181	3	618180	1	4
618207	1	618206	3	4
618212	2	618211	2	4
618214	1	618213	2	3
618241	1	618240	1	2
618243	1	618242	48	49
618250	1	618249	3	4
618253	2	618252	2	4
618257	3	618256	2	5
618267	6	166489	4	10
618272	3	618271	2	5
618273	6	911636	2	8
618275	3	166492	2	5
618282	5	333451	8	13
618285	10	618284	9	19
618290	1	166509	4	5
618295	1	618294	2	3
618298	4	618297	3	7
618303	2	618302	7	9
618309	6	618308	6	12
618312	9	618311	3	12
618315	10	618314	4	14
618317	4	166535	8	12
618321	3	618320	6	9
618331	3	618330	2	5
618342	4	618341	7	11
618349	8	618348	7	15
618360	2	618359	6	8
618366	5	618365	6	11
618367	5	166568	3	8
618370	5	618369	1	6
618371	6	166571	1	7
618376	4	618375	8	12
618389	12	166588	3	15
618396	2	618395	4	6
618403	8	618402	3	11
618405	4	166597	1	5
618408	4	618407	3	7
618411	1	618410	3	4
618419	2	618418	2	4
618424	8	618423	3	11
618428	5	166624	7	12
618429	5	166626	5	10
618444	9	618443	8	17
618446	1	618445	7	8
618453	4	166642	1	5
618458	7	618457	12	19
618462	2	618461	8	10
618463	9	166650	4	13
618472	1	618471	4	5
618474	8	618473	4	12
618480	8	166667	7	15
618486	11	166669	7	18
618491	10	618490	6	16
618494	7	618493	15	22
618504	1	618503	1	2
618514	2	618513	12	14
618518	5	618517	1	6
618537	13	618536	11	24
618548	2	618547	3	5
618550	7	618549	7	14
618553	7	618552	3	10
618557	4	618556	3	7
618558	11	166719	2	13
618561	3	618560	2	5
618564	5	618563	36	41
618567	2	618566	5	7
618572	6	618571	1	7
618575	5	618574	1	6
618576	4	166740	6	10
618583	3	618582	6	9
618586	5	618585	3	8
618595	2	618594	4	6
618600	3	618599	3	6
618619	1	618618	2	3
618621	1	618620	3	4
618623	3	618622	2	5
618676	22	911817	32	54
618690	14	333539	8	22
618707	3	618706	15	18
618717	6	618716	6	12
618722	1	618721	7	8
618724	5	618723	4	9
618735	22	618734	13	35
618740	1	618739	5	6
618744	9	618743	3	12
618750	4	618749	5	9
618752	7	618751	17	24
618755	18	618754	13	31
618766	2	618765	1	3
618777	10	618776	1	11
618780	5	618779	4	9
618783	6	618782	8	14
618788	5	618787	6	11
618791	5	618790	4	9
618804	4	618803	1	5
618815	2	618814	6	8
618821	5	618820	2	7
618829	3	618828	1	4
618831	4	618830	6	10
618841	4	618840	2	6
618845	6	618844	2	8
618852	4	618851	4	8
618861	6	618860	1	7
618862	7	166853	2	9
618865	4	618864	5	9
618879	10	618878	2	12
618885	3	618884	4	7
618892	1	618891	5	6
618898	14	618897	7	21
618908	7	618907	4	11
618911	8	618910	5	13
618923	4	618922	5	9
618930	8	618929	2	10
618933	5	618932	3	8
618949	1	618948	8	9
618964	1	618963	2	3
618981	4	618980	4	8
618983	5	618979	7	12
618992	2	166918	5	7
619001	2	619000	2	4
619005	1	619004	2	3
619019	5	619018	9	14
619048	3	619047	8	11
619067	5	619066	11	16
619080	12	619079	9	21
619085	3	619084	11	14
619092	6	619091	17	23
619104	2	619103	5	7
619106	5	619105	1	6
619111	8	333604	1	9
619117	6	911979	2	8
619119	3	619118	2	5
619126	2	619125	7	9
619128	6	619127	2	8
619141	4	619140	1	5
619178	7	619177	4	11
619187	5	619186	3	8
619191	7	619190	4	11
619199	6	619198	7	13
619202	5	619201	8	13
619209	7	619208	5	12
619210	15	166981	4	19
619219	13	619218	17	30
619223	2	619222	4	6
619226	3	619225	7	10
619232	5	619231	6	11
619240	9	619239	4	13
619242	10	619241	3	13
619245	7	166993	5	12
619254	3	619253	1	4
619258	4	619257	9	13
619290	2	619289	1	3
619327	4	333637	4	8
619368	6	619367	2	8
619402	11	619401	12	23
619404	9	619403	13	22
619406	4	619405	6	10
619409	3	619408	7	10
619420	4	619419	2	6
619429	11	619428	7	18
619435	7	619434	2	9
619440	7	619439	2	9
619443	9	619442	35	44
619446	4	619445	4	8
619455	5	619454	2	7
619470	1	619469	7	8
619486	5	619485	10	15
619490	20	619489	16	36
619493	3	619492	9	12
619496	10	619495	4	14
619505	2	619504	15	17
619517	5	619516	1	6
619521	6	619520	2	8
619525	4	619524	7	11
619531	6	619530	5	11
619534	3	619533	7	10
619536	5	619535	7	12
619542	4	619541	7	11
619552	9	619551	7	16
619562	6	619561	1	7
619571	8	619570	6	14
619577	13	619576	5	18
619582	9	619581	8	17
619584	6	619583	3	9
619591	3	619590	3	6
619593	3	619592	6	9
619601	16	619600	9	25
619608	2	619607	3	5
619610	2	619609	5	7
619617	6	619616	3	9
619631	3	619630	4	7
619638	5	619637	5	10
619641	5	619640	3	8
619675	3	619674	8	11
619682	7	619681	2	9
619685	3	167130	4	7
619692	48	167131	6	54
619701	2	619700	6	8
619704	10	619703	2	12
619711	6	619710	8	14
619715	12	619714	3	15
619734	6	619733	2	8
619736	8	619735	7	15
619738	9	912255	9	18
619744	6	619743	6	12
619767	3	619766	8	11
619778	3	619777	9	12
619785	5	619784	5	10
619788	3	619787	8	11
619799	10	333697	6	16
619802	3	619801	6	9
619809	9	619808	9	18
619820	4	619819	5	9
619822	2	619821	5	7
619827	8	619826	9	17
619829	7	167158	4	11
619838	3	619837	7	10
619841	5	619840	9	14
619844	9	619843	7	16
619858	22	619857	5	27
619860	4	619859	2	6
619863	8	619862	22	30
619872	9	619871	2	11
619877	7	619876	7	14
619881	3	619880	1	4
619888	1	619887	1	2
619893	7	619892	4	11
619912	8	619911	2	10
619914	4	619913	11	15
619917	4	619916	6	10
619920	4	619919	1	5
619926	6	619925	17	23
619931	5	333711	29	34
619933	2	619932	2	4
619941	5	619940	8	13
619944	8	619943	7	15
619947	3	619946	2	5
619954	4	619953	3	7
619976	1	619975	2	3
619977	2	333717	3	5
619981	6	619980	7	13
619990	6	912339	1	7
619994	3	619993	3	6
619996	5	619995	2	7
620002	3	620001	7	10
620005	11	620004	3	14
620013	6	620012	5	11
620018	3	620017	6	9
620022	6	620021	10	16
620040	4	620039	9	13
620042	4	620041	9	13
620045	9	620044	7	16
620047	4	620046	4	8
620050	4	620049	10	14
620054	6	620053	3	9
620062	1	620061	3	4
620068	3	620067	2	5
620074	4	620073	6	10
620085	8	620084	10	18
620091	5	167238	3	8
620097	4	620096	1	5
620100	9	620099	3	12
620108	2	620107	5	7
620111	13	620110	6	19
620113	4	620112	10	14
620116	5	620115	12	17
620119	7	620118	5	12
620127	9	620126	2	11
620130	15	912382	7	22
620134	10	620133	3	13
620137	2	167246	3	5
620142	2	620141	1	3
620145	5	620144	1	6
620148	5	620147	5	10
620151	5	620150	11	16
620158	7	620157	6	13
620168	15	620167	4	19
620234	8	620233	13	21
620254	8	620253	2	10
620256	7	620255	21	28
620270	6	620269	17	23
620285	19	620284	10	29
620290	3	620289	9	12
620299	11	620298	5	16
620307	16	620306	25	41
620324	9	620323	4	13
620326	5	620325	3	8
620329	7	620328	5	12
620331	8	620330	18	26
620350	4	620349	6	10
620367	6	620366	5	11
620371	3	167388	2	5
620373	2	167389	1	3
620378	6	620377	7	13
620388	7	620387	7	14
620391	4	167406	6	10
620410	5	620409	3	8
620413	4	167419	4	8
620416	4	620415	13	17
620418	5	620417	6	11
620429	4	620428	6	10
620439	1	620438	10	11
620447	7	620446	5	12
620450	9	620449	3	12
620452	2	620451	3	5
620475	8	620474	3	11
620477	4	620476	10	14
620503	7	620502	6	13
620504	6	912579	9	15
620515	7	620514	11	18
620523	8	620522	38	46
620527	12	620526	6	18
620532	4	620531	10	14
620538	10	620537	4	14
620543	4	620542	5	9
620551	16	620550	14	30
620554	12	620553	10	22
620556	9	620555	3	12
620560	5	620559	15	20
620577	3	620576	5	8
620583	8	912626	5	13
620589	2	620588	2	4
620591	7	620590	4	11
620595	8	620594	3	11
620606	2	620605	6	8
620609	6	620608	6	12
620610	12	167507	4	16
620615	8	167519	2	10
620618	8	620617	5	13
620627	12	620626	8	20
620645	4	620644	1	5
620647	1	167532	7	8
620651	6	620650	8	14
620655	25	620654	4	29
620664	7	620663	4	11
620671	7	620670	5	12
620692	5	620691	8	13
620707	5	620706	12	17
620734	16	620733	4	20
620737	4	620736	5	9
620738	8	167564	4	12
620744	7	620743	2	9
620753	4	620752	11	15
620767	12	167593	5	17
620772	5	620771	3	8
620785	4	620784	3	7
620787	12	912705	1	13
620798	10	620797	22	32
620802	17	620801	1	18
620816	14	620815	11	25
620819	1	620818	1	2
620821	22	620820	6	28
620863	16	620862	10	26
620868	9	620867	14	23
620880	11	333864	10	21
620887	5	620886	3	8
620890	3	620889	5	8
620898	5	620897	1	6
620901	5	620900	1	6
620908	4	620907	6	10
620929	3	620928	14	17
620933	7	620932	3	10
620947	9	620946	15	24
620961	3	620960	10	13
620972	9	620971	10	19
620993	3	620992	8	11
620995	5	620994	3	8
620998	6	620997	6	12
621001	9	621000	4	13
621009	9	621008	3	12
621014	5	621013	7	12
621019	7	167749	4	11
621022	14	912799	2	16
621031	6	621030	7	13
621036	7	621035	5	12
621043	6	621042	6	12
621051	14	333893	2	16
621064	10	621063	5	15
621071	3	621070	26	29
621074	5	621073	11	16
621075	9	333898	3	12
621083	11	167768	16	27
621087	4	621086	9	13
621091	9	621090	2	11
621094	3	621093	3	6
621098	3	621097	12	15
621101	4	621100	5	9
621110	6	621109	9	15
621121	5	621120	13	18
621130	2	621129	3	5
621135	3	621134	3	6
621148	1	621147	1	2
621160	8	621159	24	32
621189	6	621188	6	12
621192	5	621191	5	10
621193	3	912867	3	6
621196	2	621195	9	11
621198	9	621197	7	16
621201	4	621200	5	9
621203	6	621202	4	10
621205	13	621204	2	15
621207	1	621206	6	7
621215	5	621214	11	16
621222	3	167812	17	20
621224	8	621223	3	11
621231	1	167845	3	4
621234	6	621233	25	31
621244	16	621243	5	21
621251	10	621250	29	39
621254	30	621253	14	44
621256	11	621255	3	14
621258	5	621257	7	12
621261	10	621260	6	16
621263	9	621262	5	14
621268	11	621267	3	14
621274	8	621273	3	11
621280	4	621279	7	11
621287	11	621286	7	18
621294	3	621293	7	10
621304	1	621303	8	9
621338	3	621337	4	7
621347	11	621346	4	15
621349	7	621348	9	16
621353	12	167914	1	13
621357	4	621356	5	9
621374	5	167923	6	11
621415	7	167962	4	11
621417	14	621416	17	31
621424	6	621423	13	19
621445	15	621444	7	22
621454	4	621453	8	12
621461	2	621460	4	6
621466	6	621465	1	7
621468	2	621467	3	5
621470	8	621469	5	13
621473	5	621472	4	9
621479	6	621478	1	7
621485	3	621484	8	11
621489	3	621488	2	5
621504	4	621503	3	7
621506	5	621505	1	6
621515	6	168027	4	10
621517	6	621516	5	11
621522	6	621521	1	7
621530	12	621529	9	21
621537	4	621536	5	9
621566	2	621565	7	9
621575	12	621574	1	13
621596	32	621595	12	44
621625	1	621624	3	4
621643	1	621642	15	16
621647	12	168110	4	16
621657	19	621656	12	31
621675	3	621674	4	7
621677	6	621676	18	24
621685	3	621684	7	10
621689	3	621688	5	8
621697	2	621696	3	5
621705	3	621704	10	13
621720	7	621719	2	9
621754	17	621753	19	36
621769	18	621768	5	23
621776	5	168196	9	14
621778	10	621777	16	26
621803	16	621802	14	30
621806	7	621805	5	12
621815	6	621814	3	9
621826	1	334092	10	11
621833	15	621832	7	22
621856	10	621855	6	16
621862	4	621861	1	5
621875	5	168278	4	9
621879	4	168279	5	9
621891	3	621890	4	7
621894	5	621893	7	12
621902	5	621901	3	8
621904	3	621903	3	6
621909	9	621908	7	16
621911	6	621910	6	12
621913	7	621912	1	8
621916	7	621915	3	10
621917	15	168289	5	20
621920	9	621919	5	14
621922	2	621921	3	5
621934	6	621933	4	10
621944	1	168299	1	2
621946	7	334114	1	8
621958	6	621957	1	7
621963	8	621962	3	11
621982	3	621981	3	6
621984	4	168344	3	7
621989	2	621988	4	6
621999	9	621998	8	17
622007	6	622006	5	11
622015	3	622014	4	7
622025	1	622024	5	6
622028	1	622027	2	3
622031	8	622030	4	12
622033	2	622032	1	3
622037	7	622036	2	9
622041	2	622040	3	5
622049	1	622048	2	3
622076	3	622075	1	4
622091	5	622090	3	8
622106	5	622105	5	10
622109	1	622108	5	6
622113	5	622112	2	7
622114	4	334172	6	10
622116	11	622115	3	14
622118	1	168444	4	5
622120	6	622119	3	9
622125	5	622124	7	12
622134	1	168451	13	14
622140	7	622139	11	18
622165	11	622164	5	16
622167	7	622166	4	11
622183	1	622182	2	3
622192	2	334193	2	4
622202	22	622201	10	32
622210	4	622209	3	7
622212	3	622211	3	6
622228	4	622227	27	31
622232	5	622231	4	9
622240	3	622239	4	7
622271	1	622270	10	11
622274	4	622273	22	26
622283	2	168544	2	4
622285	2	622284	3	5
622288	3	622287	2	5
622293	6	622292	9	15
622295	4	622294	2	6
622300	4	622299	16	20
622304	6	622303	6	12
622329	4	168581	3	7
622333	6	622332	7	13
622339	3	622338	5	8
622348	4	913351	5	9
622351	2	168605	10	12
622362	2	622361	2	4
622371	3	622370	1	4
622379	3	622378	3	6
622397	1	622396	3	4
622407	4	622406	1	5
622412	1	622411	1	2
622429	1	622428	5	6
622435	2	622434	2	4
622437	2	622436	2	4
622442	4	622441	1	5
622451	1	168688	4	5
622457	2	622456	5	7
622458	2	168695	4	6
622460	3	622459	9	12
622471	1	622470	7	8
622485	6	622484	5	11
622489	5	622488	3	8
622505	2	622504	2	4
622519	3	622518	7	10
622531	4	168751	4	8
622536	5	168759	2	7
622544	13	168765	2	15
622549	7	622548	7	14
622552	4	622551	2	6
622553	1	168776	3	4
622558	4	622557	2	6
622567	8	622566	4	12
622570	3	622569	5	8
622575	2	622574	4	6
622580	1	622579	5	6
622584	10	622583	4	14
622604	6	622603	1	7
622615	6	622614	4	10
622619	3	168834	5	8
622622	2	622621	7	9
622630	8	622629	5	13
622650	2	622649	2	4
622653	1	622652	2	3
622658	2	622657	2	4
622666	2	622665	4	6
622670	1	622669	1	2
622679	2	622678	4	6
622680	9	168879	5	14
622690	4	622689	20	24
622701	10	168908	10	20
622703	40	622702	21	61
622705	9	622704	1	10
622707	8	622706	6	14
622709	29	622708	4	33
622724	6	622723	5	11
622733	25	622732	14	39
622736	9	622735	5	14
622738	20	622737	1	21
622741	3	622740	2	5
622748	2	622747	2	4
622758	5	334374	3	8
622762	12	622761	3	15
622766	5	622765	7	12
622783	10	168953	5	15
622788	6	622787	4	10
622792	4	622791	3	7
622805	5	622804	1	6
622810	4	622809	2	6
622841	2	622840	1	3
622851	7	913576	10	17
622853	3	622852	5	8
622858	12	622857	6	18
622862	5	622861	1	6
622869	1	622868	1	2
622873	3	622872	6	9
622883	1	622882	2	3
622896	2	622895	5	7
622909	22	622908	3	25
622926	7	622925	9	16
622928	5	622927	2	7
622935	7	622934	7	14
622948	2	169098	2	4
622951	5	622950	6	11
622960	2	169107	2	4
622990	6	622989	3	9
622995	2	622994	1	3
623000	7	622999	28	35
623011	4	623010	4	8
623022	11	623021	4	15
623035	4	623034	2	6
623050	4	623049	6	10
623056	15	623055	3	18
623058	7	334468	2	9
623060	2	623059	2	4
623066	11	623065	2	13
623070	3	623069	2	5
623077	5	623076	14	19
623083	7	623082	7	14
623093	13	913696	9	22
623105	5	623104	9	14
623111	6	623110	5	11
623117	2	623116	1	3
623124	2	623123	3	5
623127	2	169223	10	12
623134	2	334481	3	5
623150	1	623149	5	6
623161	7	623160	1	8
623166	2	623165	2	4
623171	1	623170	1	2
623173	2	623172	1	3
623176	8	623175	2	10
623183	6	169272	1	7
623187	1	623186	3	4
623205	5	623204	9	14
623227	3	623226	1	4
623229	2	623228	6	8
623242	9	169302	4	13
623256	8	623255	8	16
623298	6	623297	1	7
623303	3	623302	4	7
623307	3	623306	4	7
623317	4	623316	5	9
623319	7	623318	3	10
623326	6	623325	7	13
623331	2	623330	2	4
623334	9	623333	8	17
623338	4	623337	6	10
623347	5	623346	6	11
623376	1	623375	5	6
623378	4	169423	1	5
623380	5	623379	3	8
623385	2	623384	11	13
623387	4	623386	6	10
623397	5	623396	3	8
623410	4	623409	3	7
623415	5	334586	5	10
623437	6	334600	1	7
623448	2	169483	1	3
623453	2	623452	4	6
623463	1	169497	5	6
623473	1	169510	1	2
623478	1	623477	4	5
623497	7	623496	3	10
623501	2	623500	4	6
623508	5	623507	6	11
623522	1	623521	3	4
623525	3	169555	1	4
623529	3	623528	2	5
623536	2	623535	9	11
623540	12	623539	4	16
623559	4	623558	7	11
623575	3	623574	3	6
623582	11	623581	5	16
623589	1	623588	11	12
623592	5	169631	1	6
623605	6	169646	3	9
623613	3	623612	2	5
623621	5	623620	10	15
623637	5	623636	7	12
623649	3	623648	2	5
623663	2	623662	5	7
623687	8	334714	1	9
623693	5	623692	2	7
623701	8	623700	6	14
623721	2	623720	12	14
623722	10	334731	7	17
623730	2	623729	1	3
623740	2	623739	9	11
623747	1	169759	1	2
623752	1	623751	3	4
623754	3	623753	1	4
623766	3	169777	6	9
623769	8	169778	1	9
623791	2	623790	6	8
623802	7	334758	1	8
623810	7	623809	2	9
623818	3	623817	2	5
623820	3	623819	4	7
623825	1	623824	2	3
623829	3	169849	3	6
623835	3	169851	2	5
623845	8	623844	4	12
623849	3	914046	5	8
623860	4	914053	4	8
623865	4	623864	1	5
623868	5	623867	8	13
623870	6	623869	3	9
623877	3	623876	9	12
623880	5	623879	2	7
623882	2	623881	8	10
623890	4	914063	2	6
623895	4	169891	5	9
623900	13	169892	2	15
623904	2	623903	14	16
623925	10	623924	5	15
623929	9	169912	1	10
623940	4	169928	2	6
623953	6	914089	4	10
623956	12	623955	6	18
623960	6	623959	11	17
623968	22	623967	22	44
623972	14	623971	4	18
623975	9	623974	4	13
623983	19	623982	1	20
623989	8	623988	6	14
623996	7	914110	3	10
623998	6	623997	4	10
624000	2	623999	3	5
624005	3	169972	5	8
624007	3	624006	8	11
624033	2	624032	3	5
624036	3	624035	4	7
624039	3	624038	5	8
624042	8	624041	6	14
624055	6	624054	2	8
624058	3	624057	4	7
624062	5	624061	2	7
624071	8	334850	6	14
624083	1	624082	7	8
624097	3	334860	2	5
624111	6	624110	3	9
624115	5	170046	6	11
624117	1	624116	2	3
624130	4	334874	3	7
624135	2	624134	12	14
624142	4	624141	3	7
624147	2	624146	9	11
624154	3	624153	8	11
624160	9	624159	8	17
624168	4	624167	2	6
624169	3	914172	2	5
624178	2	624177	3	5
624190	3	624189	8	11
624191	5	170070	4	9
624192	7	914182	3	10
624200	1	624199	6	7
624202	3	624201	3	6
624204	11	624203	6	17
624206	11	624205	10	21
624235	10	170114	2	12
624237	4	624236	3	7
624242	3	914198	4	7
624249	3	624248	4	7
624261	7	624260	6	13
624265	8	624264	7	15
624276	1	624275	4	5
624280	11	624279	4	15
624284	10	624283	8	18
624286	1	624285	7	8
624295	3	624294	21	24
624298	5	624297	3	8
624300	5	624299	4	9
624305	4	170142	3	7
624309	1	624308	4	5
624313	4	624312	6	10
624316	12	170150	4	16
624317	1	170155	3	4
624319	7	624318	6	13
624324	5	624323	3	8
624327	3	170157	2	5
624334	10	624333	7	17
624349	11	624348	11	22
624366	5	624365	1	6
624369	3	624368	2	5
624371	6	624370	1	7
624375	3	624374	7	10
624378	1	624377	2	3
624395	9	624394	9	18
624408	3	624407	2	5
624413	14	624412	9	23
624417	3	624416	3	6
624423	7	624422	2	9
624434	6	624433	3	9
624436	7	624435	4	11
624445	9	624444	15	24
624447	14	624446	4	18
624460	6	624459	5	11
624464	10	624463	1	11
624476	6	624475	3	9
624480	9	914285	4	13
624484	13	624483	3	16
624489	3	624488	8	11
624495	11	624494	3	14
624509	1	624508	5	6
624540	5	624539	5	10
624563	1	624562	2	3
624565	4	624564	2	6
624567	9	624566	3	12
624569	4	624568	8	12
624573	8	624572	6	14
624578	3	624577	9	12
624587	5	624586	3	8
624591	3	170304	7	10
624592	1	170306	1	2
624597	7	624596	2	9
624605	5	624604	4	9
624617	1	624616	7	8
624625	9	335004	3	12
624634	6	624631	7	13
624641	7	624640	4	11
624645	6	624644	7	13
624650	2	624649	6	8
624655	1	624654	4	5
624664	4	624663	1	5
624673	4	624672	5	9
624682	2	624681	1	3
624683	2	914354	1	3
624704	1	624703	4	5
624712	3	624711	1	4
624717	2	624716	7	9
624733	2	624732	14	16
624744	4	624743	2	6
624749	1	624748	7	8
624753	5	624752	7	12
624755	9	914377	3	12
624757	1	624756	2	3
624768	6	624767	4	10
624774	3	624773	1	4
624782	3	624781	2	5
624783	3	170417	5	8
624787	17	624786	6	23
624793	8	914391	16	24
624801	4	624800	3	7
624806	3	624805	5	8
624816	5	624815	9	14
624823	2	624822	8	10
624827	2	170444	1	3
624841	9	624840	3	12
624846	4	624845	4	8
624848	4	624847	10	14
624858	17	170500	4	21
624861	12	170504	5	17
624866	2	624865	9	11
624876	5	624875	3	8
624877	12	170508	9	21
624883	10	624882	6	16
624885	6	624884	10	16
624904	39	624903	15	54
624920	4	624919	9	13
624923	16	624922	7	23
624925	9	624924	13	22
624929	4	624928	7	11
624933	8	170532	2	10
624957	9	624956	7	16
624966	1	624965	2	3
624968	5	170561	6	11
624975	6	624974	9	15
624981	2	624980	6	8
624983	14	624982	1	15
624991	5	624990	5	10
624995	2	624994	3	5
625008	18	625007	14	32
625014	12	625013	5	17
625029	7	625028	2	9
625034	9	625033	8	17
625036	7	625035	7	14
625046	14	625045	11	25
625067	6	170617	6	12
625071	6	625070	17	23
625078	11	625077	7	18
625084	8	625083	10	18
625088	10	170623	4	14
625097	8	625096	14	22
625099	16	625098	9	25
625111	1	625110	1	2
625113	5	625112	9	14
625114	5	170649	2	7
625116	2	625115	2	4
625119	3	625118	2	5
625122	7	625121	21	28
625125	3	625124	4	7
625128	11	170661	29	40
625131	7	625130	10	17
625133	2	625132	7	9
625143	9	625142	7	16
625147	13	625146	1	14
625153	8	625152	9	17
625155	1	625154	6	7
625177	7	625176	20	27
625178	4	335215	3	7
625180	5	625179	4	9
625183	9	170708	7	16
625186	3	625185	6	9
625198	5	625197	4	9
625207	2	625206	4	6
625213	7	914569	3	10
625215	6	625214	7	13
625219	8	625218	3	11
625227	2	625226	6	8
625235	3	625234	6	9
625243	10	625242	1	11
625246	2	625245	1	3
625257	3	625256	3	6
625260	3	170783	1	4
625262	2	625261	3	5
625270	1	625269	1	2
625279	6	335260	3	9
625281	1	625280	5	6
625287	1	625286	1	2
625295	6	625294	5	11
625302	3	625301	8	11
625315	5	625314	1	6
625319	8	625318	4	12
625321	4	625320	6	10
625327	1	625326	2	3
625329	3	1066777	2	5
625332	1	625331	1	2
625337	2	625336	6	8
625344	8	625343	1	9
625349	1	625348	3	4
625351	3	914629	5	8
625372	6	625371	7	13
625374	4	625373	1	5
625376	3	625375	4	7
625377	4	914640	2	6
625396	18	914651	6	24
625399	4	625398	5	9
625402	3	625401	5	8
625407	3	625406	7	10
625412	3	170903	1	4
625419	4	625418	3	7
625441	4	625440	3	7
625450	10	625449	4	14
625451	4	335325	6	10
625469	9	625468	7	16
625471	6	625470	10	16
625486	9	625485	2	11
625490	7	625489	2	9
625493	3	625492	5	8
625504	6	625503	3	9
625505	1	335350	1	2
625513	3	914700	1	4
625517	4	625516	2	6
625548	3	625547	7	10
625553	3	625552	6	9
625561	4	625560	3	7
625569	3	625568	3	6
625574	6	625573	9	15
625582	16	335376	7	23
625588	2	335381	2	4
625592	5	625591	7	12
625594	2	625593	8	10
625599	12	625598	2	14
625605	4	625604	6	10
625609	13	625608	9	22
625611	3	625610	3	6
625614	4	625613	4	8
625626	1	625625	1	2
625641	2	625640	1	3
625667	1	625666	1	2
625672	3	625671	7	10
625683	3	625682	1	4
625687	1	625686	1	2
625703	3	625702	4	7
625709	2	625708	2	4
625715	1	625714	4	5
625738	6	625737	14	20
625745	4	625744	3	7
625754	8	625753	7	15
625759	20	625758	7	27
625764	4	625763	7	11
625770	5	625769	4	9
625778	1	625777	1	2
625782	12	625781	13	25
625785	14	625784	6	20
625798	14	171291	8	22
625800	6	625799	4	10
625806	9	625805	7	16
625808	2	625807	3	5
625815	10	625814	1	11
625818	10	625817	9	19
625823	11	625822	8	19
625825	5	625824	5	10
625837	4	625836	6	10
625843	8	625842	10	18
625854	9	625853	5	14
625870	3	335492	1	4
625873	2	625872	1	3
625892	1	171361	1	2
625900	7	625899	3	10
625907	4	625906	1	5
625915	1	625914	1	2
625921	3	914892	13	16
625935	1	335514	1	2
625939	2	625938	2	4
625943	3	625942	5	8
625949	3	625948	1	4
625951	1	625950	1	2
625959	4	625958	6	10
625961	2	625960	1	3
625963	2	625962	4	6
625981	3	625980	1	4
625984	4	625983	1	5
625989	1	625988	1	2
625998	1	625997	4	5
626015	4	626014	7	11
626019	3	626018	3	6
626023	7	626022	4	11
626026	7	626025	8	15
626028	7	626027	5	12
626030	4	626029	2	6
626032	5	626031	2	7
626036	2	626035	7	9
626044	5	626043	11	16
626046	7	626045	11	18
626051	8	626050	1	9
626057	4	626056	19	23
626061	10	626060	6	16
626065	3	626064	1	4
626069	4	626068	6	10
626073	4	626072	12	16
626081	1	626080	5	6
626083	2	626082	3	5
626090	1	626089	1	2
626092	4	626091	2	6
626094	1	626093	3	4
626100	1	1067029	6	7
626108	1	626107	6	7
626113	6	626112	3	9
626119	3	626118	9	12
626125	5	626124	3	8
626128	7	626127	8	15
626135	2	171472	1	3
626138	8	626137	5	13
626145	3	626144	7	10
626153	3	626152	3	6
626155	6	626154	4	10
626158	12	626157	9	21
626161	1	626160	1	2
626167	5	626166	2	7
626172	3	626171	2	5
626175	2	626174	1	3
626178	4	335571	4	8
626189	5	626188	3	8
626194	1	626193	2	3
626228	7	626227	5	12
626229	2	171535	4	6
626241	6	626240	2	8
626244	7	626243	1	8
626246	6	626245	9	15
626248	6	626247	6	12
626268	3	626267	3	6
626277	2	626276	3	5
626283	8	626282	15	23
626286	11	626285	5	16
626290	6	626289	7	13
626293	3	626292	4	7
626305	7	626304	7	14
626317	3	626316	8	11
626327	12	626326	1	13
626333	7	626332	6	13
626336	15	626335	6	21
626339	2	626338	2	4
626378	11	626377	7	18
626407	8	626406	5	13
626418	6	626417	5	11
626424	13	626423	6	19
626429	4	626428	7	11
626439	8	626438	10	18
626452	7	626451	17	24
626463	12	626462	6	18
626465	7	171703	5	12
626468	8	626467	7	15
626471	5	626470	6	11
626473	8	626472	9	17
626475	7	626474	6	13
626489	10	626488	10	20
626498	10	626497	3	13
626510	8	626509	7	15
626514	9	626513	7	16
626519	5	626518	2	7
626521	6	626520	8	14
626530	5	626529	8	13
626544	9	626543	10	19
626548	4	626547	11	15
626566	8	626565	7	15
626577	4	626576	5	9
626595	2	626594	14	16
626599	21	626598	10	31
626603	4	171882	6	10
626606	2	626605	5	7
626615	1	626614	2	3
626621	7	171915	9	16
626631	18	626630	10	28
626634	8	626633	7	15
626649	4	626648	1	5
626666	1	626665	2	3
626670	5	626669	4	9
626679	14	626678	11	25
626685	12	626684	10	22
626693	12	626692	17	29
626695	5	626694	2	7
626712	8	626711	7	15
626728	5	626727	8	13
626732	4	626731	5	9
626733	6	335803	9	15
626735	9	626734	8	17
626744	7	626743	11	18
626755	9	626754	32	41
626758	4	172022	3	7
626761	5	172028	2	7
626766	6	626765	6	12
626782	3	626781	2	5
626789	2	626788	1	3
626805	2	626804	1	3
626845	4	172111	6	10
626852	3	626851	5	8
626861	8	626860	5	13
626867	4	626866	17	21
626869	4	626868	24	28
626871	10	915271	6	16
626873	10	626872	8	18
626878	5	626877	4	9
626885	14	626884	8	22
626901	8	626900	9	17
626912	20	626911	11	31
626927	2	626926	3	5
626934	4	626933	8	12
626946	8	626945	12	20
626948	3	626947	2	5
626963	1	626962	4	5
626965	6	626964	3	9
626975	4	626974	5	9
626985	5	626984	4	9
626993	4	172251	1	5
626996	2	626995	5	7
626999	5	626998	7	12
627001	7	627000	12	19
627011	14	172269	6	20
627015	6	627014	7	13
627026	14	627025	7	21
627029	2	627028	1	3
627036	5	172281	1	6
627042	3	627041	3	6
627049	7	627048	2	9
627052	17	627051	4	21
627054	3	627053	22	25
627068	5	627067	9	14
627077	9	172311	2	11
627079	3	627078	6	9
627084	4	627083	1	5
627089	11	627088	5	16
627096	7	627095	8	15
627099	8	627098	17	25
627129	6	627128	5	11
627139	6	627138	10	16
627144	2	627143	7	9
627147	2	627146	10	12
627154	10	627153	1	11
627158	3	172374	8	11
627160	6	627159	5	11
627163	2	627162	1	3
627167	4	627166	7	11
627169	1	627168	4	5
627173	6	172378	6	12
627177	7	627176	7	14
627179	6	915390	5	11
627196	3	627195	4	7
627202	6	627201	9	15
627204	1	627203	2	3
627219	4	627218	12	16
627229	3	627228	8	11
627231	7	172420	4	11
627239	5	627238	5	10
627242	4	627241	3	7
627255	6	627254	13	19
627262	2	627261	6	8
627286	7	627285	8	15
627290	5	627289	3	8
627294	6	627293	8	14
627297	2	627296	12	14
627306	6	627305	5	11
627327	2	627326	5	7
627334	5	627333	2	7
627336	4	627335	2	6
627338	4	627337	2	6
627343	16	627342	1	17
627344	6	335987	1	7
627348	2	627347	3	5
627351	7	627350	7	14
627353	7	627352	6	13
627355	5	915456	6	11
627364	4	627363	1	5
627373	6	627372	5	11
627375	5	627374	3	8
627380	6	627379	13	19
627383	6	627382	9	15
627391	13	627390	7	20
627395	23	915466	11	34
627418	4	627417	6	10
627428	11	627427	8	19
627434	3	627433	4	7
627436	1	627435	3	4
627444	4	627443	3	7
627454	1	627453	1	2
627463	4	627462	2	6
627469	3	627468	3	6
627475	1	627474	4	5
627478	3	627477	6	9
627483	3	627482	4	7
627486	5	627485	2	7
627488	3	627487	1	4
627496	5	627495	4	9
627507	4	627506	3	7
627512	17	627511	25	42
627516	8	627515	2	10
627523	4	627522	4	8
627529	2	336047	8	10
627533	6	172707	2	8
627536	4	1067492	1	5
627541	2	627540	1	3
627544	2	172713	1	3
627546	2	627545	2	4
627557	7	627556	3	10
627564	5	627563	5	10
627569	7	627568	12	19
627575	2	627574	8	10
627578	2	627577	4	6
627583	4	627582	1	5
627589	10	915539	8	18
627616	4	627615	5	9
627622	8	627621	2	10
627625	3	627624	7	10
627632	20	627631	3	23
627637	3	627636	3	6
627640	6	336081	7	13
627643	5	627642	3	8
627649	9	627648	6	15
627651	4	336085	1	5
627671	2	627670	2	4
627676	10	627675	2	12
627679	3	627678	3	6
627682	4	627681	6	10
627711	2	627710	3	5
627724	5	172859	15	20
627726	1	627725	3	4
627731	6	172877	2	8
627746	4	172896	4	8
627754	3	172902	2	5
627762	3	627761	5	8
627765	2	627764	12	14
627768	6	627767	8	14
627772	3	627771	6	9
627795	9	627794	10	19
627798	1	627797	3	4
627809	2	172990	5	7
627812	2	627811	1	3
627820	3	627819	4	7
627824	5	627823	3	8
627827	3	627826	6	9
627831	3	173004	1	4
627845	1	627844	3	4
627847	6	627846	2	8
627849	1	627848	4	5
627873	1	173047	1	2
627877	2	627876	1	3
627891	4	627890	5	9
627899	2	627898	5	7
627904	5	627903	3	8
627906	1	627905	3	4
627912	3	627911	10	13
627924	7	627923	7	14
627931	1	173112	2	3
627937	7	627936	4	11
627941	3	627940	3	6
627946	2	627945	2	4
627948	2	627947	2	4
627968	4	627967	9	13
628006	6	628005	2	8
628015	6	628014	1	7
628022	3	628021	1	4
628027	5	173210	1	6
628029	4	628028	3	7
628037	1	628036	3	4
628050	3	628049	2	5
628059	1	628058	4	5
628068	2	628067	11	13
628082	4	173259	4	8
628098	3	628097	2	5
628102	2	173280	1	3
628104	2	173290	4	6
628107	7	628106	2	9
628115	6	628114	6	12
628118	23	628117	1	24
628129	2	628128	1	3
628131	3	628130	4	7
628141	3	628140	1	4
628143	2	628142	2	4
628176	4	628175	3	7
628181	2	628180	4	6
628190	4	628189	3	7
628200	2	628199	4	6
628207	1	628206	6	7
628215	2	628214	2	4
628222	1	628221	11	12
628226	4	628225	2	6
628229	3	628228	2	5
628233	3	628232	2	5
628243	2	628242	8	10
628255	4	628254	3	7
628257	3	628256	7	10
628260	5	628259	2	7
628263	3	628262	6	9
628268	3	628267	5	8
628275	3	628274	12	15
628278	3	628277	6	9
628296	5	628295	5	10
628298	1	628297	6	7
628306	3	628305	3	6
628312	2	628311	3	5
628320	2	628319	4	6
628323	14	173448	7	21
628325	3	173450	1	4
628328	9	628327	3	12
628332	9	628331	4	13
628334	4	628333	3	7
628336	1	628335	8	9
628364	2	628363	2	4
628381	8	628380	1	9
628383	3	628382	2	5
628396	2	628395	1	3
628404	1	173487	1	2
628409	8	628408	5	13
628417	2	628416	1	3
628420	2	628419	1	3
628422	6	336334	19	25
628425	1	628424	2	3
628428	3	628427	4	7
628438	2	628437	3	5
628443	4	628442	6	10
628456	1	628455	1	2
628460	5	628459	3	8
628486	10	628485	3	13
628493	6	628492	2	8
628498	2	915935	5	7
628500	3	628499	1	4
628501	3	915938	1	4
628503	2	628502	4	6
628509	3	628508	2	5
628523	7	628522	2	9
628527	2	628526	1	3
628532	4	915952	4	8
628533	4	173562	4	8
628537	2	628536	1	3
628542	4	628541	3	7
628556	13	628555	9	22
628561	5	628560	2	7
628580	15	628579	4	19
628582	1	628581	1	2
628598	14	628597	7	21
628605	2	173618	1	3
628615	5	628614	3	8
628619	1	628618	1	2
628631	3	628630	2	5
628645	4	628644	5	9
628647	2	628646	5	7
628649	3	173657	2	5
628652	1	628651	4	5
628656	4	628655	2	6
628660	2	628659	4	6
628665	1	173680	3	4
628671	5	628670	1	6
628677	6	628676	5	11
628682	7	628681	6	13
628686	4	628685	11	15
628688	3	628687	2	5
628690	5	628689	7	12
628697	5	628696	9	14
628698	5	916020	1	6
628707	5	628706	2	7
628709	1	628708	6	7
628713	3	628712	2	5
628716	3	628715	3	6
628721	4	628720	10	14
628728	7	628727	2	9
628731	3	628730	4	7
628732	6	173707	2	8
628734	5	628733	12	17
628751	12	628750	17	29
628756	3	628755	2	5
628758	3	628757	2	5
628772	1	173726	1	2
628774	2	628773	7	9
628787	1	628786	1	2
628788	3	173746	3	6
628796	6	628795	5	11
628798	3	628797	4	7
628799	1	173756	3	4
628804	5	628803	3	8
628822	3	628821	5	8
628826	6	628825	2	8
628831	1	628830	2	3
628833	1	628832	3	4
628835	3	628834	6	9
628851	4	628850	1	5
628858	3	628857	5	8
628861	1	628860	2	3
628870	3	628869	3	6
628873	3	628872	21	24
628875	3	628874	5	8
628877	4	628876	5	9
628881	2	628880	6	8
628888	3	628887	3	6
628891	1	628890	3	4
628893	7	628892	3	10
628896	4	628895	10	14
628901	1	628900	5	6
628903	3	628902	3	6
628909	3	628908	10	13
628912	31	628911	12	43
628919	7	628918	5	12
628924	5	628923	10	15
628931	6	916125	2	8
628935	8	628934	5	13
628937	4	628936	18	22
628939	9	628938	2	11
628941	6	628940	3	9
628949	1	173813	1	2
628951	4	628950	4	8
628953	4	628952	2	6
628961	21	173817	4	25
628963	5	628962	3	8
628971	5	628970	6	11
628983	3	628982	3	6
628989	2	628988	4	6
628990	4	916140	3	7
628993	3	628992	4	7
629002	4	629001	2	6
629011	4	629010	3	7
629024	3	629023	3	6
629029	24	629028	3	27
629030	8	336432	3	11
629031	6	173857	1	7
629038	17	629037	3	20
629055	6	629054	5	11
629057	8	629056	8	16
629060	16	629059	4	20
629063	2	916165	7	9
629069	8	629068	5	13
629071	2	629070	3	5
629076	8	629075	8	16
629078	4	629077	1	5
629081	1	629080	2	3
629086	4	629085	19	23
629095	4	629094	3	7
629105	7	629104	2	9
629128	8	629127	5	13
629132	2	629131	7	9
629134	3	629133	5	8
629136	17	173908	1	18
629150	5	629149	4	9
629155	4	629154	2	6
629158	1	629157	2	3
629184	12	629183	17	29
629201	1	629200	2	3
629208	4	629207	1	5
629212	2	629211	1	3
629216	3	629215	2	5
629224	5	629223	1	6
629235	4	336459	5	9
629242	2	173958	4	6
629251	5	629250	1	6
629260	6	629259	10	16
629264	4	173962	2	6
629268	3	629267	2	5
629270	6	629269	4	10
629280	4	629279	3	7
629285	3	629284	1	4
629294	1	629293	2	3
629295	1	629292	5	6
629305	8	629304	5	13
629311	5	629310	4	9
629314	1	629313	2	3
629317	3	916249	8	11
629322	2	629321	1	3
629329	5	629328	4	9
629355	7	629354	3	10
629358	13	629357	6	19
629360	2	629359	7	9
629362	5	336472	14	19
629364	8	629363	2	10
629374	3	629373	5	8
629384	5	629383	4	9
629391	7	629390	3	10
629394	1	629393	7	8
629398	8	629397	3	11
629400	3	629399	5	8
629408	2	174058	1	3
629410	7	629409	4	11
629417	5	174067	3	8
629421	8	174073	9	17
629430	5	629429	5	10
629438	3	629437	8	11
629444	5	174090	1	6
629449	5	629448	4	9
629461	1	629460	1	2
629470	6	629469	6	12
629481	5	629480	4	9
629488	3	629487	8	11
629495	6	174113	2	8
629500	3	629499	3	6
629504	1	629503	5	6
629508	3	629507	3	6
629514	3	629513	6	9
629520	5	629519	1	6
629523	7	629522	5	12
629529	3	629528	4	7
629540	6	629539	2	8
629546	7	629545	2	9
629549	6	629548	6	12
629554	5	629553	1	6
629556	5	629555	7	12
629558	2	629557	7	9
629570	1	174176	1	2
629571	8	174180	3	11
629574	1	629573	1	2
629588	2	174197	1	3
629597	1	629596	1	2
629605	7	629604	5	12
629609	5	629608	11	16
629613	4	629612	3	7
629616	2	629615	1	3
629629	1	629628	1	2
629656	1	629653	2	3
629658	7	629657	4	11
629664	3	629663	3	6
629666	4	629665	2	6
629673	3	336546	1	4
629675	2	629674	1	3
629681	5	629680	8	13
629687	1	629686	2	3
629689	4	629688	9	13
629701	2	629700	4	6
629710	3	629709	7	10
629716	3	1068144	4	7
629723	8	629722	1	9
629724	1	174331	1	2
629726	4	174332	1	5
629733	2	629732	4	6
629742	3	629741	3	6
629743	3	174345	5	8
629760	5	629759	2	7
629762	2	629761	5	7
629771	9	629770	7	16
629776	8	629775	6	14
629785	5	629784	3	8
629787	7	629786	7	14
629792	3	174380	4	7
629797	9	629796	8	17
629805	3	629804	1	4
629811	6	629810	3	9
629815	4	629814	9	13
629823	8	629822	2	10
629835	2	916455	20	22
629837	4	629836	2	6
629840	4	629839	14	18
629842	5	629841	13	18
629844	3	629843	3	6
629851	4	629850	1	5
629852	2	336572	1	3
629854	1	629853	5	6
629858	7	629857	3	10
629864	6	629863	1	7
629869	2	629868	7	9
629879	4	629878	3	7
629888	2	629887	10	12
629893	7	629892	1	8
629897	4	629896	2	6
629908	1	174427	1	2
629910	7	629909	2	9
629916	3	629915	3	6
629920	6	629919	3	9
629925	1	629923	1	2
629934	3	629933	3	6
629952	6	174452	3	9
629954	1	174454	2	3
629961	6	629960	2	8
629998	8	629997	3	11
630002	4	630001	4	8
630010	5	630009	5	10
630019	2	630018	3	5
630021	2	630020	3	5
630022	2	336593	4	6
630032	2	174524	5	7
630036	5	630035	5	10
630044	3	630043	8	11
630049	3	630048	9	12
630058	5	630057	8	13
630060	8	630059	26	34
630068	9	630067	3	12
630077	5	630076	5	10
630081	5	630080	4	9
630083	12	630082	5	17
630086	6	630085	3	9
630089	5	630088	6	11
630099	4	174569	2	6
630103	2	630102	5	7
630117	1	630116	1	2
630123	2	1068272	2	4
630126	1	630125	1	2
630130	2	630129	2	4
630135	2	174612	1	3
630146	6	174622	2	8
630147	3	174624	2	5
630151	1	630150	13	14
630158	9	630157	10	19
630165	4	630164	9	13
630170	6	630169	7	13
630182	4	630181	3	7
630192	2	630191	8	10
630208	9	630207	6	15
630209	3	174660	3	6
630212	2	630211	2	4
630232	1	630231	1	2
630242	8	630241	7	15
630248	2	630247	2	4
630250	5	1068310	3	8
630261	3	630260	8	11
630274	2	916597	3	5
630278	1	630277	5	6
630289	4	630288	5	9
630291	2	630290	1	3
630299	3	630297	1	4
630320	4	630319	1	5
630329	2	630328	4	6
630336	3	630335	1	4
630343	4	630342	6	10
630353	3	630352	2	5
630356	2	630355	2	4
630360	5	630359	1	6
630362	3	630361	4	7
630371	4	630370	1	5
630374	3	630373	11	14
630388	11	174851	2	13
630405	8	630404	4	12
630417	4	630416	4	8
630420	5	630419	4	9
630422	1	630421	1	2
630429	5	630428	3	8
630438	2	174874	2	4
630448	3	630447	5	8
630452	1	630451	3	4
630460	3	630459	1	4
630466	5	630465	1	6
630479	1	630478	3	4
630486	5	630485	4	9
630490	1	630489	4	5
630493	4	630492	4	8
630497	1	630496	5	6
630503	4	630502	10	14
630507	5	630506	8	13
630511	7	630510	4	11
630512	3	174931	1	4
630514	3	630513	3	6
630524	2	630523	1	3
630527	1	630526	1	2
630531	22	630530	1	23
630539	2	630538	1	3
630550	4	630549	3	7
630565	4	630564	4	8
630568	1	630567	5	6
630571	1	630570	11	12
630582	3	630581	3	6
630584	2	916711	6	8
630591	2	630590	1	3
630593	9	630592	2	11
630596	4	630595	1	5
630599	5	630598	7	12
630610	3	630609	4	7
630620	3	630619	3	6
630632	4	630631	1	5
630643	2	630642	1	3
630647	3	630646	6	9
630650	9	630649	3	12
630654	2	916737	12	14
630662	3	630661	2	5
630664	4	630663	2	6
630671	4	630670	11	15
630674	6	630673	9	15
630682	7	630681	4	11
630684	2	630683	5	7
630691	8	630690	1	9
630695	3	916754	2	5
630696	10	336720	4	14
630709	1	175069	2	3
630715	15	630714	5	20
630720	4	630719	8	12
630723	4	175080	8	12
630726	11	630725	24	35
630728	10	630727	4	14
630731	6	630730	8	14
630736	2	630735	8	10
630738	4	175088	3	7
630740	3	630739	1	4
630747	2	630746	2	4
630749	4	630748	9	13
630760	4	630759	3	7
630772	6	630771	5	11
630794	2	630793	2	4
630801	7	630800	8	15
630808	3	630807	3	6
630811	5	630810	3	8
630817	3	630816	4	7
630820	4	630819	5	9
630822	3	630821	3	6
630828	7	630827	5	12
630839	10	630838	5	15
630854	4	630853	8	12
630869	5	630868	2	7
630887	1	630886	2	3
630889	6	630888	3	9
630892	4	630891	6	10
630896	5	630895	2	7
630899	12	630898	7	19
630929	3	630928	1	4
630930	3	175206	10	13
630940	1	630939	3	4
630949	3	630948	1	4
630953	2	630952	2	4
630956	2	630955	3	5
630958	3	630957	1	4
630960	1	630959	4	5
630971	3	630970	6	9
630980	1	175262	1	2
630987	3	630986	2	5
631015	2	631014	1	3
631021	1	631020	1	2
631023	1	631022	1	2
631026	1	631025	1	2
631040	1	631039	1	2
631045	2	631044	1	3
631049	2	631048	2	4
631053	1	631052	3	4
631068	1	631067	3	4
631073	3	631072	2	5
631090	13	631089	10	23
631092	1	631091	2	3
631096	2	631095	3	5
631110	9	631109	9	18
631148	3	631147	3	6
631159	3	631158	1	4
631162	1	631161	3	4
631174	14	631173	11	25
631222	2	175386	1	3
631228	3	631227	7	10
631244	2	631243	4	6
631247	1	631246	1	2
631250	1	631249	1	2
631255	2	631254	22	24
631273	1	631272	1	2
631285	1	631284	1	2
631305	1	631304	2	3
631308	1	631307	2	3
631313	4	631312	2	6
631320	13	631319	2	15
631350	3	631349	1	4
631363	8	631362	1	9
631375	3	631374	17	20
631406	7	631405	5	12
631410	6	917032	5	11
631414	1	631413	3	4
631431	1	631430	1	2
631451	2	631450	1	3
631456	3	631455	1	4
631462	2	631461	19	21
631464	1	631463	2	3
631479	2	631478	2	4
631483	8	175550	6	14
631492	2	631491	2	4
631497	138	631496	3	141
631499	2	631498	2	4
631514	7	631513	8	15
631521	1	631520	1	2
631523	2	631522	4	6
631527	2	631526	16	18
631541	2	631540	1	3
631558	2	631557	2	4
631564	5	631563	1	6
631575	2	631574	3	5
631577	15	631576	52	67
631587	1	631586	3	4
631596	2	631595	3	5
631631	2	631630	4	6
631639	2	631638	5	7
631649	2	631648	4	6
631657	3	631656	7	10
631661	1	631660	3	4
631665	1	631664	1	2
631667	4	631666	4	8
631669	1	631668	2	3
631695	4	631694	2	6
631718	3	175705	3	6
631720	5	631719	1	6
631727	5	631726	9	14
631737	1	631736	1	2
631742	2	175726	1	3
631780	2	631779	2	4
631800	1	631799	1	2
631802	2	631801	3	5
631837	8	631836	2	10
631845	1	631844	3	4
631864	2	631863	2	4
631867	1	631866	1	2
631874	25	631873	3	28
631905	2	631904	2	4
631908	2	631907	5	7
631922	1	631921	1	2
631949	2	631945	1	3
631955	6	631952	6	12
631957	1	631956	3	4
631986	3	631985	2	5
632016	11	632015	5	16
632032	1	632031	1	2
632039	1	632038	3	4
632068	12	632067	20	32
632076	2	632075	1	3
632080	1	632079	1	2
632112	2	632111	2	4
632118	1	632117	3	4
632128	4	632127	1	5
632154	2	632153	2	4
632156	27	632155	2	29
632162	1	632161	1	2
632176	1	632175	2	3
632184	1	632183	2	3
632186	2	632185	2	4
632222	2	175985	1	3
632227	1	632226	1	2
632239	2	336975	1	3
632248	1	632247	5	6
632279	6	632278	1	7
632316	2	632315	4	6
632325	3	632324	1	4
632328	2	632327	2	4
632335	3	632334	2	5
632379	5	632378	6	11
632384	6	632383	2	8
632388	1	176044	2	3
632397	1	632396	2	3
632400	2	632399	6	8
632403	27	632402	3	30
632406	1	632405	1	2
632445	4	632444	2	6
632454	4	337013	3	7
632460	1	632459	1	2
632472	3	632471	6	9
632505	3	632504	3	6
632507	2	632506	3	5
632511	4	632510	4	8
632518	1	632517	8	9
632526	2	632525	2	4
632537	6	632536	5	11
632542	6	632541	6	12
632551	4	632550	1	5
632555	6	632554	8	14
632567	5	632566	5	10
632572	1	632571	6	7
632574	5	176145	1	6
632576	1	632575	2	3
632580	7	632579	3	10
632585	5	176153	4	9
632594	1	632593	3	4
632604	1	632603	6	7
632620	3	632619	3	6
632621	9	176166	1	10
632624	9	632623	5	14
632638	4	632637	4	8
632641	24	632640	7	31
632646	8	632645	3	11
632656	8	632655	3	11
632658	5	632657	4	9
632661	7	632660	4	11
632664	6	632662	9	15
632678	2	632677	8	10
632694	19	632693	4	23
632696	2	632695	1	3
632705	5	176195	4	9
632708	8	632707	14	22
632719	6	632718	10	16
632725	4	176206	3	7
632728	10	632727	6	16
632731	7	632730	9	16
632744	3	632743	4	7
632745	7	176215	5	12
632748	4	632747	2	6
632753	13	632752	18	31
632757	1	632756	11	12
632761	13	632760	1	14
632769	7	632768	10	17
632772	5	632771	3	8
632773	4	917459	4	8
632775	8	632774	4	12
632778	2	632777	4	6
632795	2	632794	4	6
632805	24	632804	1	25
632814	5	632813	5	10
632816	2	632815	5	7
632825	3	632824	7	10
632830	8	632829	12	20
632832	9	632831	4	13
632833	3	917480	3	6
632839	8	632838	3	11
632846	3	632845	3	6
632848	5	632847	6	11
632851	1	632850	1	2
632858	4	632857	22	26
632869	8	632868	4	12
632874	4	632873	3	7
632878	3	632877	4	7
632880	6	632879	6	12
632894	7	632893	6	13
632898	3	632897	15	18
632901	13	632900	5	18
632903	12	632902	9	21
632910	5	632909	1	6
632918	12	632917	6	18
632922	7	632921	7	14
632924	7	632923	3	10
632931	3	632930	2	5
632934	7	632933	9	16
632949	3	632948	4	7
632951	10	632950	2	12
632956	3	632955	3	6
632961	8	632960	6	14
632968	5	632967	5	10
632974	4	632973	6	10
632976	3	632975	6	9
632978	3	176304	1	4
632988	9	176312	4	13
632999	5	632998	9	14
633005	3	633004	1	4
633007	5	633006	7	12
633010	2	633009	5	7
633026	6	633025	5	11
633028	4	633027	1	5
633036	8	633035	5	13
633039	3	633038	7	10
633042	4	633041	5	9
633045	11	176339	2	13
633053	10	633052	15	25
633060	6	917566	3	9
633063	3	633062	3	6
633071	10	633070	9	19
633076	4	633075	4	8
633090	3	633089	8	11
633095	10	633094	2	12
633101	13	633100	8	21
633103	13	633102	11	24
633109	2	633108	2	4
633115	3	633114	7	10
633120	8	633119	15	23
633121	5	176352	2	7
633125	3	917593	18	21
633136	4	633135	3	7
633147	8	176365	11	19
633150	4	633149	109	113
633160	3	633159	3	6
633165	3	633164	6	9
633167	19	917611	9	28
633173	1	176375	2	3
633179	4	633178	5	9
633181	11	633180	10	21
633184	5	633183	5	10
633189	4	633188	5	9
633191	1	633190	3	4
633199	6	176386	2	8
633202	11	633201	9	20
633205	7	633204	3	10
633214	6	337095	1	7
633237	9	176434	5	14
633241	4	633240	1	5
633249	2	633248	8	10
633264	4	633263	5	9
633267	8	633266	11	19
633271	1	633270	2	3
633275	8	633274	6	14
633283	3	633282	7	10
633294	4	633293	3	7
633297	4	633296	2	6
633300	7	633299	5	12
633312	3	633311	3	6
633316	4	633315	6	10
633328	1	633327	6	7
633333	2	633332	2	4
633337	2	633336	6	8
633340	2	633339	3	5
633343	5	633342	5	10
633349	4	176481	3	7
633352	5	633351	2	7
633353	4	176484	9	13
633357	3	633356	7	10
633359	3	633358	3	6
633368	7	633367	10	17
633370	13	633369	2	15
633380	8	633379	9	17
633384	12	633383	5	17
633386	4	633385	12	16
633392	9	633391	6	15
633394	8	176505	2	10
633397	9	633396	4	13
633401	4	633400	4	8
633409	9	633408	1	10
633416	2	633415	3	5
633446	8	633445	7	15
633456	1	633455	5	6
633461	5	917737	3	8
633464	5	633463	8	13
633466	6	633465	7	13
633474	6	633473	13	19
633476	13	633475	7	20
633489	3	633488	7	10
633491	4	633490	7	11
633494	12	633493	6	18
633496	5	633495	7	12
633499	13	633498	4	17
633501	3	917751	5	8
633509	5	337131	7	12
633513	4	633512	6	10
633516	9	633515	6	15
633519	5	633518	4	9
633524	3	633523	1	4
633528	3	633527	2	5
633531	5	633530	8	13
633534	5	633533	4	9
633539	3	633538	10	13
633541	1	633540	1	2
633546	11	633545	4	15
633550	11	633549	8	19
633553	1	633552	7	8
633555	10	633554	15	25
633592	5	633591	4	9
633594	5	633593	7	12
633596	8	633595	4	12
633599	20	633598	3	23
633601	2	633600	4	6
633604	8	633603	2	10
633609	4	633608	7	11
633611	1	633610	8	9
633614	1	633613	3	4
633618	3	633617	7	10
633622	1	633621	6	7
633627	10	633626	3	13
633637	13	917822	5	18
633643	2	633642	2	4
633646	8	633645	2	10
633649	2	633648	5	7
633652	3	633651	2	5
633661	2	633660	4	6
633680	1	633679	4	5
633688	1	633687	2	3
633694	5	633693	2	7
633696	2	176611	2	4
633722	5	633721	3	8
633742	10	633741	5	15
633745	4	633744	9	13
633747	8	633746	2	10
633750	4	633749	5	9
633759	4	176624	3	7
633762	6	633761	20	26
633764	3	633763	7	10
633773	9	633772	6	15
633778	5	633777	9	14
633783	6	633782	15	21
633787	7	633786	6	13
633799	9	633798	8	17
633802	8	633801	5	13
633805	2	633804	11	13
633807	9	633806	11	20
633809	7	633808	6	13
633815	8	633814	7	15
633818	9	633816	8	17
633820	3	633819	7	10
633823	8	633822	6	14
633830	6	633829	4	10
633832	11	633831	4	15
633839	7	176657	2	9
633840	8	917903	5	13
633844	12	176661	2	14
633847	4	633846	4	8
633850	4	633849	11	15
633864	7	633863	4	11
633875	1	633874	5	6
633883	1	633882	7	8
633888	2	633887	9	11
633899	1	633898	1	2
633904	6	633903	4	10
633912	4	633911	6	10
633915	34	633914	4	38
633927	7	633926	9	16
633938	2	633937	5	7
633948	6	633947	4	10
633951	2	633950	6	8
633953	8	633952	15	23
633955	9	633954	6	15
633958	4	633957	2	6
633959	3	917942	5	8
633965	11	633964	4	15
633970	6	633969	99	105
633985	9	337167	9	18
633991	4	633990	7	11
633993	4	633992	6	10
633999	3	633998	8	11
634013	8	634012	4	12
634025	8	634024	5	13
634033	7	634032	9	16
634040	8	634039	6	14
634051	12	634050	7	19
634054	13	634053	4	17
634057	4	634056	4	8
634064	22	634063	7	29
634066	3	634065	5	8
634071	9	634070	8	17
634078	3	634077	2	5
634084	3	634083	5	8
634093	5	634092	2	7
634098	8	634097	9	17
634101	6	634100	15	21
634112	1	634111	3	4
634114	8	634113	4	12
634119	5	634118	4	9
634136	11	634135	10	21
634138	9	918003	6	15
634153	1	337186	8	9
634168	2	634167	3	5
634170	1	634169	4	5
634175	3	634174	2	5
634178	5	634177	4	9
634182	5	634181	5	10
634186	5	634185	5	10
634192	5	634191	5	10
634195	8	634194	6	14
634200	8	634199	5	13
634205	4	634204	5	9
634209	5	634208	4	9
634210	10	918037	9	19
634212	12	634211	3	15
634217	11	634216	7	18
634219	4	634218	15	19
634223	8	634222	3	11
634240	3	634239	9	12
634244	7	634243	14	21
634253	4	634252	7	11
634277	6	634276	7	13
634280	3	634279	2	5
634285	29	634284	4	33
634287	3	634286	9	12
634289	6	634288	2	8
634293	2	634292	1	3
634298	5	634297	5	10
634305	3	634304	2	5
634309	2	634308	16	18
634316	8	634315	2	10
634322	9	634321	8	17
634328	1	634327	7	8
634336	4	634335	6	10
634345	5	634344	4	9
634347	5	634346	8	13
634351	2	634350	4	6
634366	6	634365	1	7
634372	4	634371	6	10
634376	6	634375	9	15
634378	3	634377	5	8
634385	2	634384	2	4
634389	7	634388	6	13
634391	5	634390	4	9
634409	10	634408	5	15
634411	4	634410	7	11
634422	5	634421	2	7
634435	7	634434	7	14
634436	3	337211	2	5
634442	10	634441	4	14
634448	1	634447	9	10
634451	3	634450	19	22
634453	7	634452	13	20
634457	1	634456	5	6
634464	2	634463	3	5
634468	1	634467	2	3
634473	7	337212	2	9
634480	4	634479	7	11
634498	8	634497	1	9
634500	5	634499	2	7
634502	9	634501	8	17
634505	6	634504	8	14
634510	5	634509	3	8
634516	11	634515	5	16
634520	1	634519	8	9
634522	8	634521	3	11
634524	3	634523	4	7
634528	15	634527	1	16
634540	9	918162	2	11
634548	9	634547	36	45
634551	4	634550	5	9
634554	12	634553	3	15
634556	1	634555	4	5
634566	6	634565	5	11
634569	14	634568	5	19
634575	7	634574	4	11
634578	8	634577	11	19
634584	1	634583	4	5
634613	15	634612	9	24
634618	2	634617	8	10
634624	4	634623	4	8
634636	6	634635	7	13
634647	4	634646	6	10
634654	3	634653	8	11
634659	9	634658	5	14
634663	4	634662	3	7
634670	8	634669	5	13
634672	1	634671	2	3
634676	3	176953	3	6
634678	4	634677	5	9
634679	7	176954	2	9
634689	10	634688	4	14
634699	3	634698	2	5
634704	4	634703	2	6
634706	4	634705	2	6
634709	4	634708	4	8
634719	5	634718	2	7
634720	6	176971	3	9
634726	4	634725	5	9
634737	3	634736	2	5
634738	6	918240	4	10
634742	6	176987	14	20
634744	5	634743	4	9
634746	13	634745	1	14
634752	1	634751	4	5
634762	1	634761	1	2
634763	1	337247	4	5
634767	2	634766	2	4
634774	3	634773	9	12
634776	7	634775	3	10
634780	6	634779	2	8
634785	1	634784	4	5
634789	1	634788	1	2
634793	7	634792	1	8
634794	3	176997	2	5
634798	5	634797	8	13
634806	2	634805	4	6
634814	2	634813	1	3
634832	6	634831	4	10
634844	8	634843	6	14
634848	3	634847	5	8
634855	3	634854	9	12
634870	8	634869	3	11
634887	4	634886	4	8
634898	9	177050	2	11
634902	3	634901	5	8
634905	1	634904	10	11
634918	10	634917	6	16
634930	5	634929	1	6
634933	8	634932	3	11
634936	1	634935	7	8
634942	20	634941	17	37
634944	5	634943	3	8
634950	8	634949	7	15
634958	2	634957	1	3
634962	2	634961	3	5
634970	5	634969	2	7
634990	5	634989	2	7
634992	4	634991	9	13
634999	5	634998	1	6
635001	8	177083	7	15
635005	2	635004	2	4
635011	1	635010	2	3
635021	15	635020	3	18
635023	4	635022	7	11
635025	2	635024	2	4
635030	8	635029	3	11
635032	2	635031	4	6
635036	6	635035	1	7
635044	2	635043	3	5
635060	2	635059	9	11
635062	1	635061	4	5
635092	3	635091	3	6
635097	1	635096	6	7
635109	6	635108	2	8
635111	4	177116	3	7
635114	2	177117	1	3
635123	2	635122	1	3
635144	2	635143	4	6
635146	3	635145	14	17
635151	1	177140	2	3
635158	1	177142	6	7
635170	2	635169	3	5
635178	4	635177	22	26
635181	4	635180	16	20
635189	1	635188	3	4
635195	3	635194	4	7
635203	3	177161	6	9
635211	1	635210	1	2
635213	2	635212	3	5
635230	2	635229	2	4
635233	4	635232	1	5
635243	2	635242	4	6
635247	11	635246	6	17
635256	6	635255	3	9
635265	2	635264	12	14
635268	3	635267	10	13
635276	1	635275	5	6
635278	13	635277	5	18
635287	3	635286	5	8
635302	2	337331	1	3
635319	2	177227	2	4
635328	3	635327	3	6
635336	5	635335	4	9
635339	1	635338	7	8
635378	10	635377	6	16
635382	2	635381	7	9
635392	2	635391	9	11
635395	9	635394	9	18
635398	7	635397	9	16
635400	3	635399	6	9
635405	8	635404	9	17
635407	6	635406	8	14
635410	10	635409	4	14
635412	1	635411	7	8
635415	5	635414	6	11
635419	4	635418	4	8
635435	31	635434	9	40
635438	1	635437	1	2
635446	5	918544	2	7
635449	3	635448	5	8
635459	2	635458	4	6
635466	1	635465	5	6
635480	8	635479	16	24
635485	3	635483	5	8
635487	23	635486	7	30
635501	9	635500	4	13
635509	9	635508	3	12
635511	1	635510	3	4
635512	8	337367	7	15
635516	7	177321	5	12
635522	2	635521	6	8
635533	1	635532	6	7
635540	10	635539	5	15
635553	1	635552	2	3
635571	5	635570	3	8
635573	1	635572	1	2
635575	7	635574	11	18
635580	5	635579	3	8
635583	5	635582	4	9
635585	2	635584	3	5
635588	1	635587	6	7
635590	5	635589	6	11
635596	4	635595	2	6
635598	6	635597	7	13
635603	4	635602	3	7
635614	2	635613	2	4
635618	5	918604	10	15
635628	2	635627	4	6
635635	3	918610	2	5
635650	4	635649	9	13
635667	5	635666	8	13
635669	5	635668	8	13
635674	1	635673	7	8
635685	7	635684	4	11
635696	3	635695	9	12
635698	9	177348	5	14
635709	7	635708	7	14
635712	4	635711	6	10
635719	8	635718	1	9
635727	5	635726	8	13
635729	3	635728	1	4
635732	5	635731	3	8
635743	4	635742	4	8
635754	4	635753	15	19
635761	10	635760	4	14
635779	8	635778	2	10
635780	4	177375	12	16
635800	8	635799	6	14
635803	3	635802	9	12
635807	3	635806	4	7
635809	23	635808	3	26
635811	3	635810	1	4
635814	5	635813	18	23
635829	2	635828	7	9
635835	8	635834	6	14
635846	3	635845	4	7
635875	7	635874	12	19
635876	11	177427	5	16
635889	5	635888	5	10
635893	7	177444	4	11
635910	4	635909	6	10
635911	4	177452	2	6
635917	6	635916	7	13
635928	3	635927	5	8
635932	3	635931	2	5
635944	2	635943	1	3
635972	6	635971	22	28
635983	6	635982	6	12
635995	1	635994	4	5
635997	5	635996	10	15
636008	5	337414	7	12
636013	6	636012	3	9
636031	1	636030	5	6
636035	9	636034	7	16
636039	4	636038	12	16
636047	4	636046	8	12
636053	6	636052	2	8
636056	6	636055	9	15
636061	5	918751	7	12
636073	5	636072	3	8
636085	5	636084	7	12
636091	15	636090	6	21
636097	12	636096	7	19
636099	8	636098	1	9
636101	8	177498	6	14
636109	8	636108	18	26
636121	22	636120	1	23
636126	12	636125	7	19
636130	6	636129	5	11
636134	3	636133	2	5
636141	9	636140	4	13
636143	5	636142	13	18
636155	3	636154	12	15
636158	10	177512	4	14
636181	13	636180	5	18
636189	5	636188	1	6
636192	5	636191	5	10
636210	3	636209	5	8
636217	8	636216	9	17
636231	6	636230	5	11
636233	3	636232	7	10
636236	2	636235	6	8
636238	10	636237	10	20
636253	6	636252	2	8
636260	6	636259	3	9
636265	2	636264	6	8
636271	2	636270	1	3
636277	3	636276	2	5
636283	5	636282	5	10
636285	5	636284	26	31
636299	5	636298	1	6
636303	4	636302	3	7
636305	2	636304	4	6
636314	4	636313	6	10
636317	3	636316	1	4
636333	10	636332	5	15
636339	3	636338	4	7
636345	8	636344	4	12
636348	4	636347	10	14
636351	2	636350	4	6
636353	4	636352	10	14
636375	6	636374	4	10
636380	8	636379	9	17
636383	7	636382	14	21
636394	1	636393	3	4
636396	3	636395	4	7
636406	7	636405	2	9
636413	2	636412	9	11
636415	8	636414	2	10
636424	5	636423	5	10
636439	5	636438	1	6
636442	4	177629	5	9
636448	11	636447	7	18
636456	3	636455	1	4
636461	8	636460	5	13
636468	1	636467	5	6
636479	5	177648	2	7
636488	5	636487	1	6
636493	5	636492	11	16
636496	1	636495	4	5
636502	2	636501	9	11
636505	3	636503	112	115
636515	1	636514	2	3
636517	3	177660	8	11
636521	2	636520	1	3
636524	7	636523	7	14
636538	4	636537	1	5
636551	9	177673	2	11
636561	3	636560	10	13
636563	6	636562	1	7
636564	1	1070107	7	8
636572	4	918959	8	12
636575	4	636574	4	8
636583	5	636582	4	9
636585	7	636584	12	19
636588	17	636587	5	22
636594	5	636593	5	10
636596	7	636595	4	11
636598	6	636597	5	11
636606	3	636605	2	5
636611	12	636610	2	14
636612	1	636608	1	2
636617	6	636616	5	11
636636	10	636635	2	12
636639	5	636638	11	16
636641	8	636640	5	13
636643	1	636642	4	5
636645	2	636644	7	9
636660	2	177704	5	7
636667	1	636666	8	9
636669	6	636668	6	12
636675	4	636674	2	6
636680	8	636679	3	11
636683	3	636682	1	4
636689	3	918995	5	8
636692	4	636691	3	7
636702	3	636701	8	11
636705	11	636704	6	17
636712	1	636711	7	8
636714	17	636713	2	19
636723	6	177720	2	8
636727	1	636726	4	5
636742	5	636741	2	7
636746	1	636745	8	9
636750	12	636749	5	17
636760	4	636759	6	10
636770	2	636769	1	3
636776	2	636775	4	6
636779	4	636778	5	9
636784	2	919032	2	4
636788	3	636787	5	8
636790	6	636789	4	10
636797	10	636796	9	19
636799	8	919038	2	10
636801	1	636800	4	5
636803	1	636802	6	7
636806	5	636805	3	8
636808	10	636807	7	17
636810	2	636809	8	10
636813	5	177747	1	6
636816	3	177748	1	4
636829	4	636828	7	11
636839	6	636838	6	12
636842	8	636841	4	12
636845	6	636844	11	17
636850	8	636849	3	11
636856	5	636855	3	8
636862	2	636861	5	7
636876	6	636875	2	8
636881	2	636880	8	10
636883	7	636882	7	14
636886	8	177782	4	12
636890	4	177785	3	7
636903	7	636902	4	11
636905	2	636904	7	9
636907	4	636906	2	6
636932	2	177807	3	5
636937	6	919086	3	9
636945	5	636944	7	12
636949	17	177816	2	19
636961	5	636960	2	7
636970	9	636969	4	13
636972	14	636971	4	18
636991	7	177831	2	9
637004	6	637003	4	10
637008	5	637007	5	10
637011	9	637010	4	13
637013	2	637012	5	7
637015	12	637014	5	17
637017	2	637016	8	10
637034	1	637033	5	6
637048	6	637047	3	9
637051	3	637050	10	13
637054	11	637053	5	16
637056	4	637055	15	19
637065	3	637064	14	17
637077	9	637076	4	13
637079	3	637078	5	8
637085	5	637084	10	15
637088	3	637087	8	11
637098	5	637097	1	6
637100	10	919159	3	13
637102	3	637101	6	9
637104	3	637103	3	6
637106	7	637105	13	20
637114	14	637113	3	17
637119	11	637118	3	14
637121	4	637120	7	11
637133	5	637132	5	10
637137	3	637136	3	6
637143	3	637142	6	9
637165	6	637164	1	7
637171	3	177906	11	14
637187	8	637186	4	12
637192	4	637191	3	7
637200	7	637199	2	9
637208	2	177926	1	3
637212	7	637211	8	15
637214	7	637213	8	15
637222	4	919202	3	7
637225	8	177938	5	13
637227	1	637226	1	2
637233	1	637232	4	5
637244	3	637243	1	4
637250	6	177959	2	8
637259	7	637258	1	8
637271	4	637270	3	7
637284	2	177991	1	3
637286	7	177992	1	8
637322	4	637321	2	6
637332	1	637331	4	5
637334	1	637333	1	2
637351	4	637350	6	10
637358	4	637357	8	12
637367	1	637366	5	6
637372	2	919267	9	11
637373	6	337561	4	10
637379	2	637378	2	4
637386	6	637385	4	10
637400	4	637399	4	8
637402	11	637401	2	13
637429	15	337582	2	17
637443	2	637442	6	8
637448	2	637447	4	6
637449	1	178130	3	4
637458	2	637457	3	5
637461	4	637460	3	7
637463	2	337592	7	9
637474	3	637473	1	4
637478	11	637477	5	16
637488	2	637487	7	9
637501	3	637500	2	5
637510	4	637509	6	10
637516	2	637515	5	7
637520	4	637519	6	10
637523	4	637522	13	17
637527	3	637526	3	6
637529	3	637528	3	6
637542	3	637541	13	16
637551	6	637550	5	11
637566	1	637565	2	3
637570	4	637569	2	6
637594	2	178244	6	8
637597	2	637596	8	10
637599	5	637598	2	7
637602	1	637601	2	3
637605	8	178257	2	10
637609	4	337620	1	5
637623	11	637622	4	15
637625	3	637624	3	6
637628	1	637627	7	8
637632	5	637631	1	6
637637	3	637636	44	47
637656	3	637655	2	5
637666	4	637665	1	5
637675	5	637674	3	8
637678	5	178318	2	7
637683	1	637682	3	4
637689	1	637688	4	5
637694	2	637693	4	6
637704	5	637703	9	14
637711	9	637710	6	15
637715	10	637714	3	13
637721	12	637720	6	18
637736	1	919416	7	8
637740	1	637739	3	4
637746	6	637745	3	9
637751	2	637750	7	9
637753	1	637752	10	11
637776	1	637775	2	3
637798	3	178414	4	7
637808	2	637807	6	8
637811	3	637810	15	18
637815	2	637814	4	6
637827	7	637826	3	10
637834	2	637833	3	5
637836	3	637835	5	8
637851	4	919481	5	9
637866	1	637865	9	10
637868	2	637867	2	4
637880	4	637879	2	6
637881	5	178464	3	8
637890	13	337681	6	19
637892	2	637891	6	8
637909	1	637908	6	7
637910	6	919508	5	11
637919	5	637918	5	10
637929	4	637928	3	7
637931	12	637930	4	16
637935	7	637934	4	11
637938	4	637937	2	6
637941	3	637940	2	5
637945	1	637944	4	5
637950	4	637949	4	8
637955	2	637954	3	5
637957	3	178511	1	4
637968	3	178525	4	7
637970	3	637969	4	7
637975	4	637974	3	7
637981	9	637980	8	17
638007	4	638006	3	7
638027	10	638026	7	17
638032	3	638031	2	5
638037	4	638036	9	13
638039	6	638038	1	7
638041	8	638040	2	10
638051	3	638050	2	5
638053	6	638052	6	12
638064	7	638063	4	11
638071	2	337712	6	8
638073	2	638072	4	6
638076	4	638075	7	11
638078	1	638077	7	8
638081	11	638080	3	14
638086	6	638085	6	12
638107	3	638106	9	12
638110	1	178596	1	2
638117	6	638116	6	12
638128	6	178631	1	7
638130	4	638129	3	7
638137	1	638136	5	6
638160	5	638159	6	11
638166	2	638165	1	3
638179	1	638178	3	4
638181	2	638180	5	7
638184	7	178663	4	11
638190	7	178669	4	11
638197	5	638196	1	6
638200	2	638199	1	3
638204	1	638203	1	2
638206	11	638205	2	13
638208	5	178683	2	7
638210	2	178689	1	3
638217	1	638216	3	4
638221	1	638220	4	5
638223	1	638222	2	3
638225	1	638224	4	5
638228	2	638227	4	6
638231	3	638230	1	4
638240	3	178718	3	6
638257	2	638256	5	7
638259	13	638258	2	15
638261	4	638260	6	10
638268	6	638267	19	25
638287	4	638286	1	5
638290	13	638289	4	17
638293	1	638292	5	6
638294	7	919669	5	12
638295	14	337750	3	17
638302	4	638301	2	6
638306	3	638305	2	5
638309	4	638308	1	5
638312	5	638311	5	10
638320	2	638319	2	4
638323	6	638322	3	9
638325	1	638324	1	2
638331	6	638330	3	9
638335	1	638334	9	10
638340	1	638339	5	6
638367	9	638366	6	15
638368	1	178818	5	6
638376	3	638375	4	7
638390	10	638389	3	13
638398	1	638397	2	3
638401	1	638400	2	3
638408	6	638407	7	13
638415	1	638414	5	6
638418	4	178850	7	11
638421	1	178857	1	2
638426	5	638425	5	10
638431	4	638430	3	7
638448	1	638447	2	3
638456	11	638455	1	12
638472	3	178886	2	5
638474	10	638473	7	17
638476	6	638475	6	12
638484	1	638483	7	8
638488	4	178895	1	5
638493	3	638492	5	8
638499	3	638498	2	5
638502	1	638501	2	3
638506	4	638505	2	6
638512	2	638511	3	5
638525	18	638524	4	22
638528	4	638527	4	8
638538	8	638537	1	9
638544	4	638543	1	5
638546	6	178948	1	7
638550	6	638549	1	7
638555	9	638554	6	15
638557	3	638556	6	9
638565	2	638564	2	4
638569	5	638568	9	14
638576	1	638575	9	10
638597	4	638596	2	6
638600	11	638599	2	13
638602	3	638601	2	5
638605	6	638604	2	8
638622	8	638621	3	11
638626	15	638625	19	34
638629	5	638628	2	7
638631	7	638630	4	11
638660	6	638659	6	12
638667	3	638666	5	8
638671	16	638670	2	18
638678	3	638677	3	6
638683	3	638682	8	11
638693	7	638692	4	11
638697	1	638696	3	4
638707	3	638706	4	7
638714	3	638713	3	6
638716	4	638715	5	9
638720	13	638719	2	15
638723	1	638722	7	8
638726	2	638725	12	14
638736	3	638735	2	5
638741	5	638740	3	8
638758	2	638757	7	9
638765	3	179068	1	4
638770	4	638769	3	7
638789	1	638788	1	2
638793	5	638792	6	11
638796	8	638795	5	13
638797	1	919867	3	4
638800	2	638799	2	4
638803	1	638802	1	2
638804	4	337836	5	9
638807	4	638806	5	9
638836	1	638835	4	5
638839	3	638838	4	7
638854	7	638853	9	16
638868	4	638867	6	10
638875	3	638874	1	4
638878	4	638877	4	8
638879	3	179145	5	8
638881	4	638880	6	10
638886	5	919898	4	9
638889	3	337851	1	4
638892	5	638891	3	8
638893	10	179151	2	12
638897	3	638896	12	15
638930	9	638929	10	19
638938	2	638937	1	3
638950	2	638949	2	4
638959	4	638958	6	10
638961	3	638960	5	8
638965	10	919921	7	17
638970	9	638969	4	13
638984	4	638983	8	12
638988	2	638987	6	8
638994	4	638993	5	9
638996	4	638995	4	8
639004	1	639003	2	3
639006	3	639005	3	6
639009	7	639008	3	10
639019	3	639018	3	6
639022	4	639021	1	5
639026	5	639025	2	7
639029	3	639028	4	7
639037	5	639036	7	12
639040	2	337877	2	4
639047	4	639046	3	7
639051	3	639050	1	4
639068	6	639067	8	14
639070	3	639069	2	5
639071	1	179229	7	8
639074	8	639073	1	9
639078	8	639077	3	11
639079	5	919953	2	7
639086	1	639085	5	6
639090	2	639089	4	6
639102	4	639101	3	7
639105	1	639104	1	2
639119	8	639118	6	14
639123	7	639122	7	14
639127	4	639126	3	7
639144	4	639143	2	6
639157	2	639156	8	10
639168	1	639167	1	2
639170	14	639169	4	18
639185	1	179320	2	3
639193	1	639192	3	4
639199	3	639198	4	7
639202	1	639201	2	3
639207	1	639206	2	3
639216	5	639215	6	11
639219	4	179337	4	8
639233	1	639232	7	8
639239	3	179348	6	9
639242	6	639241	4	10
639251	4	920014	1	5
639255	5	639254	8	13
639270	5	639269	2	7
639272	1	639271	2	3
639281	1	639280	2	3
639288	3	639287	5	8
639290	3	639289	1	4
639298	1	639297	2	3
639310	1	639309	4	5
639313	4	639312	4	8
639321	2	639320	3	5
639323	7	639322	2	9
639328	5	639327	2	7
639329	8	179389	5	13
639337	3	639336	2	5
639346	5	639345	2	7
639359	1	639358	3	4
639375	5	639374	6	11
639391	1	639390	1	2
639394	1	639393	2	3
639398	2	639397	2	4
639407	2	639406	2	4
639409	2	639408	2	4
639416	4	179457	2	6
639421	1	179463	1	2
639427	9	639426	2	11
639434	1	920074	3	4
639439	2	639438	3	5
639441	1	639440	1	2
639446	2	639445	1	3
639458	3	639457	3	6
639481	1	639480	1	2
639493	2	639492	4	6
639496	1	639495	3	4
639498	1	639497	1	2
639501	1	639500	3	4
639503	8	639502	7	15
639508	2	639507	2	4
639511	2	639510	3	5
639513	1	639512	1	2
639521	1	639520	3	4
639523	2	639522	4	6
639525	1	639524	2	3
639538	4	639537	5	9
639541	2	639540	2	4
639545	1	639544	2	3
639548	3	639547	1	4
639564	3	639563	1	4
639571	1	639570	6	7
639574	6	639573	4	10
639597	6	639596	5	11
639602	3	639601	2	5
639606	1	639605	3	4
639614	1	179585	1	2
639624	1	639623	3	4
639633	3	639632	4	7
639656	1	639655	1	2
639661	1	639660	2	3
639678	1	639677	1	2
639681	1	639680	1	2
639687	4	639686	2	6
639694	2	639693	1	3
639697	6	639696	1	7
639700	1	639699	2	3
639705	12	920183	5	17
639710	2	639709	1	3
639712	1	639711	1	2
639721	1	639720	2	3
639723	1	639722	3	4
639729	4	639728	2	6
639738	5	639737	2	7
639742	4	639741	3	7
639746	2	639745	3	5
639748	9	639747	3	12
639753	10	920203	4	14
639756	2	639755	3	5
639776	4	639775	2	6
639781	2	179728	1	3
639792	5	639791	6	11
639800	6	179745	5	11
639804	4	639803	3	7
639826	9	639825	4	13
639830	1	639829	2	3
639833	2	639832	8	10
639843	5	639842	2	7
639846	2	639845	10	12
639849	5	338020	7	12
639853	5	639852	7	12
639877	12	639876	5	17
639882	3	639881	8	11
639883	5	1071167	3	8
639891	2	920264	4	6
639906	2	639905	3	5
639912	2	639911	1	3
639923	11	639922	1	12
639927	3	639926	10	13
639932	2	639931	4	6
639947	1	639946	1	2
639959	2	179888	2	4
639975	1	179906	2	3
639981	5	639980	1	6
639985	3	639984	4	7
639990	2	639989	2	4
640014	8	640013	4	12
640023	4	1071199	1	5
640027	2	640026	15	17
640033	1	640032	4	5
640042	1	640041	2	3
640045	7	640044	5	12
640047	4	640046	3	7
640056	2	640055	4	6
640062	4	640061	1	5
640065	7	179960	5	12
640067	2	179965	1	3
640074	2	640073	4	6
640077	3	640076	2	5
640079	1	640078	2	3
640087	1	640086	7	8
640090	4	640089	13	17
640100	3	640099	17	20
640105	4	640104	6	10
640109	2	640108	3	5
640116	6	640115	7	13
640134	3	640133	5	8
640147	1	640146	5	6
640159	1	640158	2	3
640170	1	640169	6	7
640177	8	640176	4	12
640179	2	640178	6	8
640183	2	180046	1	3
640188	4	640187	1	5
640202	1	640201	1	2
640214	4	640213	1	5
640220	1	640219	1	2
640238	1	640237	8	9
640240	3	640239	3	6
640246	6	640245	22	28
640251	1	640250	2	3
640255	5	640254	2	7
640260	1	640259	1	2
640265	3	640264	2	5
640285	3	640284	3	6
640290	2	640289	2	4
640300	1	640299	8	9
640306	1	640305	4	5
640315	6	640314	2	8
640317	1	640316	2	3
640323	4	640322	1	5
640328	3	640327	1	4
640330	1	920444	5	6
640335	5	640334	2	7
640337	2	640336	6	8
640341	6	640340	2	8
640352	2	180235	3	5
640356	7	640355	2	9
640365	4	640364	1	5
640373	2	640372	1	3
640391	3	640390	1	4
640392	10	920477	2	12
640395	6	640394	2	8
640409	2	640408	1	3
640411	4	920490	3	7
640416	2	920494	4	6
640457	1	640456	1	2
640472	1	180361	1	2
640475	1	640474	1	2
640479	1	640478	2	3
640483	8	640480	11	19
640484	1	180377	3	4
640488	2	640487	1	3
640490	1	640489	2	3
640493	1	640492	1	2
640496	8	640495	9	17
640504	1	640503	3	4
640520	10	640519	5	15
640526	3	640525	2	5
640528	2	640527	7	9
640542	2	640541	10	12
640562	4	640561	1	5
640567	17	640566	4	21
640576	2	640575	3	5
640580	2	640579	3	5
640582	2	640581	2	4
640585	3	640584	6	9
640588	2	640587	1	3
640594	2	640593	1	3
640597	1	640596	4	5
640607	4	640606	9	13
640629	1	640628	5	6
640631	3	640630	2	5
640639	13	180530	2	15
640648	1	640647	6	7
640652	4	180546	5	9
640656	4	640655	4	8
640662	3	640661	6	9
640678	3	640677	1	4
640690	5	640689	2	7
640696	1	640695	3	4
640699	5	640698	2	7
640706	3	180604	2	5
640708	3	640707	2	5
640715	13	640714	6	19
640717	5	640716	3	8
640733	21	640732	4	25
640743	6	640742	3	9
640754	2	338257	2	4
640759	3	640758	4	7
640761	9	180636	4	13
640763	1	640762	2	3
640767	2	640766	6	8
640770	4	640769	1	5
640772	3	640771	4	7
640779	5	640778	7	12
640787	8	640786	1	9
640792	3	640791	2	5
640802	1	640801	4	5
640817	3	640816	13	16
640825	12	640824	2	14
640834	3	640833	4	7
640845	2	640844	7	9
640866	1	640865	2	3
640879	1	640878	2	3
640903	6	640902	9	15
640905	3	640904	2	5
640909	2	920709	3	5
640911	2	920710	1	3
640917	1	640916	1	2
640919	5	180806	1	6
640923	2	640922	7	9
640925	2	640924	5	7
640927	11	640926	5	16
640931	2	640930	4	6
640946	3	640945	21	24
640955	9	640954	6	15
640956	2	180837	3	5
640959	3	640958	1	4
640962	2	640961	5	7
640964	3	640963	8	11
640970	3	640969	6	9
640973	2	640972	3	5
640979	2	640978	3	5
640987	3	640986	2	5
640989	2	180861	3	5
640996	5	180870	2	7
640998	3	640997	3	6
641000	7	180879	1	8
641005	2	641004	2	4
641007	5	180887	6	11
641009	1	641008	3	4
641012	3	641011	5	8
641014	3	641013	5	8
641018	5	641017	3	8
641024	2	641023	3	5
641026	2	641025	3	5
641029	3	641028	1	4
641057	5	641056	2	7
641060	3	641059	3	6
641066	11	641065	3	14
641068	2	641067	4	6
641084	5	641083	3	8
641087	2	641086	3	5
641094	2	641093	1	3
641122	3	641121	2	5
641125	6	641124	2	8
641135	2	641134	1	3
641144	1	641143	3	4
641150	1	641149	7	8
641156	1	641155	4	5
641158	6	641157	2	8
641165	4	641164	2	6
641169	9	641168	2	11
641170	2	181050	6	8
641176	5	181055	6	11
641178	2	641177	8	10
641180	5	641179	2	7
641183	32	641182	3	35
641185	3	641184	5	8
641187	3	641186	2	5
641190	2	641189	1	3
641195	2	641194	1	3
641197	2	641196	4	6
641231	4	641230	4	8
641235	2	641234	2	4
641243	3	641242	3	6
641246	1	641245	12	13
641252	4	181122	4	8
641256	6	641255	14	20
641257	6	181130	3	9
641267	2	641266	4	6
641273	5	641272	6	11
641275	12	641274	8	20
641288	7	641287	2	9
641311	1	641310	2	3
641326	5	641325	2	7
641331	4	641330	2	6
641338	2	641337	1	3
641348	1	641347	7	8
641360	2	641359	1	3
641364	2	181230	3	5
641376	3	641375	2	5
641379	1	641378	3	4
641407	1	641406	2	3
641430	1	641429	3	4
641434	18	641433	2	20
641435	4	181308	3	7
641443	4	641442	1	5
641445	2	641444	2	4
641456	4	641455	14	18
641458	11	641457	8	19
641462	4	181326	3	7
641465	2	641464	3	5
641467	1	641466	1	2
641470	11	641469	6	17
641477	2	641476	1	3
641478	1	181345	1	2
641493	1	641492	2	3
641498	2	641497	1	3
641518	2	641517	4	6
641527	4	641526	7	11
641531	6	641530	3	9
641538	2	641537	3	5
641550	1	641549	1	2
641554	2	641553	7	9
641556	3	920989	3	6
641570	2	338424	35	37
641580	2	641579	2	4
641588	3	641587	3	6
641599	4	181440	2	6
641612	1	641611	3	4
641614	3	641613	1	4
641617	2	641616	1	3
641623	2	181454	1	3
641635	5	641634	6	11
641643	4	641642	12	16
641647	3	641646	7	10
641651	4	181471	6	10
641665	2	641664	1	3
641681	10	181498	1	11
641701	3	641700	5	8
641731	3	641730	6	9
641733	2	641732	2	4
641749	8	338457	6	14
641752	6	641751	2	8
641756	3	181553	1	4
641769	2	641768	2	4
641779	3	641778	9	12
641784	2	641783	7	9
641792	6	641791	2	8
641794	11	641793	26	37
641796	3	641795	4	7
641805	9	641804	3	12
641825	4	641824	3	7
641831	1	641830	1	2
641833	1	641832	3	4
641837	1	181622	3	4
641839	1	641838	1	2
641842	1	641841	1	2
641845	6	641844	3	9
641858	6	641857	5	11
641859	5	181638	3	8
641862	1	641861	6	7
641863	6	181650	7	13
641875	4	921123	1	5
641884	20	641883	5	25
641886	1	641885	1	2
641892	4	641891	5	9
641922	5	641921	2	7
641937	5	641936	6	11
641947	5	181720	4	9
641949	1	641948	6	7
641952	3	641951	7	10
641957	3	641956	5	8
641959	3	338508	1	4
641968	4	641967	5	9
641978	11	641977	1	12
641985	3	641984	5	8
641987	6	641986	13	19
641988	6	338510	11	17
641999	3	641998	7	10
642009	1	642008	2	3
642018	2	642017	1	3
642026	6	181767	1	7
642030	2	642029	3	5
642032	2	642031	9	11
642043	5	642042	3	8
642048	5	642047	10	15
642051	6	642050	1	7
642053	3	642052	3	6
642064	3	642063	4	7
642067	2	642066	4	6
642073	3	642072	2	5
642079	10	642078	7	17
642090	3	642089	4	7
642093	1	642092	2	3
642101	2	642100	2	4
642103	5	642102	1	6
642104	3	181804	3	6
642108	1	181811	1	2
642119	5	642118	3	8
642125	4	642124	1	5
642127	3	642126	3	6
642148	2	642147	1	3
642154	9	642153	1	10
642163	3	642162	133	136
642165	2	642164	4	6
642182	9	642181	1	10
642184	3	642183	5	8
642188	5	642187	5	10
642190	3	181878	6	9
642200	6	642199	2	8
642215	3	181900	2	5
642224	8	642223	4	12
642226	2	642225	2	4
642227	3	181911	3	6
642231	4	181913	3	7
642236	2	181917	3	5
642239	14	642238	3	17
642243	7	642242	5	12
642244	6	338561	11	17
642247	4	642246	6	10
642255	3	642254	19	22
642259	5	642258	6	11
642262	2	642261	7	9
642265	4	642264	9	13
642268	1	642267	1	2
642270	2	642269	2	4
642272	2	642271	5	7
642280	4	642279	2	6
642281	5	181939	4	9
642285	3	642284	3	6
642294	1	642293	1	2
642309	4	642308	2	6
642314	2	642313	2	4
642318	1	642317	5	6
642328	7	642327	3	10
642334	12	642333	4	16
642340	6	642339	4	10
642343	1	181986	3	4
642355	3	642354	5	8
642366	2	182023	1	3
642376	6	642375	3	9
642381	6	642380	5	11
642392	3	642391	22	25
642402	6	921357	16	22
642414	5	642413	13	18
642424	10	642423	7	17
642433	8	642432	6	14
642435	9	642434	5	14
642441	1	642440	2	3
642462	12	642461	6	18
642464	3	642463	2	5
642466	4	642465	11	15
642471	1	642470	9	10
642474	9	642473	1	10
642484	12	642483	7	19
642498	4	642497	4	8
642510	2	642509	8	10
642513	1	642512	2	3
642516	4	642515	6	10
642518	12	642517	9	21
642521	6	182113	3	9
642523	4	642522	7	11
642525	4	182114	3	7
642532	3	182121	1	4
642548	5	642547	5	10
642553	5	642552	6	11
642557	10	642556	2	12
642574	2	642573	2	4
642577	7	642576	5	12
642581	1	642580	5	6
642584	7	921454	2	9
642589	7	642588	13	20
642596	3	642595	3	6
642599	4	642598	3	7
642601	4	642600	3	7
642603	3	642602	5	8
642610	1	642609	6	7
642623	3	642622	4	7
642632	8	642631	3	11
642642	8	642641	1	9
642647	3	642646	1	4
642650	4	642649	9	13
642659	1	642658	3	4
642663	2	642662	9	11
642673	2	642672	2	4
642678	4	642677	2	6
642680	2	642679	1	3
642682	6	642681	4	10
642684	9	642683	3	12
642692	4	642691	2	6
642695	7	642694	4	11
642698	1	642697	5	6
642704	2	182207	1	3
642710	7	642709	8	15
642733	3	642732	6	9
642740	3	642739	3	6
642747	2	642746	1	3
642756	4	642755	4	8
642778	2	642777	2	4
642780	1	642779	1	2
642784	1	642783	4	5
642792	1	642791	5	6
642795	3	182293	5	8
642799	3	642798	4	7
642811	1	642810	2	3
642814	6	642813	5	11
642816	1	642815	5	6
642820	1	642819	5	6
642824	1	642823	3	4
642842	1	642841	1	2
642850	3	642849	3	6
642858	4	642857	3	7
642861	4	642860	1	5
642864	5	642863	2	7
642868	10	642867	4	14
642874	5	642873	4	9
642884	2	642883	1	3
642886	4	642885	4	8
642899	1	642898	4	5
642901	2	642900	2	4
642905	2	642904	3	5
642907	3	642906	1	4
642909	1	921561	3	4
642930	2	642929	6	8
642932	4	182367	2	6
642934	4	642933	3	7
642937	2	642936	1	3
642947	2	182375	2	4
642955	1	642954	1	2
642959	2	338673	1	3
642965	3	182398	2	5
642976	2	642975	8	10
642978	2	642977	4	6
642994	6	642993	6	12
643011	4	182447	1	5
643028	1	643027	2	3
643029	3	643025	3	6
643032	2	643031	4	6
643037	3	643036	6	9
643042	1	643041	3	4
643045	8	643044	5	13
643054	1	643053	1	2
643062	6	643061	3	9
643067	6	643066	2	8
643069	2	643068	6	8
643073	3	643072	5	8
643089	9	643085	20	29
643093	6	182507	2	8
643097	6	643096	5	11
643102	5	182515	2	7
643113	4	643112	3	7
643115	6	643114	2	8
643117	3	643116	2	5
643128	1	643127	5	6
643148	3	643147	3	6
643150	4	338699	2	6
643153	3	643152	7	10
643155	1	643154	1	2
643161	1	643160	2	3
643175	3	643174	2	5
643180	2	643179	4	6
643189	2	643188	1	3
643195	1	643194	2	3
643204	5	643203	4	9
643212	3	182597	2	5
643215	5	643214	6	11
643217	9	643216	10	19
643227	1	643226	2	3
643238	4	643237	3	7
643247	2	182637	2	4
643253	1	643252	7	8
643270	10	643269	6	16
643274	3	643273	7	10
643279	6	643278	8	14
643284	2	643283	7	9
643287	5	643286	7	12
643300	4	643299	5	9
643302	5	643301	6	11
643317	2	643316	4	6
643320	7	643319	6	13
643326	4	643325	2	6
643329	2	643328	3	5
643343	1	643342	3	4
643348	1	182693	3	4
643351	2	643350	2	4
643353	1	643352	2	3
643355	3	643354	4	7
643364	2	643363	1	3
643374	2	643373	1	3
643379	34	921739	6	40
643403	1	643402	3	4
643416	3	182727	2	5
643420	3	643419	7	10
643428	1	643427	1	2
643431	1	643430	4	5
643442	10	182750	3	13
643444	4	182755	3	7
643450	57	643449	1	58
643472	1	643471	1	2
643480	5	643479	1	6
643485	2	182788	5	7
643489	3	643488	1	4
643495	9	182796	2	11
643509	5	338739	1	6
643512	1	643511	1	2
643516	1	643515	1	2
643522	3	182816	2	5
643530	1	643529	1	2
643542	1	643541	6	7
643550	1	643549	2	3
643568	3	643567	3	6
643574	1	643573	3	4
643597	8	643596	16	24
643618	2	643617	3	5
643630	3	182899	1	4
643639	8	182902	4	12
643665	2	643664	6	8
643681	6	643680	11	17
643686	4	643685	3	7
643695	3	643694	1	4
643706	1	182952	1	2
643713	1	643712	5	6
643723	13	643722	16	29
643727	5	643726	21	26
643730	12	643729	10	22
643734	1	643733	6	7
643741	3	643740	11	14
643743	4	643742	15	19
643749	16	921883	3	19
643751	15	643750	15	30
643768	1	643767	2	3
643770	6	643769	2	8
643779	4	182996	2	6
643781	4	182998	4	8
643803	6	643802	3	9
643809	7	921914	10	17
643812	2	643811	5	7
643815	5	183011	1	6
643818	1	183017	3	4
643838	27	643837	4	31
643846	10	643845	12	22
643858	1	183046	1	2
643865	1	643864	5	6
643868	7	643867	5	12
643873	1	183053	1	2
643877	6	643876	20	26
643879	17	643878	9	26
643901	6	643900	7	13
643905	7	643904	8	15
643920	6	183079	1	7
643923	3	643922	4	7
643927	2	643926	5	7
643933	3	643932	1	4
643937	8	643936	4	12
643958	7	643957	6	13
643964	5	643963	6	11
643965	2	338812	4	6
643969	2	643968	10	12
643980	1	643979	3	4
643988	2	643987	1	3
643990	1	643989	5	6
643999	2	643998	3	5
644005	2	644004	1	3
644007	3	644006	6	9
644022	10	644021	6	16
644025	8	644024	1	9
644030	4	183162	3	7
644044	4	922005	5	9
644051	5	644050	4	9
644060	12	644059	7	19
644062	18	644061	6	24
644064	4	644063	2	6
644066	2	644065	5	7
644069	4	644068	8	12
644096	4	644095	4	8
644099	6	644098	6	12
644105	5	644104	2	7
644110	3	644109	2	5
644114	13	644113	9	22
644119	7	644118	4	11
644132	7	644131	6	13
644134	4	644133	4	8
644136	4	644135	5	9
644145	2	644144	2	4
644147	3	183223	1	4
644154	4	644153	8	12
644156	1	644155	8	9
644158	3	183228	1	4
644165	1	644164	2	3
644174	3	644173	2	5
644177	3	644176	5	8
644181	1	644180	7	8
644184	7	644183	6	13
644194	3	644193	7	10
644196	2	644195	6	8
644199	7	644198	8	15
644203	3	644202	40	43
644205	14	644204	9	23
644212	5	183249	3	8
644215	4	644214	6	10
644222	2	644221	5	7
644228	2	644227	5	7
644230	4	644229	2	6
644252	1	644251	2	3
644255	6	644254	2	8
644266	2	644265	4	6
644283	1	644282	2	3
644292	4	644291	5	9
644297	2	644296	1	3
644299	1	644298	12	13
644301	1	644300	11	12
644344	5	644343	12	17
644348	11	183332	17	28
644354	10	644353	53	63
644363	11	644362	4	15
644365	6	644364	11	17
644375	13	644374	18	31
644393	8	644392	17	25
644403	14	644402	9	23
644404	9	338870	14	23
644408	3	644407	12	15
644430	12	644429	14	26
644436	12	183362	14	26
644447	28	644446	16	44
644462	2	183387	5	7
644468	10	644467	7	17
644471	11	644470	19	30
644475	15	644474	15	30
644481	9	644480	11	20
644489	4	644488	2	6
644493	7	644492	15	22
644496	1	644495	9	10
644501	7	644500	5	12
644509	15	644508	15	30
644514	1	644513	1	2
644527	24	644526	15	39
644529	4	644528	3	7
644532	7	183415	6	13
644556	4	644555	7	11
644570	12	644569	4	16
644574	9	183441	6	15
644578	8	183442	14	22
644582	13	644581	7	20
644584	4	644583	2	6
644589	13	644588	2	15
644592	3	644591	1	4
644595	9	644594	32	41
644603	12	644602	3	15
644612	17	644611	12	29
644618	39	644617	3	42
644632	11	644631	7	18
644637	16	183470	7	23
644643	2	644642	3	5
644645	3	644644	9	12
644655	7	644654	1	8
644658	12	644657	17	29
644661	20	644660	1	21
644670	6	644669	3	9
644676	2	644675	3	5
644678	6	644677	2	8
644682	13	644681	12	25
644687	9	644686	9	18
644691	18	644690	5	23
644693	5	644692	15	20
644705	10	644704	3	13
644708	8	644707	1	9
644710	13	644709	1	14
644711	15	183507	11	26
644712	5	183508	4	9
644714	9	922265	1	10
644718	9	922268	1	10
644720	1	644719	4	5
644722	9	644721	15	24
644724	12	644723	8	20
644727	12	183515	8	20
644731	9	644730	15	24
644753	9	644752	5	14
644763	2	644762	1	3
644764	2	183546	3	5
644767	4	644766	5	9
644776	10	183551	2	12
644786	16	644785	2	18
644790	12	644789	5	17
644799	1	644798	2	3
644804	5	644803	5	10
644809	2	644808	14	16
644810	18	922308	2	20
644829	14	644828	9	23
644831	2	644830	1	3
644846	3	644845	15	18
644852	5	644851	2	7
644857	6	644856	13	19
644863	3	183593	1	4
644866	3	644865	2	5
644869	13	183598	8	21
644871	9	644870	17	26
644879	4	644878	7	11
644883	10	183601	8	18
644887	1	644886	7	8
644894	1	644893	1	2
644907	2	644906	1	3
644913	16	644912	12	28
644920	1	644919	5	6
644927	19	1072732	1	20
644935	4	644934	2	6
644939	5	183638	8	13
644941	6	644940	4	10
644945	14	183643	8	22
644952	2	644951	11	13
644962	15	338926	5	20
644964	10	644963	8	18
644980	13	644979	13	26
644990	6	644989	11	17
644991	2	183675	13	15
644998	7	644997	2	9
645001	5	645000	9	14
645005	1	645004	9	10
645009	4	645008	9	13
645020	6	645019	3	9
645022	6	645021	7	13
645024	9	645023	17	26
645027	8	645026	10	18
645034	13	645033	13	26
645056	2	645055	14	16
645062	18	1072781	9	27
645070	2	645069	3	5
645079	2	183737	8	10
645080	20	183738	1	21
645088	14	922398	9	23
645090	8	645089	3	11
645099	13	645098	7	20
645102	10	645101	55	65
645104	11	645103	5	16
645115	33	645112	3	36
645121	11	645120	13	24
645139	10	645138	3	13
645153	13	645152	2	15
645160	1	922416	2	3
645171	4	645170	4	8
645172	1	922417	2	3
645177	7	183772	2	9
645184	6	645183	5	11
645194	13	645193	3	16
645199	1	645198	1	2
645205	2	645204	1	3
645209	18	183786	11	29
645218	6	645217	4	10
645224	12	645223	18	30
645226	8	645225	8	16
645232	2	645231	6	8
645237	5	645236	4	9
645243	12	645242	3	15
645254	9	645253	40	49
645262	3	645261	5	8
645296	2	183823	2	4
645302	3	645301	3	6
645305	7	645304	2	9
645317	2	645316	6	8
645321	7	645320	9	16
645324	4	645323	5	9
645326	3	645325	14	17
645337	6	645336	7	13
645343	7	645342	6	13
645357	18	645356	2	20
645365	7	645364	1	8
645368	1	645367	3	4
645371	12	645370	17	29
645385	3	645384	5	8
645396	3	645395	1	4
645399	3	645398	6	9
645407	11	645406	2	13
645418	9	645417	10	19
645421	12	645420	13	25
645448	8	645447	10	18
645462	6	645461	6	12
645465	8	645464	14	22
645468	11	645467	8	19
645478	1	645477	6	7
645480	10	645479	7	17
645486	18	645485	15	33
645488	4	645487	14	18
645504	16	645503	9	25
645506	5	645505	4	9
645509	7	645508	12	19
645520	13	645519	19	32
645522	13	645521	6	19
645528	14	645527	6	20
645530	7	645529	6	13
645532	15	645531	11	26
645535	8	645534	6	14
645551	6	645550	11	17
645552	6	183936	10	16
645554	47	645553	10	57
645557	8	645556	4	12
645559	10	645558	9	19
645594	5	645593	6	11
645607	7	645606	12	19
645617	1	183991	7	8
645632	9	645631	24	33
645638	9	645637	18	27
645642	2	645641	6	8
645652	17	645651	9	26
645653	7	339024	14	21
645664	7	645663	11	18
645667	2	645666	1	3
645677	1	645676	1	2
645681	3	645680	1	4
645689	2	645688	5	7
645698	6	645697	2	8
645708	6	645707	7	13
645710	2	645709	5	7
645712	5	184039	7	12
645730	4	645729	4	8
645745	8	645744	5	13
645752	4	645751	13	17
645758	16	645757	12	28
645763	18	645762	5	23
645770	7	645769	12	19
645782	15	645781	16	31
645795	4	645794	8	12
645798	9	645797	6	15
645813	1	645812	6	7
645816	6	645815	16	22
645830	3	184084	3	6
645832	12	645831	6	18
645837	6	645836	6	12
645843	6	645842	4	10
645849	5	645848	5	10
645852	3	645851	1	4
645855	10	645854	5	15
645857	2	645856	11	13
645863	3	645862	2	5
645866	7	645865	7	14
645870	3	645869	16	19
645872	12	645871	10	22
645877	8	645876	7	15
645881	10	645880	6	16
645887	11	645886	10	21
645895	18	645894	16	34
645905	2	645904	4	6
645907	7	645906	7	14
645928	1	645927	3	4
645929	5	184151	5	10
645940	9	645939	3	12
645948	4	184156	21	25
645951	3	645950	18	21
645955	6	645954	2	8
645958	3	645957	8	11
645961	9	184172	2	11
645967	11	645966	15	26
645969	14	645968	11	25
645971	5	645970	9	14
645974	9	645973	4	13
645978	9	645977	6	15
645985	8	645984	20	28
645987	18	645986	2	20
646004	1	646003	8	9
646013	2	646012	3	5
646019	7	646018	10	17
646031	14	646030	4	18
646036	2	646035	9	11
646049	11	646048	4	15
646050	2	922746	9	11
646064	20	184303	22	42
646067	3	646066	2	5
646070	2	646069	4	6
646074	2	646073	1	3
646078	6	646077	16	22
646088	24	646087	12	36
646092	14	646091	9	23
646105	2	646104	4	6
646110	11	646109	13	24
646112	2	646111	1	3
646117	10	184361	5	15
646120	4	646119	17	21
646123	4	646122	10	14
646124	8	922770	8	16
646132	4	646131	1	5
646134	1	646133	1	2
646150	6	184383	2	8
646154	2	646153	7	9
646158	4	646157	17	21
646166	1	646165	4	5
646172	14	646171	6	20
646178	8	646177	12	20
646182	12	646181	10	22
646184	13	646183	12	25
646213	8	646212	8	16
646216	16	184442	4	20
646222	13	646221	15	28
646225	5	646224	11	16
646226	2	184447	18	20
646231	6	184454	1	7
646233	1	646232	2	3
646244	1	646243	7	8
646247	19	184469	11	30
646259	4	184470	2	6
646270	8	646269	4	12
646273	1	646272	7	8
646280	4	922827	5	9
646282	9	646278	4	13
646284	4	646283	2	6
646287	7	646286	30	37
646302	7	646301	2	9
646304	1	646303	1	2
646313	5	922843	2	7
646322	5	184520	1	6
646324	9	646323	9	18
646347	12	646346	13	25
646349	5	646348	4	9
646351	2	646350	5	7
646356	3	646355	21	24
646358	3	646357	4	7
646363	4	646362	4	8
646370	21	646369	10	31
646372	2	646371	3	5
646380	2	646379	3	5
646388	5	646387	17	22
646390	13	646389	19	32
646408	24	646407	14	38
646416	11	646415	13	24
646418	7	646417	4	11
646421	2	646420	2	4
646438	10	646437	10	20
646443	9	646442	14	23
646447	1	646446	3	4
646457	1	922903	4	5
646480	6	646479	22	28
646482	19	184623	14	33
646493	29	646492	46	75
646498	10	646497	16	26
646500	1	646499	27	28
646505	14	646504	7	21
646507	2	646506	1	3
646517	12	646516	12	24
646527	12	646526	10	22
646538	4	646537	4	8
646543	4	184694	1	5
646545	10	646544	4	14
646549	2	646548	2	4
646566	17	646565	8	25
646579	7	184740	8	15
646583	2	339203	13	15
646591	14	646590	2	16
646594	2	646593	1	3
646600	1	184755	1	2
646606	3	646605	3	6
646616	9	646615	6	15
646619	4	646618	10	14
646622	2	184770	16	18
646625	1	646624	3	4
646630	1	646629	1	2
646633	1	646632	2	3
646642	15	646641	6	21
646651	10	646650	8	18
646654	8	646653	28	36
646674	7	646673	6	13
646683	20	646682	16	36
646694	2	646693	2	4
646698	28	646697	8	36
646701	13	646700	6	19
646709	26	339237	3	29
646725	14	646724	13	27
646729	3	646728	9	12
646731	3	646730	7	10
646746	4	646745	9	13
646762	1	184868	6	7
646764	1	646763	2	3
646767	3	646766	7	10
646773	1	646772	1	2
646790	1	184885	2	3
646793	8	646792	12	20
646795	2	646794	11	13
646805	2	646804	2	4
646809	10	646808	5	15
646812	6	646811	12	18
646814	12	646813	14	26
646819	8	646818	1	9
646822	8	646821	2	10
646825	23	646824	12	35
646847	5	646846	7	12
646851	7	184955	5	12
646853	2	646852	6	8
646858	3	646857	7	10
646860	2	646859	1	3
646864	18	646863	3	21
646870	5	646869	21	26
646888	2	184992	2	4
646890	3	646889	6	9
646895	10	646894	7	17
646908	1	185006	1	2
646910	4	646909	8	12
646919	4	646918	6	10
646927	1	646926	4	5
646931	6	646930	11	17
646943	10	646942	8	18
646950	5	646949	6	11
646965	11	646964	12	23
646970	1	185075	1	2
646989	14	923081	18	32
646991	25	646990	19	44
646994	24	646993	11	35
646996	3	646995	6	9
647017	22	647016	18	40
647021	1	185124	1	2
647023	2	185126	3	5
647027	2	647026	1	3
647042	6	647041	12	18
647047	22	647046	3	25
647053	2	647052	4	6
647055	4	647054	1	5
647069	3	647068	5	8
647087	1	647086	1	2
647112	3	647111	1	4
647119	2	647118	1	3
647124	8	647123	2	10
647127	2	647126	6	8
647155	4	647154	1	5
647170	4	647169	1	5
647201	10	647200	5	15
647211	1	647210	4	5
647219	3	647218	1	4
647221	2	647220	1	3
647232	3	185335	1	4
647235	1	647234	3	4
647247	1	647246	2	3
647251	1	647250	2	3
647287	1	647286	6	7
647295	5	647294	56	61
647302	2	185428	1	3
647309	1	647308	1	2
647317	2	647316	2	4
647350	2	647349	1	3
647353	3	647352	9	12
647364	1	647363	3	4
647365	4	185474	2	6
647376	3	185488	2	5
647384	1	647383	9	10
647400	2	647399	4	6
647416	6	647415	11	17
647418	2	923250	3	5
647426	2	647425	6	8
647430	2	647429	2	4
647446	10	647445	9	19
647450	2	185543	1	3
647455	2	647454	2	4
647469	1	647468	1	2
647480	1	647479	3	4
647485	3	647484	2	5
647509	2	185586	4	6
647512	6	647511	3	9
647514	2	647513	10	12
647520	2	185594	1	3
647563	5	647562	1	6
647566	3	647565	1	4
647569	2	647568	1	3
647570	2	339405	10	12
647602	12	647601	12	24
647606	5	647600	39	44
647609	1	647608	1	2
647612	1	647611	12	13
647615	1	647614	1	2
647625	9	647624	3	12
647632	10	647631	7	17
647642	1	647641	1	2
647646	2	647645	6	8
647660	1	647659	1	2
647669	2	923345	2	4
647674	8	647673	4	12
647679	2	185729	1	3
647698	11	647697	8	19
647701	1	339423	1	2
647703	1	647702	1	2
647706	2	185750	1	3
647712	2	185754	3	5
647751	2	647750	3	5
647759	2	647758	4	6
647762	3	647761	7	10
647788	2	647787	1	3
647793	15	647792	5	20
647794	3	185818	5	8
647804	1	647803	1	2
647814	2	647813	2	4
647821	3	647820	24	27
647827	17	647826	1	18
647837	3	647836	1	4
647841	12	647840	10	22
647855	14	647854	4	18
647860	1	647859	1	2
647862	4	647861	4	8
647874	3	647873	5	8
647882	2	647881	7	9
647886	1	647885	2	3
647918	6	647917	5	11
647930	2	647929	2	4
647932	1	647931	1	2
647952	11	647951	5	16
647969	1	647968	1	2
647971	2	647970	1	3
647973	6	647972	3	9
647979	2	647978	12	14
648009	14	648008	5	19
648036	1	648035	1	2
648053	2	648052	1	3
648060	2	648059	2	4
648069	4	648068	4	8
648091	10	648090	6	16
648136	1	648135	5	6
648138	4	648137	1	5
648154	1	648153	1	2
648166	1	648165	2	3
648175	3	648174	4	7
648177	6	648176	21	27
648204	1	648203	2	3
648207	1	648206	2	3
648209	3	648208	7	10
648217	2	648216	2	4
648221	2	648220	1	3
648231	1	186090	2	3
648293	1	648292	1	2
648313	1	648312	1	2
648329	3	648328	5	8
648343	1	648342	1	2
648345	5	648344	3	8
648348	4	648347	2	6
648350	1	648349	4	5
648353	1	648352	2	3
648365	1	648364	4	5
648375	1	648374	1	2
648391	1	648390	1	2
648442	2	648441	2	4
648444	1	648443	2	3
648462	2	648461	2	4
648464	1	648463	4	5
648483	2	648482	3	5
648485	2	648484	1	3
648511	1	648510	1	2
648513	1	648512	2	3
648527	2	648526	1	3
648530	2	648529	2	4
648531	1	186166	1	2
648534	1	648533	3	4
648542	1	648541	1	2
648545	1	186175	1	2
648546	2	186176	1	3
648556	4	648555	6	10
648578	3	648577	4	7
648582	1	648581	2	3
648585	1	648584	9	10
648596	2	648595	2	4
648613	1	648612	3	4
648623	3	648622	1	4
648642	1	648641	2	3
648645	1	648644	1	2
648651	20	648650	26	46
648657	7	648656	3	10
648662	6	648661	4	10
648672	4	648671	4	8
648676	3	648675	23	26
648678	15	648677	9	24
648682	10	648681	8	18
648688	3	648687	3	6
648690	3	648689	7	10
648706	3	648705	1	4
648707	11	186249	9	20
648714	12	339558	10	22
648716	2	648715	2	4
648723	6	648722	2	8
648744	3	648743	1	4
648747	5	648746	24	29
648753	1	648752	1	2
648759	1	648758	1	2
648766	1	648765	2	3
648769	1	648768	1	2
648781	1	648780	2	3
648785	1	648784	2	3
648789	1	186284	1	2
648808	3	648807	2	5
648818	1	648817	1	2
648837	2	648836	1	3
648842	3	648841	2	5
648847	2	648846	8	10
648851	2	648850	2	4
648868	2	648867	5	7
648878	2	648877	2	4
648883	5	648882	4	9
648885	5	648884	7	12
648929	6	648928	13	19
648936	2	648935	2	4
648947	1	186337	2	3
648950	3	648949	4	7
648960	1	648959	5	6
648969	4	186340	3	7
648975	116	648974	3	119
648979	4	648978	2	6
648989	8	648988	5	13
649005	14	649004	6	20
649022	2	649021	2	4
649026	2	649025	7	9
649033	3	649032	1	4
649040	3	649039	2	5
649044	5	649043	2	7
649046	6	649045	8	14
649050	5	186370	3	8
649052	3	649051	1	4
649055	5	649054	9	14
649061	5	649060	9	14
649067	4	649066	3	7
649071	7	649070	8	15
649074	7	649073	10	17
649078	3	649077	4	7
649085	9	649084	11	20
649087	8	649086	2	10
649088	8	339597	1	9
649093	1	649092	5	6
649098	7	649097	1	8
649112	3	186406	1	4
649122	2	649121	1	3
649151	47	186416	1	48
649170	8	649169	4	12
649173	14	649172	4	18
649177	3	649176	1	4
649190	2	186439	3	5
649192	6	649191	4	10
649194	4	186444	1	5
649197	1	649196	3	4
649208	1	649207	1	2
649214	1	649213	3	4
649227	1	649226	4	5
649232	3	649231	3	6
649244	6	649243	1	7
649247	7	649246	5	12
649251	4	649250	12	16
649255	4	649254	3	7
649258	2	649257	3	5
649260	5	649259	3	8
649262	2	649261	2	4
649273	2	186504	2	4
649290	1	649289	2	3
649300	1	186522	1	2
649302	6	649301	1	7
649306	1	186526	7	8
649322	1	649321	2	3
649350	19	649349	9	28
649366	3	649365	6	9
649381	6	649380	13	19
649390	6	649389	5	11
649403	1	649402	3	4
649406	3	649405	2	5
649408	4	649407	7	11
649411	23	649410	2	25
649422	7	649421	28	35
649453	1	649452	1	2
649460	2	186597	3	5
649470	2	649469	6	8
649477	2	649476	1	3
649495	1	649494	2	3
649524	1	649523	1	2
649530	6	649529	14	20
649551	1	649550	5	6
649556	1	924010	2	3
649558	5	649557	4	9
649563	7	649562	3	10
649585	6	649584	5	11
649597	16	649596	3	19
649600	8	649599	2	10
649639	10	649638	9	19
649651	8	649650	6	14
649668	2	649667	2	4
649696	11	186701	2	13
649714	10	649713	2	12
649729	1	649728	1	2
649738	2	649737	1	3
649747	2	649746	1	3
649751	1	649750	1	2
649763	15	649762	12	27
649766	1	649765	1	2
649777	1	649776	1	2
649801	2	186739	1	3
649839	7	649838	2	9
649843	2	649842	2	4
649857	3	649856	2	5
649867	1	649866	4	5
649876	2	649875	9	11
649885	1	186789	1	2
649891	20	649890	9	29
649895	6	649894	11	17
649902	1	649901	3	4
649904	8	649903	9	17
649918	3	649917	11	14
649945	3	649944	17	20
649952	1	649951	3	4
649969	5	186854	8	13
649971	3	649970	7	10
649984	7	649983	7	14
649989	3	186862	6	9
649992	3	649991	2	5
650017	1	650016	7	8
650021	6	650020	2	8
650030	1	650029	6	7
650040	9	650039	5	14
650053	2	650052	2	4
650056	5	650055	4	9
650066	1	1074267	7	8
650069	4	650068	1	5
650071	4	650070	7	11
650086	15	650085	8	23
650094	11	186904	2	13
650096	1	650095	2	3
650104	1	650103	1	2
650119	14	650118	14	28
650130	1	650129	3	4
650171	1	186960	3	4
650175	5	650174	5	10
650183	1	650182	2	3
650199	1	650198	1	2
650212	2	187001	2	4
650237	4	650236	8	12
650239	1	650238	2	3
650262	2	650261	6	8
650284	1	650283	2	3
650291	1	650290	1	2
650303	9	650302	11	20
650333	1	650332	1	2
650360	3	650359	2	5
650388	1	650387	1	2
650394	4	924381	4	8
650399	1	650398	7	8
650401	35	650400	22	57
650403	8	650402	1	9
650434	2	339842	3	5
650439	1	650438	1	2
650456	2	339853	1	3
650478	2	650477	1	3
650485	1	650484	3	4
650507	1	650506	1	2
650513	1	187219	1	2
650542	3	650541	25	28
650599	4	650598	1	5
650605	1	650604	1	2
650610	32	650609	1	33
650615	2	650614	2	4
650617	2	650616	1	3
650619	1	650618	2	3
650624	3	650623	20	23
650647	2	650646	3	5
650659	4	650658	5	9
650665	8	650664	2	10
650673	1	650672	6	7
650678	23	339889	6	29
650683	2	924476	1	3
650714	3	650713	3	6
650722	56	650721	3	59
650741	7	650740	6	13
650764	2	650763	1	3
650766	9	650765	6	15
650792	2	187410	2	4
650804	13	339907	9	22
650811	2	650810	2	4
650817	8	650816	13	21
650824	1	650823	1	2
650827	5	650826	7	12
650836	1	650835	18	19
650845	1	187454	2	3
650857	1	650856	1	2
650864	2	650863	3	5
650872	2	650871	3	5
650875	4	650874	6	10
650877	6	650876	7	13
650884	11	650883	12	23
650890	1	650889	4	5
650898	1	650897	1	2
650901	1	650900	2	3
650903	2	650902	3	5
650914	1	650913	1	2
650928	2	650927	7	9
650939	4	650938	2	6
650941	3	187498	1	4
650957	3	650956	3	6
650960	6	650959	4	10
650972	3	650971	4	7
650974	6	650973	2	8
650982	3	650981	2	5
650988	2	650987	1	3
650996	2	187520	3	5
650997	1	187521	3	4
650999	1	339938	2	3
651002	2	651001	1	3
651004	1	651003	3	4
651007	2	651006	2	4
651016	6	651015	4	10
651018	6	651017	5	11
651021	2	651020	2	4
651023	1	651022	3	4
651037	1	651036	1	2
651040	2	651039	7	9
651044	1	651043	2	3
651045	2	187536	4	6
651055	3	651054	4	7
651074	3	651073	3	6
651077	29	651076	19	48
651079	1	651078	1	2
651099	3	651098	3	6
651107	1	651106	1	2
651111	1	651110	2	3
651114	6	651113	3	9
651150	1	651149	13	14
651157	3	651156	3	6
651159	2	651158	1	3
651161	11	187579	16	27
651163	42	651162	30	72
651170	14	651169	25	39
651172	1	651171	2	3
651179	1	651178	1	2
651184	1	651183	2	3
651190	4	651189	1	5
651196	5	651195	4	9
651198	5	651197	1	6
651212	5	651211	5	10
651215	1	651214	32	33
651217	23	651216	1	24
651229	2	924684	6	8
651237	2	651236	2	4
651250	20	651249	23	43
651258	4	187627	22	26
651264	3	651263	1	4
651267	3	651266	2	5
651275	1	651274	1	2
651279	1	651278	2	3
651281	4	651280	4	8
651284	1	651283	3	4
651288	2	651287	2	4
651293	1	187645	5	6
651300	2	187649	4	6
651302	2	651301	2	4
651309	1	651308	3	4
651321	2	651320	1	3
651331	9	651329	7	16
651356	3	651355	3	6
651363	2	651362	1	3
651371	4	651370	2	6
651391	4	651390	1	5
651403	2	651402	2	4
651407	4	187701	5	9
651412	5	651411	7	12
651414	11	651413	7	18
651420	3	651419	4	7
651423	1	651422	3	4
651426	2	651425	3	5
651433	2	651432	5	7
651442	13	651441	6	19
651446	1	651445	4	5
651462	3	339994	1	4
651476	2	651475	1	3
651483	7	651482	5	12
651487	12	651486	6	18
651497	1	651496	2	3
651515	1	651514	5	6
651526	3	651525	13	16
651531	3	651530	1	4
651533	2	651532	1	3
651548	1	651547	5	6
651553	3	187754	1	4
651569	5	651568	2	7
651591	1	651590	5	6
651594	1	651593	2	3
651599	1	651598	3	4
651621	36	651620	9	45
651631	2	651630	3	5
651635	1	651634	1	2
651637	2	651636	1	3
651653	1	187840	5	6
651656	2	651655	6	8
651658	3	187851	1	4
651667	1	187853	3	4
651684	4	651683	1	5
651686	5	651685	14	19
651687	11	340032	1	12
651691	16	651690	4	20
651693	2	651692	2	4
651695	23	651694	6	29
651706	3	651705	8	11
651719	1	651718	1	2
651728	4	651727	2	6
651739	1	651738	1	2
651745	1	187903	2	3
651758	2	651757	5	7
651766	1	651765	2	3
651772	1	651771	2	3
651776	5	651775	1	6
651779	6	651778	24	30
651782	2	651781	2	4
651805	1	651804	1	2
651820	106	651819	37	143
651845	7	651844	4	11
651847	4	651846	3	7
651863	16	651862	11	27
651866	17	651865	12	29
651872	3	651871	2	5
651875	1	651874	4	5
651876	2	187959	4	6
651880	1	651879	3	4
651884	17	651883	16	33
651913	6	651912	5	11
651918	2	651917	2	4
651935	1	651934	4	5
651939	7	651938	3	10
651957	7	651956	16	23
651966	1	651965	2	3
651967	1	188017	2	3
651974	3	651973	2	5
651982	2	651981	2	4
651984	5	340082	4	9
652001	3	652000	3	6
652005	1	652004	2	3
652029	1	652028	2	3
652035	1	652034	1	2
652041	2	652040	2	4
652046	3	652045	3	6
652048	4	652047	4	8
652056	1	652055	1	2
652062	5	652061	10	15
652077	2	652076	5	7
652080	1	188058	4	5
652082	9	652081	4	13
652097	6	925008	17	23
652099	2	652098	2	4
652101	1	652100	4	5
652111	7	652110	1	8
652122	8	188070	3	11
652126	1	652125	8	9
652139	1	652138	3	4
652143	5	652142	4	9
652146	6	652145	7	13
652147	2	925024	1	3
652165	2	652164	2	4
652169	1	652168	6	7
652182	4	652181	3	7
652196	1	652195	5	6
652201	1	652200	3	4
652204	3	652203	2	5
652213	1	652212	4	5
652217	1	652216	5	6
652220	2	188110	1	3
652223	21	652222	2	23
652226	2	652225	2	4
652238	2	652237	4	6
652246	3	652245	1	4
652247	5	652244	5	10
652265	5	652264	1	6
652276	1	652275	11	12
652280	3	652279	1	4
652284	2	652283	4	6
652286	3	652285	27	30
652292	3	652291	8	11
652294	2	652293	3	5
652300	2	652299	5	7
652305	1	652304	4	5
652309	5	652308	1	6
652311	8	188168	4	12
652329	3	652328	1	4
652335	7	188197	2	9
652342	3	652341	4	7
652350	1	652349	2	3
652360	7	652359	3	10
652361	7	188236	3	10
652371	24	652370	23	47
652373	4	652372	1	5
652380	3	652379	12	15
652383	8	652382	19	27
652399	9	652398	7	16
652433	7	652432	2	9
652434	9	188298	17	26
652441	9	652440	2	11
652446	1	188316	17	18
652448	4	652447	2	6
652458	2	652457	2	4
652460	13	652459	2	15
652462	4	652461	1	5
652464	3	652463	2	5
652478	1	652477	4	5
652486	2	652485	1	3
652488	3	652487	1	4
652492	3	652491	4	7
652494	3	652493	1	4
652497	2	652496	45	47
652528	1	652527	3	4
652536	27	188411	1	28
652544	3	652543	1	4
652551	19	652550	40	59
652560	2	652559	1	3
652567	4	652566	5	9
652575	3	652574	98	101
652598	3	652597	2	5
652601	1	652600	7	8
652607	4	188534	4	8
652610	3	652609	3	6
652630	1	652629	2	3
652635	1	652634	3	4
652641	5	652640	3	8
652657	4	652656	8	12
652667	2	652666	1	3
652679	5	652678	4	9
652692	3	652691	3	6
652694	2	652693	2	4
652707	2	340240	4	6
652717	17	652716	60	77
652732	7	188651	5	12
652734	2	188652	1	3
652737	2	188654	4	6
652741	3	652740	2	5
652756	6	652755	12	18
652769	8	652768	5	13
652772	3	188678	7	10
652780	3	188688	11	14
652788	1	652787	5	6
652791	2	652790	3	5
652794	1	652793	4	5
652797	3	652796	5	8
652806	6	652805	3	9
652814	2	188727	7	9
652830	3	652829	2	5
652834	1	652833	2	3
652844	4	652843	3	7
652847	3	925287	7	10
652848	6	188753	4	10
652872	5	1075112	4	9
652875	1	652874	4	5
652879	3	652878	1	4
652885	2	652884	7	9
652889	3	652888	3	6
652892	7	652891	8	15
652895	2	652894	3	5
652899	12	652898	7	19
652905	4	188814	9	13
652908	3	188821	4	7
652911	1	652910	4	5
652926	12	652925	6	18
652933	3	652932	2	5
652935	1	652934	4	5
652944	2	652943	5	7
652953	1	652952	2	3
652958	3	652957	31	34
652969	2	652968	5	7
652972	2	652971	3	5
652974	3	652973	1	4
652981	3	652980	2	5
652984	12	652983	7	19
652993	1	652992	1	2
653003	3	653002	5	8
653019	10	188930	6	16
653025	7	653024	5	12
653030	3	188941	4	7
653045	5	925373	4	9
653048	1	653047	2	3
653058	6	653057	19	25
653063	2	653062	4	6
653075	1	653074	1	2
653082	6	653081	1	7
653095	1	653094	4	5
653099	5	189011	3	8
653104	5	653103	2	7
653110	4	925407	2	6
653112	2	653111	4	6
653121	2	653120	4	6
653126	5	189044	3	8
653129	2	189046	1	3
653135	3	653134	4	7
653138	5	653137	3	8
653142	1	653141	3	4
653155	2	340376	1	3
653164	1	653163	1	2
653178	3	653177	5	8
653180	3	653179	3	6
653190	1	653189	3	4
653197	1	653196	4	5
653205	10	653204	3	13
653216	3	653215	10	13
653223	1	189158	4	5
653232	34	340401	27	61
653243	10	653242	3	13
653251	6	653250	2	8
653259	7	653257	2	9
653272	11	653271	7	18
653285	5	189255	1	6
653299	7	653298	5	12
653302	4	653301	2	6
653305	2	653304	1	3
653311	4	653310	3	7
653316	4	653315	4	8
653322	2	189283	1	3
653326	2	653325	13	15
653328	5	653327	5	10
653331	7	653330	6	13
653337	4	653336	3	7
653344	5	653343	2	7
653356	1	189307	2	3
653365	3	653364	1	4
653369	8	653368	1	9
653399	5	653398	2	7
653405	2	653404	1	3
653407	4	340451	2	6
653411	3	653410	1	4
653414	2	653413	2	4
653420	2	653419	2	4
653436	1	653435	6	7
653444	4	653443	4	8
653452	3	653451	5	8
653458	6	189417	3	9
653467	5	653466	6	11
653469	5	189438	1	6
653471	1	653470	1	2
653487	3	653486	2	5
653489	1	653488	3	4
653498	1	189464	1	2
653501	4	653500	7	11
653503	2	653502	3	5
653507	5	653506	1	6
653510	3	653509	2	5
653512	7	653511	3	10
653517	6	653516	5	11
653520	11	653519	2	13
653526	1	653525	3	4
653528	7	189503	1	8
653531	3	653530	4	7
653533	1	653532	3	4
653536	4	653535	4	8
653550	4	653549	6	10
653552	4	653551	3	7
653560	4	653559	17	21
653569	8	653568	14	22
653575	1	653574	2	3
653577	1	653576	1	2
653584	3	653583	5	8
653610	6	653609	5	11
653613	7	653612	4	11
653616	3	189585	2	5
653618	4	653617	4	8
653621	3	189594	1	4
653635	5	653634	1	6
653639	4	653638	4	8
653641	4	653640	7	11
653647	5	653646	2	7
653650	2	653649	3	5
653655	3	653654	3	6
653662	38	653661	6	44
653664	2	653663	1	3
653669	6	653668	11	17
653681	4	653680	5	9
653683	2	653682	3	5
653688	4	653687	8	12
653693	1	653692	4	5
653697	2	189659	2	4
653708	2	653707	1	3
653712	3	653711	1	4
653745	1	653744	4	5
653752	3	653751	8	11
653759	11	653758	2	13
653765	4	653764	1	5
653775	6	653774	3	9
653778	5	189714	1	6
653792	6	189729	17	23
653795	5	653794	6	11
653811	1	653810	5	6
653812	2	189752	4	6
653831	6	189778	3	9
653839	2	653838	12	14
653871	1	653870	1	2
653880	18	653879	4	22
653882	2	653881	3	5
653892	4	653891	1	5
653898	1	653897	7	8
653904	3	653903	3	6
653934	9	189896	5	14
653944	6	653943	4	10
653954	6	189915	2	8
653956	6	653955	1	7
653958	5	653957	2	7
653967	4	653966	11	15
653975	4	653974	3	7
653981	6	653980	2	8
654005	2	654004	4	6
654011	6	654010	5	11
654013	4	654012	1	5
654015	4	654014	4	8
654020	1	654019	6	7
654023	2	654022	2	4
654036	3	189967	2	5
654038	14	654037	5	19
654042	1	654041	8	9
654046	4	654045	4	8
654050	4	654049	6	10
654060	5	654059	3	8
654061	4	925830	7	11
654075	4	654074	3	7
654084	6	654083	1	7
654086	8	340617	5	13
654093	3	654092	2	5
654095	3	654094	4	7
654097	2	654096	2	4
654108	3	654107	1	4
654111	3	654110	4	7
654117	2	654116	3	5
654136	5	654135	4	9
654142	4	190034	4	8
654147	7	654146	1	8
654152	1	654151	3	4
654175	8	654174	9	17
654178	2	654177	5	7
654183	14	654182	5	19
654185	35	654184	1	36
654188	7	654187	4	11
654191	3	654190	1	4
654193	7	654192	4	11
654196	3	654195	1	4
654203	1	654202	1	2
654217	5	654216	2	7
654220	13	654219	11	24
654230	3	654229	4	7
654233	2	654232	5	7
654237	2	654234	1	3
654245	1	654244	3	4
654251	2	654250	5	7
654253	8	654252	5	13
654261	7	654260	2	9
654263	1	654262	6	7
654265	6	654264	7	13
654267	5	654266	6	11
654270	10	654269	2	12
654274	2	654273	10	12
654277	4	654276	5	9
654285	2	925904	1	3
654291	5	654290	4	9
654296	3	654295	9	12
654304	5	654303	2	7
654308	1	654307	4	5
654311	3	654310	2	5
654322	9	654321	6	15
654338	2	190101	9	11
654342	1	654341	2	3
654344	3	654343	9	12
654350	6	654349	10	16
654352	16	654351	2	18
654354	1	654353	1	2
654356	1	654355	2	3
654359	5	654358	2	7
654362	5	654361	2	7
654370	2	654369	10	12
654378	1	654377	26	27
654385	6	654384	8	14
654389	7	654388	7	14
654391	6	654390	4	10
654400	3	190148	4	7
654412	40	654411	35	75
654417	6	654416	2	8
654435	2	654434	5	7
654447	2	190169	6	8
654459	8	654458	10	18
654463	3	654462	2	5
654465	2	654464	4	6
654470	6	654469	7	13
654472	2	654471	6	8
654474	3	654473	5	8
654476	2	654475	6	8
654486	5	654485	7	12
654488	3	654487	4	7
654490	6	654489	1	7
654503	1	654502	4	5
654505	3	654504	6	9
654509	5	654508	3	8
654519	3	654518	9	12
654522	3	654521	7	10
654527	2	925995	1	3
654530	8	340676	5	13
654547	1	654546	3	4
654550	1	654549	3	4
654561	10	654560	4	14
654563	3	654562	7	10
654566	15	654565	3	18
654589	2	654588	4	6
654590	4	926019	3	7
654600	6	654599	4	10
654602	2	654601	5	7
654603	11	1075698	3	14
654609	1	654608	1	2
654614	4	654613	1	5
654616	7	654615	2	9
654627	4	654626	1	5
654630	3	654629	4	7
654636	8	654635	16	24
654637	6	190232	3	9
654643	3	654642	2	5
654681	5	654680	6	11
654686	2	654685	4	6
654693	5	926053	3	8
654695	5	654694	2	7
654696	4	190277	1	5
654702	5	654701	16	21
654711	1	190285	5	6
654714	7	654713	2	9
654728	2	654727	1	3
654733	1	654732	6	7
654738	10	654737	1	11
654742	1	654741	2	3
654745	1	654744	2	3
654749	4	654748	9	13
654752	4	654751	6	10
654759	1	654758	5	6
654763	5	654762	7	12
654778	3	654777	2	5
654792	3	654791	3	6
654794	2	654793	3	5
654797	15	654796	6	21
654801	8	654798	9	17
654807	1	654806	2	3
654809	10	654808	2	12
654812	2	654811	6	8
654814	1	654813	9	10
654819	1	654818	7	8
654826	6	654825	2	8
654835	2	654834	2	4
654843	1	190390	1	2
654850	10	654849	4	14
654852	2	654851	2	4
654857	3	926120	3	6
654860	5	654859	11	16
654914	2	654913	1	3
654917	1	654916	4	5
654919	7	654918	1	8
654928	2	654927	3	5
654930	2	654929	4	6
654932	2	654931	3	5
654946	4	654945	6	10
654948	9	654947	7	16
654950	12	190444	2	14
654963	2	654962	9	11
654968	4	190455	5	9
654990	2	654989	6	8
654993	4	654992	2	6
654994	2	190464	2	4
654997	2	654996	3	5
655006	3	655005	8	11
655012	6	655011	5	11
655029	1	655028	2	3
655033	5	655032	2	7
655039	8	655038	2	10
655042	4	655041	3	7
655058	3	655057	2	5
655070	1	655069	4	5
655072	1	655071	3	4
655082	1	655081	1	2
655088	1	655087	2	3
655111	4	655110	2	6
655114	4	655113	2	6
655122	3	655121	9	12
655132	7	655131	2	9
655139	2	655138	6	8
655146	9	655145	8	17
655150	4	655149	3	7
655157	5	340769	6	11
655165	5	655164	5	10
655167	6	655166	4	10
655174	4	655173	3	7
655177	7	655176	12	19
655187	5	655186	7	12
655196	2	190543	1	3
655211	5	655210	1	6
655227	8	655226	1	9
655234	3	655233	3	6
655237	8	655236	2	10
655239	1	655238	2	3
655245	9	655244	1	10
655249	3	655248	7	10
655261	1	655260	1	2
655263	1	655262	2	3
655266	1	655265	6	7
655268	1	655267	143	144
655274	3	655273	3	6
655275	3	340780	3	6
655280	1	655279	2	3
655285	2	655284	5	7
655287	9	655286	9	18
655289	8	655288	3	11
655292	1	926283	40	41
655299	5	655298	4	9
655302	2	655301	4	6
655304	1	655303	4	5
655306	1	190565	4	5
655314	5	655313	3	8
655320	8	655319	4	12
655329	2	340786	1	3
655343	4	655342	1	5
655356	4	655355	1	5
655363	2	655362	1	3
655369	2	655368	3	5
655373	4	655372	8	12
655398	5	926318	5	10
655400	3	655399	5	8
655402	4	655401	2	6
655404	7	655403	15	22
655414	1	655413	2	3
655419	4	655418	6	10
655456	1	655455	4	5
655462	3	655461	3	6
655466	1	190612	3	4
655469	4	655468	3	7
655474	4	655473	4	8
655480	1	655479	4	5
655487	1	655486	7	8
655494	2	190618	1	3
655497	3	655496	3	6
655499	1	655498	1	2
655501	1	655500	1	2
655505	4	190620	2	6
655512	1	655511	3	4
655523	1	655522	1	2
655525	4	655524	14	18
655530	1	655529	4	5
655549	3	655548	5	8
655559	5	655558	5	10
655573	2	655572	1	3
655584	1	655583	2	3
655589	3	190661	1	4
655607	2	340806	1	3
655622	1	926404	4	5
655624	2	655623	5	7
655631	1	655630	2	3
655641	10	655640	4	14
655643	1	655642	1	2
655645	3	655644	1	4
655661	2	655660	2	4
655663	3	655662	1	4
655667	1	190701	6	7
655670	2	655669	1	3
655690	7	655689	3	10
655695	3	655694	1	4
655696	3	340820	4	7
655700	2	655699	14	16
655703	15	655702	2	17
655705	2	655704	3	5
655711	1	655710	1	2
655756	1	340828	2	3
655760	2	655759	2	4
655762	5	655761	4	9
655776	1	655775	2	3
655780	3	655779	2	5
655786	1	655785	1	2
655805	1	655804	4	5
655811	4	655810	2	6
655828	3	655827	6	9
655831	2	655830	2	4
655836	5	655835	3	8
655846	4	655845	2	6
655848	2	655847	1	3
655859	4	655858	5	9
655870	1	655869	4	5
655875	5	655874	2	7
655891	1	655890	2	3
655904	2	655903	3	5
655924	1	655923	1	2
655929	28	655928	4	32
655934	4	655933	1	5
655957	5	655956	3	8
655959	2	655958	3	5
655961	2	655960	1	3
655971	1	655970	2	3
655980	15	655979	1	16
655986	2	655985	3	5
656005	2	656004	1	3
656007	1	656006	1	2
656017	2	656016	2	4
656019	1	656018	3	4
656022	3	656021	3	6
656026	4	656025	4	8
656033	1	656032	2	3
656041	6	656040	4	10
656050	1	656049	2	3
656057	2	656056	1	3
656059	1	656058	2	3
656068	3	656067	3	6
656071	1	656070	2	3
656098	5	656097	3	8
656100	1	656099	1	2
656106	1	656105	3	4
656113	4	656112	3	7
656124	1	656123	1	2
656140	6	656139	4	10
656155	8	190893	1	9
656158	3	656157	4	7
656201	5	656200	6	11
656203	2	656202	2	4
656205	1	656204	1	2
656218	1	656217	1	2
656226	1	656225	2	3
656253	3	656252	1	4
656280	2	656279	1	3
656288	1	656287	1	2
656306	1	656305	33	34
656309	1	656308	1	2
656341	7	656340	1	8
656400	6	656399	13	19
656429	3	656428	6	9
656442	5	656441	6	11
656531	11	656529	20	31
656550	13	656549	4	17
656572	3	656571	22	25
656583	1	656582	1	2
656594	5	656593	13	18
656598	2	191060	1	3
656602	1	656601	10	11
656619	4	656618	12	16
656621	4	656620	1	5
656623	4	656622	6	10
656625	4	926737	3	7
656629	8	656628	10	18
656648	5	656647	5	10
656651	4	656650	2	6
656653	7	656652	5	12
656655	8	191085	10	18
656659	12	656658	5	17
656664	3	656663	4	7
656669	5	656668	15	20
656670	12	340946	6	18
656683	8	656682	3	11
656700	1	656699	6	7
656703	3	656702	1	4
656723	5	656722	9	14
656726	4	656725	11	15
656734	6	656733	4	10
656772	2	656771	2	4
656776	6	656775	5	11
656790	6	656789	4	10
656802	8	656801	9	17
656807	3	656806	11	14
656811	6	656810	11	17
656821	8	656820	8	16
656823	6	656822	1	7
656829	5	656828	1	6
656837	4	656836	3	7
656859	1	656858	2	3
656866	24	656865	14	38
656867	3	340957	10	13
656873	1	656872	7	8
656877	1	656876	12	13
656879	1	656878	2	3
656885	2	926832	5	7
656889	9	656888	9	18
656897	1	656896	6	7
656903	3	656902	2	5
656918	5	191142	2	7
656920	6	656919	8	14
656922	7	656921	34	41
656925	8	656924	5	13
656937	3	926854	5	8
656944	3	191146	2	5
656949	20	656948	5	25
656960	4	656959	2	6
656969	14	340965	4	18
656973	6	656972	2	8
656981	9	656980	5	14
656986	5	656985	4	9
656988	20	656987	9	29
656997	3	656996	10	13
657003	1	657002	8	9
657013	12	657012	3	15
657015	9	657014	4	13
657017	2	657016	15	17
657022	7	657021	4	11
657044	2	657043	1	3
657047	2	657046	1	3
657052	1	657051	7	8
657062	1	657061	1	2
657089	1	657088	1	2
657100	1	657099	3	4
657106	1	657105	3	4
657117	9	657116	7	16
657119	1	657118	3	4
657125	2	657124	10	12
657136	8	657135	15	23
657147	1	657146	12	13
657156	2	657155	2	4
657162	3	657161	2	5
657164	4	657163	2	6
657171	6	657170	2	8
657174	4	657173	7	11
657183	5	657182	5	10
657192	2	657191	1	3
657207	8	191240	5	13
657209	8	191243	4	12
657212	6	657211	11	17
657223	11	657222	35	46
657225	6	657224	5	11
657227	11	657226	19	30
657239	9	657238	7	16
657254	6	657253	15	21
657284	11	657283	6	17
657296	7	657295	11	18
657298	5	657297	2	7
657301	17	657300	20	37
657315	26	657314	24	50
657316	5	191315	10	15
657329	20	657328	35	55
657339	13	657338	7	20
657360	23	191347	11	34
657366	8	191353	8	16
657375	6	657374	8	14
657378	2	191360	9	11
657385	4	657384	14	18
657389	17	657388	4	21
657392	4	657391	15	19
657394	3	657393	17	20
657398	7	657397	11	18
657400	6	657399	3	9
657404	12	657403	63	75
657406	1	657405	3	4
657410	5	657409	4	9
657412	13	927026	13	26
657415	5	657414	3	8
657422	10	657421	1	11
657426	7	657425	18	25
657430	4	191379	3	7
657436	29	341032	3	32
657445	21	657444	18	39
657453	8	657452	28	36
657463	3	657462	5	8
657466	3	657465	5	8
657468	4	191390	1	5
657471	6	657470	14	20
657477	32	191392	8	40
657481	7	657480	13	20
657494	7	657493	13	20
657505	8	191402	8	16
657508	71	657507	3	74
657510	2	341039	3	5
657512	12	657511	17	29
657517	4	657516	5	9
657520	4	657519	1	5
657527	15	657526	14	29
657529	1	657528	2	3
657535	1	657534	1	2
657542	4	657541	1	5
657544	4	657543	5	9
657556	28	341041	3	31
657563	2	191422	13	15
657566	8	657565	9	17
657569	4	657568	13	17
657573	1	657572	1	2
657578	13	191440	2	15
657581	126	657580	7	133
657583	13	657582	1	14
657601	17	657600	1	18
657607	4	657606	3	7
657610	14	657609	8	22
657635	16	657634	2	18
657637	1	657636	4	5
657638	3	341056	1	4
657651	10	657650	4	14
657655	22	657654	21	43
657657	18	191482	1	19
657659	27	657658	13	40
657667	2	657666	7	9
657675	4	657674	7	11
657688	18	657687	12	30
657691	1	657690	3	4
657697	2	927135	4	6
657713	2	657712	2	4
657718	7	657717	35	42
657721	17	657720	14	31
657724	2	657723	6	8
657731	8	657730	8	16
657733	1	657732	2	3
657738	44	657737	4	48
657744	2	657743	1	3
657753	3	657752	3	6
657756	1	657755	13	14
657760	2	657759	1	3
657764	6	657763	11	17
657770	13	657769	12	25
657772	18	657771	6	24
657782	9	657781	1	10
657784	1	657783	1	2
657786	2	657785	1	3
657794	6	657793	4	10
657798	14	191574	4	18
657811	8	657810	13	21
657817	8	657816	22	30
657823	13	657822	5	18
657824	10	191600	6	16
657829	5	657828	1	6
657831	1	657830	5	6
657840	1	657839	6	7
657843	13	657842	23	36
657848	11	657847	14	25
657866	11	657865	7	18
657886	14	341082	1	15
657888	11	657887	12	23
657894	11	657893	11	22
657897	26	657896	12	38
657909	14	657908	14	28
657912	10	341085	7	17
657919	3	657918	23	26
657921	5	927201	11	16
657923	4	657922	20	24
657927	10	657926	20	30
657929	10	657928	13	23
657931	18	657930	5	23
657933	2	657932	6	8
657936	9	657935	2	11
657946	18	657945	9	27
657955	10	657954	1	11
657960	10	191654	1	11
657962	12	657961	9	21
657974	10	657973	5	15
657976	3	657975	1	4
657989	16	191673	6	22
657995	2	657994	14	16
658008	2	658007	2	4
658012	8	658011	13	21
658015	1	658014	4	5
658021	2	658020	2	4
658028	1	658027	5	6
658030	11	658029	12	23
658035	14	658034	8	22
658037	1	191700	17	18
658042	11	658041	22	33
658052	16	658051	15	31
658058	21	658057	11	32
658061	2	191711	10	12
658064	6	658063	4	10
658072	5	927275	19	24
658073	6	191729	13	19
658076	9	658075	1	10
658088	10	658087	7	17
658091	16	658090	7	23
658095	2	191758	8	10
658097	4	658096	12	16
658099	14	658098	9	23
658103	10	191763	11	21
658106	12	658105	10	22
658108	9	191771	1	10
658114	11	658113	12	23
658119	11	191780	11	22
658130	10	658129	5	15
658134	16	658133	8	24
658136	10	658135	9	19
658152	9	191794	12	21
658166	6	658165	5	11
658185	4	658184	2	6
658187	1	658186	1	2
658190	4	658189	8	12
658193	2	658192	7	9
658196	2	658195	10	12
658198	3	658197	11	14
658206	8	191823	7	15
658210	1	658209	8	9
658250	14	658249	7	21
658266	10	658265	18	28
658272	7	658271	5	12
658279	1	658278	1	2
658282	12	658281	12	24
658284	10	658283	19	29
658329	16	658328	18	34
658339	4	658338	21	25
658355	4	658354	8	12
658371	1	658370	9	10
658398	1	658397	12	13
658413	1	658412	7	8
658416	6	658415	11	17
658430	11	191923	8	19
658444	2	658443	1	3
658487	1	191945	1	2
658499	1	658498	1	2
658504	17	658503	18	35
658509	9	658508	15	24
658517	1	658516	1	2
658525	14	191957	1	15
658533	10	658532	8	18
658536	1	658535	13	14
658565	7	658564	3	10
658571	14	658570	12	26
658575	21	658574	8	29
658582	3	658581	2	5
658587	1	658586	25	26
658589	9	191981	6	15
658604	14	658603	12	26
658636	17	658635	7	24
658700	2	658699	3	5
658711	15	658710	12	27
658714	7	658713	7	14
658725	6	658724	1	7
658744	7	192037	3	10
658773	14	658772	1	15
658779	7	658778	5	12
658786	8	658785	23	31
658794	18	658793	9	27
658827	13	658826	5	18
658857	1	658856	8	9
658862	2	658861	13	15
658886	8	658885	9	17
658915	12	658914	13	25
658931	9	658930	5	14
658937	9	658936	6	15
658981	10	192155	16	26
658983	13	658982	8	21
658994	7	658993	10	17
658995	11	192158	1	12
659008	17	659007	3	20
659030	6	659029	1	7
659069	2	659068	14	16
659076	15	659075	3	18
659097	1	659096	1	2
659099	29	659098	7	36
659103	9	659102	1	10
659109	9	192211	10	19
659119	18	659118	8	26
659123	9	659122	8	17
659125	12	659124	15	27
659145	12	659144	4	16
659155	1	659154	3	4
659165	15	659164	10	25
659182	1	659181	1	2
659192	20	659191	7	27
659195	11	659194	10	21
659197	27	659196	6	33
659230	19	659229	6	25
659255	1	659254	1	2
659290	21	659289	43	64
659325	22	659324	18	40
659331	19	192306	14	33
659345	10	659344	11	21
659364	12	659363	15	27
659366	12	659365	14	26
659376	10	659375	10	20
659389	6	659388	14	20
659393	8	659392	18	26
659399	9	659398	3	12
659401	4	659400	14	18
659408	2	659407	1	3
659414	4	659413	14	18
659425	5	659424	9	14
659434	10	192362	5	15
659446	1	192371	7	8
659450	8	659449	11	19
659454	13	659453	10	23
659458	2	659457	3	5
659465	3	659464	1	4
659475	3	659474	2	5
659477	15	659476	10	25
659479	11	659478	7	18
659489	11	192414	7	18
659498	4	659497	8	12
659524	19	659523	1	20
659526	5	659525	5	10
659529	6	659528	15	21
659538	11	192440	8	19
659570	7	659569	6	13
659572	5	659571	9	14
659576	7	659575	16	23
659578	1	659577	1	2
659581	14	659580	29	43
659591	13	659590	16	29
659593	1	659592	11	12
659600	19	659599	8	27
659611	21	659610	1	22
659633	1	659632	12	13
659635	3	659634	2	5
659644	1	659643	1	2
659652	14	659651	5	19
659656	8	659655	20	28
659675	13	659674	1	14
659692	1	659691	11	12
659694	1	659693	1	2
659700	1	659699	2	3
659703	6	659702	2	8
659711	4	659710	7	11
659723	7	659722	10	17
659725	11	192597	1	12
659735	12	659734	16	28
659739	1	659738	1	2
659742	1	659741	3	4
659747	9	659746	11	20
659752	8	192606	13	21
659754	1	659753	2	3
659760	2	659759	1	3
659765	13	659764	1	14
659774	6	659773	15	21
659776	16	659775	12	28
659782	8	659781	18	26
659803	2	659802	1	3
659807	10	659806	31	41
659812	15	659811	10	25
659826	13	659825	16	29
659837	7	659836	3	10
659847	13	659846	3	16
659850	24	659849	21	45
659851	1	192657	9	10
659864	9	659863	10	19
659866	12	659865	15	27
659877	12	192669	12	24
659879	3	192672	12	15
659886	16	659885	21	37
659893	1	192674	2	3
659909	1	659908	1	2
659913	6	659912	2	8
659918	7	659917	2	9
659925	18	659924	1	19
659931	21	659930	18	39
659935	3	659934	26	29
659944	11	659943	2	13
659949	14	341366	77	91
659967	7	659966	8	15
659968	20	192707	14	34
659970	1	659969	1	2
659976	14	659975	1	15
659982	1	659981	4	5
659999	3	192723	3	6
660001	8	660000	10	18
660003	12	192724	10	22
660013	9	660012	14	23
660018	6	660017	10	16
660034	19	660033	16	35
660036	9	660035	6	15
660039	39	660038	3	42
660044	3	660043	1	4
660050	15	660049	15	30
660071	3	660070	2	5
660081	2	660080	3	5
660088	23	192769	11	34
660091	15	660090	16	31
660095	2	660094	25	27
660108	9	660107	9	18
660118	8	660117	14	22
660126	2	660125	10	12
660137	1	660136	1	2
660148	24	660147	12	36
660154	2	660153	4	6
660184	9	660183	1	10
660211	13	660210	1	14
660215	15	660214	5	20
660217	1	660216	13	14
660220	19	660219	3	22
660223	3	660222	10	13
660228	3	660227	8	11
660239	2	660238	6	8
660248	3	660247	7	10
660255	20	660254	9	29
660257	3	660256	5	8
660260	4	192887	1	5
660262	1	928031	4	5
660269	1	660268	8	9
660286	5	660285	5	10
660291	7	660290	12	19
660307	1	660306	4	5
660313	1	660312	3	4
660319	3	660318	3	6
660327	8	660326	2	10
660330	9	660329	4	13
660332	9	192962	2	11
660343	4	660342	3	7
660367	8	660366	3	11
660381	1	660380	37	38
660383	2	193008	10	12
660404	12	660403	8	20
660408	13	660407	12	25
660411	8	193021	7	15
660413	2	660412	6	8
660415	6	660414	3	9
660420	2	660419	1	3
660430	18	660429	20	38
660433	3	660432	5	8
660435	7	660434	11	18
660437	10	193027	1	11
660438	3	193028	2	5
660441	6	193032	12	18
660444	1	660443	1	2
660446	7	660445	15	22
660448	1	660447	1	2
660450	5	660449	29	34
660452	2	341464	7	9
660466	4	660465	5	9
660470	2	660469	8	10
660473	7	660472	14	21
660479	7	660478	1	8
660483	14	660482	10	24
660487	5	660486	6	11
660489	3	660488	8	11
660503	15	660502	2	17
660506	5	660505	1	6
660510	1	1077400	5	6
660512	7	660511	5	12
660515	3	660514	4	7
660517	2	660516	1	3
660524	7	660523	10	17
660529	2	341479	1	3
660536	3	660535	2	5
660541	5	660540	2	7
660545	2	660542	3	5
660548	2	660547	1	3
660567	6	660566	17	23
660574	3	660573	9	12
660581	2	660580	2	4
660582	3	341481	1	4
660587	1	660586	5	6
660590	5	660589	6	11
660609	3	660608	4	7
660616	2	660615	4	6
660621	9	193097	5	14
660624	3	660623	7	10
660639	5	660638	2	7
660644	7	928159	4	11
660646	6	193117	2	8
660658	2	660657	1	3
660662	7	660661	7	14
660667	3	660666	2	5
660672	7	660671	1	8
660682	4	660681	5	9
660690	11	660689	5	16
660698	2	660697	2	4
660701	3	660700	1	4
660706	4	660705	4	8
660716	4	660715	2	6
660719	1	660718	2	3
660723	2	660722	2	4
660726	1	660725	2	3
660735	2	193134	4	6
660737	3	660736	4	7
660740	1	193136	3	4
660742	2	660741	3	5
660746	3	660745	2	5
660756	19	660755	9	28
660776	1	660775	2	3
660779	1	660778	20	21
660784	1	660783	8	9
660786	9	660785	1	10
660788	11	660787	5	16
660795	15	660794	14	29
660797	12	660796	12	24
660821	12	193176	3	15
660827	4	928205	1	5
660836	9	660835	10	19
660841	7	660840	2	9
660846	7	660845	5	12
660848	2	660847	1	3
660858	15	660857	16	31
660860	13	660859	5	18
660861	13	193198	9	22
660864	28	660863	10	38
660885	1	660884	2	3
660889	5	660888	1	6
660901	3	660900	6	9
660903	3	660902	2	5
660930	4	660929	4	8
660943	7	660942	3	10
660960	5	660959	2	7
660962	3	928253	5	8
660973	2	660972	9	11
660974	1	341522	9	10
660976	4	660975	14	18
660986	2	660985	1	3
661011	6	661010	1	7
661022	3	661021	2	5
661024	3	661023	4	7
661028	2	661027	1	3
661037	30	661036	1	31
661039	5	193265	4	9
661041	2	661040	6	8
661044	12	661043	4	16
661051	2	193274	7	9
661056	17	661055	4	21
661058	6	661057	6	12
661075	16	661074	8	24
661105	5	193344	1	6
661107	2	193348	5	7
661118	4	661117	4	8
661128	2	661127	4	6
661137	6	661136	5	11
661142	17	661141	3	20
661144	93	661143	3	96
661153	4	661152	3	7
661161	4	661160	3	7
661165	14	661164	3	17
661169	9	661167	3	12
661184	1	193400	2	3
661186	4	661185	4	8
661188	2	193405	4	6
661206	6	661205	1	7
661209	16	661208	2	18
661212	7	661211	7	14
661222	1	661221	8	9
661245	13	341570	9	22
661257	2	661256	2	4
661259	3	661258	6	9
661267	5	193457	6	11
661286	1	661285	11	12
661305	1	661304	1	2
661316	1	661315	1	2
661321	2	193467	11	13
661329	3	661328	4	7
661335	14	661334	20	34
661337	5	661336	13	18
661344	4	661343	1	5
661348	14	661347	2	16
661350	15	193476	9	24
661352	13	661351	7	20
661353	9	193478	5	14
661358	9	661357	14	23
661369	1	661368	3	4
661372	2	661371	1	3
661379	4	661378	13	17
661384	11	661383	16	27
661401	3	661400	1	4
661403	5	661402	4	9
661413	5	661412	12	17
661425	9	661424	7	16
661428	1	661427	19	20
661435	9	661434	13	22
661438	7	661437	2	9
661441	8	193529	12	20
661459	6	661458	10	16
661508	2	661507	11	13
661523	8	661522	1	9
661535	3	661534	1	4
661542	13	661541	9	22
661547	11	661546	2	13
661555	5	928480	11	16
661559	17	661558	11	28
661565	13	661564	10	23
661567	12	661566	10	22
661573	5	661572	13	18
661593	9	661592	13	22
661599	1	661598	1	2
661615	2	661614	13	15
661621	1	193656	2	3
661625	10	193668	10	20
661627	10	661626	21	31
661631	30	661630	13	43
661633	3	661632	12	15
661637	4	193679	15	19
661643	9	661642	15	24
661647	13	193702	1	14
661650	1	661649	8	9
661653	12	661652	6	18
661658	6	661657	11	17
661673	1	661672	9	10
661679	2	661678	4	6
661681	19	661680	12	31
661692	1	661691	3	4
661696	15	193740	2	17
661709	18	661708	3	21
661726	10	661725	7	17
661729	13	661728	11	24
661731	5	661730	3	8
661737	15	661736	8	23
661748	17	661747	10	27
661754	42	661753	3	45
661760	14	928538	13	27
661765	2	661764	1	3
661770	5	661769	4	9
661771	10	193767	5	15
661775	10	661774	23	33
661787	9	341670	3	12
661798	3	193794	2	5
661803	3	661802	4	7
661806	8	661805	20	28
661809	9	661808	23	32
661811	15	661810	3	18
661813	3	193801	3	6
661817	6	661816	3	9
661831	16	661830	1	17
661834	1	661833	5	6
661842	9	661841	13	22
661847	2	661846	3	5
661850	8	661849	1	9
661863	1	661862	1	2
661870	1	661869	4	5
661874	1	661873	3	4
661881	2	661880	1	3
661884	2	661883	1	3
661898	11	193887	13	24
661901	4	661900	4	8
661903	6	661902	29	35
661904	8	193891	10	18
661906	1	661905	1	2
661910	14	928623	12	26
661912	6	661911	3	9
661915	7	661914	18	25
661917	9	661916	15	24
661925	16	661924	1	17
661927	1	661926	17	18
661929	29	661928	6	35
661932	13	661931	9	22
661934	20	661933	23	43
661935	11	193915	10	21
661940	1	193918	10	11
661942	12	661941	9	21
661957	11	661956	9	20
661962	7	661961	5	12
661978	1	661977	3	4
661981	3	661980	3	6
661986	10	661985	11	21
661989	8	661988	6	14
661995	17	661994	10	27
661997	8	661996	9	17
662033	1	662032	27	28
662035	1	662034	5	6
662037	4	662036	9	13
662046	11	662045	5	16
662048	4	662047	4	8
662050	5	662049	11	16
662052	4	662051	3	7
662059	8	662058	8	16
662063	8	662062	10	18
662072	6	662071	10	16
662079	2	194041	1	3
662084	4	662083	3	7
662087	8	662086	12	20
662098	1	662097	14	15
662118	1	194112	4	5
662121	14	662120	10	24
662124	5	662123	16	21
662127	8	194120	11	19
662130	7	662129	7	14
662133	7	662132	14	21
662135	16	662134	13	29
662147	5	662146	4	9
662158	9	662157	5	14
662161	12	662160	16	28
662167	2	662166	14	16
662174	2	662173	6	8
662177	1	194181	7	8
662183	8	662182	11	19
662189	10	662188	1	11
662191	11	662190	16	27
662201	8	194205	1	9
662203	2	662202	5	7
662246	7	662245	12	19
662249	7	194253	3	10
662252	16	662251	1	17
662257	7	662256	15	22
662260	3	662259	3	6
662262	3	662261	4	7
662274	8	662273	4	12
662278	5	662277	9	14
662281	5	662280	7	12
662283	10	662282	20	30
662286	4	662285	1	5
662288	7	662287	4	11
662299	2	662298	6	8
662305	2	662304	4	6
662307	3	662306	5	8
662309	6	662308	5	11
662322	15	662321	11	26
662325	18	662324	11	29
662328	6	662327	12	18
662331	6	662330	1	7
662335	5	662334	5	10
662336	3	194344	2	5
662339	11	928792	7	18
662341	12	662340	9	21
662344	15	662343	13	28
662347	10	662346	9	19
662350	4	662349	3	7
662353	24	662352	9	33
662356	5	662355	7	12
662364	4	662363	6	10
662372	2	662371	2	4
662374	7	662373	5	12
662378	12	662377	1	13
662390	6	662389	12	18
662395	5	662394	3	8
662399	2	662398	1	3
662401	12	662400	2	14
662410	13	194400	17	30
662416	4	662415	8	12
662421	2	662420	3	5
662426	3	662425	16	19
662436	6	662435	8	14
662440	3	662439	5	8
662453	18	662452	11	29
662457	12	662456	8	20
662470	2	662469	4	6
662472	5	662471	2	7
662474	23	662473	2	25
662480	13	662479	12	25
662493	15	194479	3	18
662507	11	662506	4	15
662518	10	194501	7	17
662520	7	662519	3	10
662523	4	662522	7	11
662529	7	662528	7	14
662538	11	662537	13	24
662541	1	662540	14	15
662546	3	662545	5	8
662553	4	194556	13	17
662558	11	662557	13	24
662564	17	662563	6	23
662568	1	194571	2	3
662575	4	662574	3	7
662577	1	662576	35	36
662580	2	662579	1	3
662597	1	662596	4	5
662599	34	194585	14	48
662602	16	662601	3	19
662607	1	662606	8	9
662616	3	662615	3	6
662630	10	662629	1	11
662632	4	662631	1	5
662636	6	662635	7	13
662639	11	662638	4	15
662643	21	662642	1	22
662647	20	662646	14	34
662662	6	194637	10	16
662689	14	662688	1	15
662693	10	662692	16	26
662705	6	662704	12	18
662710	2	662709	8	10
662712	7	662711	8	15
662721	13	662720	9	22
662726	7	662725	7	14
662747	9	662746	1	10
662759	12	194791	12	24
662764	9	662763	18	27
662779	15	662778	5	20
662783	2	194808	8	10
662786	11	662785	23	34
662787	1	341925	2	3
662795	6	662794	6	12
662798	13	662797	6	19
662804	10	662803	6	16
662806	13	662805	1	14
662811	2	662810	7	9
662831	12	194843	1	13
662833	6	662832	9	15
662836	5	662835	11	16
662840	1	341930	2	3
662849	10	662848	4	14
662862	10	662861	8	18
662867	10	662866	7	17
662872	4	662871	1	5
662877	2	662876	1	3
662881	11	662880	10	21
662884	10	662883	11	21
662889	18	662888	10	28
662894	6	662893	23	29
662898	1	662897	17	18
662900	10	662899	13	23
662912	8	662911	16	24
662916	10	194921	18	28
662920	11	662919	1	12
662922	3	662921	1	4
662934	18	662933	18	36
662936	14	662935	10	24
662941	7	662940	11	18
662943	14	662942	5	19
662945	3	662944	12	15
662947	1	662946	2	3
662952	1	662951	5	6
662960	8	194961	9	17
662974	13	662973	11	24
662975	16	194984	6	22
662983	1	662982	1	2
662987	7	662986	3	10
662993	11	662992	7	18
663004	12	663003	5	17
663012	14	663011	10	24
663038	8	663037	9	17
663045	2	195067	2	4
663047	1	663046	3	4
663049	3	663048	3	6
663056	13	663055	19	32
663063	3	663062	9	12
663065	8	663064	13	21
663069	5	663068	10	15
663073	3	663072	4	7
663081	12	663080	11	23
663089	10	663088	4	14
663092	10	663091	1	11
663096	9	663095	1	10
663101	12	195117	18	30
663103	4	663102	2	6
663104	6	195124	15	21
663108	9	663107	3	12
663129	2	195145	8	10
663160	9	663159	3	12
663172	21	663171	17	38
663184	28	663183	10	38
663191	6	663189	7	13
663207	3	663206	7	10
663229	3	663228	2	5
663230	9	195261	13	22
663238	18	195271	11	29
663244	1	663243	3	4
663256	18	663255	17	35
663258	3	663257	3	6
663267	8	663266	12	20
663270	11	663269	4	15
663277	10	663276	5	15
663282	11	195312	4	15
663285	12	663284	16	28
663287	3	663286	11	14
663289	3	663288	15	18
663295	17	663294	8	25
663299	12	195338	14	26
663301	6	663300	3	9
663305	7	663304	11	18
663307	13	663306	4	17
663314	3	663313	8	11
663316	3	663315	15	18
663323	6	663322	6	12
663328	12	663327	5	17
663331	3	663330	3	6
663333	15	663332	13	28
663340	13	663339	7	20
663346	1	663345	1	2
663348	1	663347	1	2
663352	2	663351	1	3
663362	17	663361	17	34
663365	1	663364	9	10
663368	10	663367	1	11
663371	13	663370	13	26
663374	2	663373	2	4
663379	1	663378	3	4
663387	4	663386	2	6
663399	14	663398	16	30
663405	15	663404	14	29
663407	48	663406	9	57
663410	12	663409	17	29
663413	4	663412	4	8
663422	3	663421	2	5
663436	4	663435	1	5
663443	6	663442	7	13
663448	4	663447	7	11
663461	1	663460	2	3
663462	8	195461	1	9
663466	14	663465	14	28
663473	12	663472	2	14
663482	1	663481	2	3
663487	4	663486	6	10
663489	1	663488	2	3
663492	3	663491	2	5
663495	9	195490	1	10
663497	14	663496	3	17
663503	14	663502	19	33
663506	3	195496	1	4
663510	1	663509	3	4
663530	11	663529	6	17
663534	14	663533	15	29
663536	9	663535	15	24
663539	1	663538	15	16
663543	9	663542	41	50
663547	3	663546	7	10
663549	12	663548	7	19
663553	5	663552	5	10
663554	4	195540	6	10
663562	11	663561	7	18
663566	11	663565	1	12
663570	6	663569	3	9
663573	4	663572	7	11
663577	13	195561	21	34
663585	16	663584	7	23
663590	4	663589	4	8
663611	9	663610	4	13
663614	7	663613	4	11
663615	7	195604	4	11
663625	9	663624	9	18
663638	2	663637	1	3
663639	11	929348	9	20
663643	13	195631	7	20
663663	7	663662	12	19
663666	5	663665	2	7
663671	10	195648	11	21
663687	12	663686	2	14
663692	3	663691	5	8
663698	6	663697	7	13
663701	5	663700	8	13
663705	18	663704	10	28
663707	4	663706	6	10
663709	8	663708	2	10
663712	5	195668	12	17
663723	6	663722	2	8
663726	7	663724	12	19
663730	5	195700	7	12
663733	4	663732	7	11
663744	8	663743	2	10
663761	7	663760	4	11
663768	14	663767	10	24
663771	12	663770	5	17
663787	33	929401	8	41
663790	8	663789	1	9
663798	9	663797	8	17
663800	9	663799	14	23
663803	1	663802	2	3
663807	2	195788	4	6
663810	8	663809	8	16
663813	5	663812	4	9
663821	13	663820	29	42
663829	13	663828	9	22
663836	7	663835	6	13
663838	15	663837	1	16
663847	5	663846	9	14
663856	3	663855	7	10
663858	29	663857	8	37
663866	3	663865	1	4
663874	2	929439	2	4
663881	1	663880	2	3
663883	11	663882	27	38
663890	2	195876	3	5
663893	4	929456	9	13
663909	15	663908	6	21
663911	1	663910	4	5
663915	7	195921	9	16
663924	26	929472	14	40
663931	4	663930	8	12
663940	17	663939	7	24
663943	3	663942	1	4
663949	1	663948	13	14
663964	4	663963	4	8
663966	5	663965	2	7
663976	4	663975	4	8
663993	8	929498	13	21
663999	10	663998	15	25
664002	10	664001	12	22
664012	1	664011	2	3
664014	1	664013	1	2
664016	1	664015	3	4
664037	6	664036	7	13
664044	3	664043	4	7
664049	4	664048	22	26
664059	4	664058	4	8
664061	3	664060	6	9
664066	5	664065	2	7
664071	2	664070	1	3
664083	4	664082	10	14
664093	22	664092	5	27
664095	9	664094	13	22
664104	3	664103	1	4
664106	2	196032	12	14
664108	6	664107	5	11
664114	7	664113	2	9
664120	2	929551	20	22
664130	6	664129	2	8
664141	19	664140	9	28
664144	11	664143	2	13
664155	14	196060	1	15
664157	9	664156	11	20
664164	2	664163	4	6
664173	1	664172	7	8
664184	10	664183	13	23
664193	4	664192	1	5
664201	8	664200	13	21
664204	2	664203	7	9
664206	1	664205	2	3
664215	2	664214	2	4
664226	6	664225	12	18
664232	6	664231	4	10
664234	16	664233	5	21
664237	6	664236	15	21
664251	14	664250	7	21
664261	5	664260	3	8
664275	5	664274	2	7
664287	11	664286	4	15
664331	1	664330	13	14
664334	16	196205	1	17
664340	6	664339	8	14
664344	8	664343	4	12
664351	5	664350	4	9
664353	13	664352	4	17
664359	17	664358	17	34
664382	3	664381	4	7
664389	9	664388	1	10
664394	10	664393	15	25
664398	31	664397	14	45
664401	10	664400	9	19
664410	2	664409	12	14
664414	5	664413	8	13
664417	6	664416	3	9
664424	1	664423	1	2
664429	10	664428	12	22
664431	6	664430	12	18
664443	9	664442	11	20
664459	9	664458	4	13
664461	6	664460	2	8
664470	8	664469	14	22
664479	3	664478	14	17
664486	16	664485	9	25
664499	8	664498	8	16
664505	17	664504	6	23
664508	10	664507	6	16
664521	11	664520	16	27
664531	10	664530	11	21
664534	17	664533	1	18
664539	2	664538	11	13
664542	11	664541	4	15
664563	15	664562	4	19
664565	13	664564	2	15
664583	4	664582	6	10
664592	4	664591	2	6
664596	4	664595	3	7
664610	7	664609	4	11
664617	7	196377	4	11
664636	9	664635	8	17
664641	1	929762	1	2
664646	6	664645	9	15
664648	7	664647	5	12
664659	7	664658	3	10
664663	3	664662	10	13
664684	16	664683	3	19
664687	21	196445	8	29
664689	7	664688	6	13
664692	5	664691	15	20
664695	6	664694	10	16
664702	9	664701	3	12
664709	3	664708	2	5
664722	4	664721	10	14
664724	9	342292	9	18
664727	11	664726	13	24
664739	1	664738	2	3
664742	1	664741	7	8
664749	8	664748	21	29
664751	2	664750	2	4
664758	6	664757	7	13
664764	1	664763	3	4
664767	1	664766	8	9
664786	5	664785	5	10
664795	8	664794	7	15
664798	10	664797	7	17
664813	3	664812	4	7
664825	10	664824	2	12
664829	7	664828	16	23
664839	1	664838	1	2
664842	4	664841	2	6
664844	13	664843	5	18
664849	5	196556	24	29
664856	8	664855	5	13
664859	4	664858	12	16
664876	1	664875	4	5
664878	6	664877	9	15
664911	1	664910	5	6
664914	2	664913	1	3
664918	1	664917	3	4
664931	2	664930	5	7
664935	4	664934	1	5
664942	2	664941	4	6
664964	3	664963	2	5
664969	4	664968	2	6
664987	3	664986	2	5
664996	3	664995	5	8
664998	1	196729	4	5
665001	2	665000	1	3
665013	8	665012	2	10
665017	2	665016	1	3
665020	3	196762	3	6
665036	1	665035	3	4
665043	7	665042	1	8
665054	8	665053	2	10
665058	8	665057	1	9
665063	2	665062	17	19
665067	3	665066	5	8
665075	4	665074	9	13
665080	2	665079	3	5
665082	3	665081	1	4
665093	1	665092	1	2
665098	2	665097	1	3
665101	3	665100	3	6
665110	1	665109	1	2
665114	1	196856	4	5
665117	3	665116	8	11
665125	20	665124	4	24
665129	7	665128	5	12
665136	6	665135	9	15
665138	7	665137	6	13
665140	12	665139	1	13
665142	2	665141	1	3
665158	1	342413	2	3
665161	1	665160	4	5
665163	4	665162	5	9
665166	6	665165	4	10
665168	3	665167	7	10
665171	3	665170	5	8
665175	4	665174	3	7
665193	2	665192	1	3
665197	5	665196	1	6
665202	3	665201	5	8
665205	2	665204	2	4
665207	13	665206	2	15
665213	9	665212	6	15
665224	1	665223	1	2
665226	4	665225	2	6
665237	4	196943	1	5
665260	17	665259	12	29
665267	4	665266	1	5
665271	3	665270	27	30
665286	3	665284	1	4
665294	6	665293	19	25
665302	7	665301	3	10
665307	13	1078926	2	15
665311	5	665310	4	9
665329	5	665328	10	15
665332	13	665331	25	38
665340	13	665339	11	24
665342	14	665341	6	20
665346	5	342446	16	21
665352	1	196982	10	11
665354	13	665353	10	23
665359	17	665358	17	34
665362	8	665361	3	11
665364	16	665363	2	18
665405	42	342461	4	46
665410	10	665409	4	14
665411	11	342462	5	16
665413	7	665412	26	33
665429	6	665428	4	10
665432	1	665431	1	2
665445	4	665444	4	8
665446	10	197046	5	15
665449	6	665448	1	7
665453	7	665452	5	12
665457	4	665456	3	7
665466	2	665465	1	3
665468	10	197055	2	12
665469	4	197058	6	10
665471	1	665470	1	2
665475	1	665474	2	3
665486	6	665485	8	14
665490	5	665489	1	6
665494	16	665493	9	25
665499	9	665498	5	14
665510	5	665509	6	11
665514	9	665513	1	10
665526	3	930150	2	5
665531	7	665530	5	12
665533	6	665532	4	10
665535	13	665534	26	39
665542	5	665541	4	9
665547	5	665546	7	12
665567	1	665566	3	4
665568	5	197118	1	6
665572	5	665571	3	8
665580	9	665579	2	11
665590	6	197135	2	8
665601	2	665600	4	6
665612	4	665611	3	7
665615	2	665614	2	4
665618	2	665617	8	10
665622	2	197156	4	6
665626	7	665625	5	12
665631	1	665630	5	6
665632	4	930191	1	5
665647	5	665646	3	8
665659	4	665658	6	10
665692	2	665691	2	4
665716	4	665715	6	10
665724	5	665723	15	20
665726	5	197220	6	11
665747	1	665746	5	6
665755	7	665754	10	17
665757	14	665756	2	16
665769	2	665768	3	5
665770	7	197244	1	8
665771	1	197250	1	2
665773	20	665772	9	29
665779	7	197252	1	8
665782	4	665781	2	6
665788	5	930241	2	7
665791	4	665790	8	12
665799	10	665798	6	16
665803	2	665802	8	10
665810	3	665809	1	4
665822	6	665821	5	11
665824	5	665823	3	8
665843	4	665842	7	11
665851	3	665850	3	6
665853	5	665852	6	11
665861	5	665860	5	10
665864	1	342530	2	3
665866	1	665865	4	5
665870	3	665869	1	4
665874	2	665873	5	7
665876	6	665875	5	11
665877	3	197307	1	4
665882	3	665881	3	6
665884	2	665883	4	6
665896	8	665895	5	13
665898	9	665897	14	23
665902	4	665901	1	5
665906	4	665905	7	11
665945	1	665944	9	10
665955	9	665954	7	16
665980	11	197421	6	17
665987	4	665986	4	8
665998	2	665997	2	4
666004	5	666003	5	10
666009	3	666008	2	5
666012	13	666011	6	19
666015	2	666014	2	4
666017	2	666016	3	5
666021	5	197451	19	24
666025	3	666024	7	10
666030	1	666029	8	9
666039	2	197470	4	6
666049	1	666048	6	7
666053	1	666052	3	4
666055	3	666054	4	7
666058	2	666057	4	6
666059	1	197486	1	2
666072	4	666071	1	5
666078	4	666077	3	7
666082	3	342593	3	6
666088	5	342597	4	9
666094	4	666093	9	13
666115	15	666114	3	18
666134	7	666133	11	18
666150	6	666149	1	7
666154	2	666153	1	3
666159	13	666158	6	19
666163	7	666162	4	11
666166	1	666165	1	2
666173	6	666172	7	13
666178	35	666177	4	39
666183	5	666182	5	10
666194	2	666193	6	8
666197	1	666196	16	17
666217	3	666216	6	9
666222	7	666221	1	8
666245	2	666244	3	5
666251	3	666250	4	7
666253	3	666252	2	5
666258	9	197651	1	10
666262	2	666261	1	3
666264	5	342626	6	11
666269	5	666268	5	10
666283	6	666282	7	13
666297	5	666296	6	11
666300	6	930449	1	7
666307	1	666306	3	4
666314	8	666313	2	10
666316	4	666315	8	12
666319	4	197679	9	13
666325	6	666324	14	20
666327	2	666326	1	3
666329	8	342634	4	12
666336	6	666335	3	9
666337	3	197690	2	5
666339	6	666338	8	14
666344	9	666343	5	14
666353	10	666352	2	12
666356	2	666355	1	3
666363	4	666362	1	5
666367	1	666366	2	3
666368	4	197704	1	5
666370	2	666369	1	3
666373	2	666372	55	57
666380	2	197709	5	7
666403	3	930489	9	12
666419	1	197733	4	5
666422	3	197739	5	8
666437	5	666436	9	14
666446	7	197766	7	14
666449	4	666448	3	7
666450	7	197780	1	8
666453	8	666452	3	11
666465	10	666464	8	18
666476	3	666475	2	5
666483	7	930534	2	9
666499	6	666498	5	11
666517	8	666516	4	12
666521	3	197847	3	6
666523	5	666522	3	8
666524	3	197851	8	11
666526	4	666525	1	5
666528	5	666527	4	9
666533	2	666532	1	3
666537	7	666536	6	13
666540	1	666539	6	7
666552	2	197860	3	5
666561	2	666560	6	8
666563	4	197874	1	5
666568	5	666567	2	7
666571	2	197887	2	4
666576	2	666575	1	3
666578	5	666577	10	15
666583	3	197903	4	7
666589	3	197909	7	10
666595	8	666594	1	9
666596	1	197920	5	6
666618	3	666617	2	5
666628	3	666627	3	6
666629	1	930594	5	6
666647	1	197970	1	2
666650	3	342706	2	5
666655	2	666654	1	3
666665	1	197993	1	2
666668	1	666667	2	3
666674	1	666673	4	5
666679	8	666678	4	12
666698	2	666697	8	10
666714	3	666713	1	4
666720	6	666719	3	9
666722	6	666721	1	7
666730	7	666729	6	13
666735	6	198052	3	9
666743	2	666742	1	3
666762	2	666761	6	8
666764	2	666763	3	5
666771	3	198089	2	5
666782	6	198096	5	11
666792	3	666791	8	11
666800	4	666799	6	10
666802	7	666801	5	12
666819	14	666818	8	22
666821	4	666820	10	14
666830	3	666829	2	5
666836	2	666835	2	4
666838	5	666837	6	11
666840	2	666839	5	7
666843	5	666842	5	10
666847	5	666846	4	9
666851	5	666850	1	6
666858	5	666857	5	10
666862	7	666861	3	10
666864	5	666863	6	11
666865	2	198142	1	3
666878	1	666877	2	3
666881	2	666880	1	3
666883	5	666882	3	8
666886	5	666885	1	6
666901	1	666900	4	5
666903	2	666902	5	7
666906	2	666905	4	6
666921	2	666920	3	5
666923	3	666922	3	6
666934	3	666933	3	6
666941	3	666940	3	6
666953	5	666952	1	6
666959	5	666958	3	8
666961	3	666960	1	4
666964	1	666963	3	4
666969	2	666968	3	5
666977	1	198207	2	3
666980	8	198211	7	15
666987	5	666986	1	6
666997	2	666996	3	5
667004	8	667003	12	20
667008	8	198225	1	9
667011	6	667010	2	8
667013	6	667012	6	12
667023	1	667022	2	3
667031	13	667030	2	15
667033	5	667032	5	10
667041	11	667040	9	20
667044	8	198264	5	13
667049	4	667048	3	7
667058	9	198275	5	14
667060	2	667059	1	3
667065	10	667064	1	11
667067	14	667066	8	22
667069	5	667068	4	9
667072	6	198291	5	11
667078	3	667077	6	9
667085	10	667084	3	13
667107	2	667106	3	5
667114	1	667113	1	2
667138	1	667137	2	3
667152	4	342794	7	11
667155	11	667154	6	17
667164	8	667163	3	11
667167	6	667166	1	7
667180	3	667179	10	13
667202	16	667201	5	21
667208	8	667207	6	14
667211	10	667210	1	11
667212	4	930783	4	8
667229	5	930794	4	9
667237	3	667236	4	7
667240	2	198418	5	7
667248	4	667247	2	6
667287	12	198447	4	16
667295	4	667294	1	5
667297	1	667296	3	4
667300	2	667299	3	5
667312	3	667311	4	7
667357	2	667356	1	3
667360	1	667359	1	2
667377	2	667376	2	4
667380	1	667379	1	2
667383	9	198489	2	11
667405	3	667404	2	5
667422	6	667421	1	7
667425	4	667424	5	9
667427	47	667426	11	58
667436	3	667435	3	6
667452	5	198550	2	7
667455	3	667454	5	8
667459	5	667458	6	11
667464	3	667463	3	6
667472	8	667471	7	15
667475	2	667474	1	3
667477	1	667476	34	35
667479	2	667478	7	9
667482	6	667481	3	9
667496	3	667495	3	6
667499	2	667498	4	6
667502	7	667501	1	8
667504	5	667503	10	15
667510	1	667509	8	9
667512	5	667511	2	7
667533	8	667532	4	12
667541	22	667540	6	28
667543	12	667542	5	17
667547	6	667546	6	12
667549	3	667548	4	7
667554	2	667553	7	9
667565	11	930907	6	17
667577	2	667576	8	10
667581	12	667580	9	21
667584	4	667583	14	18
667611	9	667610	18	27
667614	2	667613	13	15
667622	5	667621	21	26
667631	9	667630	13	22
667639	11	667638	11	22
667643	1	667642	7	8
667646	16	667645	15	31
667657	13	667655	15	28
667660	36	198642	7	43
667693	14	667692	2	16
667705	2	667704	6	8
667718	2	667717	10	12
667721	6	667720	3	9
667735	3	667734	8	11
667737	9	667736	2	11
667740	4	667739	10	14
667742	4	667741	5	9
667745	11	198697	6	17
667760	2	667759	3	5
667765	4	667764	4	8
667767	8	667766	3	11
667768	5	198714	5	10
667779	1	667778	3	4
667785	2	342888	2	4
667790	2	667789	3	5
667801	10	667800	5	15
667807	2	667806	1	3
667810	10	667809	2	12
667812	5	667811	1	6
667821	5	667820	5	10
667823	4	342894	4	8
667837	4	667836	7	11
667843	4	667842	8	12
667887	2	667886	4	6
667893	5	198785	4	9
667909	11	667908	8	19
667926	5	667925	2	7
667944	6	667943	2	8
667949	1	667948	2	3
667953	15	667952	6	21
667969	3	667968	9	12
667971	4	667970	1	5
667974	6	667973	5	11
667976	4	667975	2	6
667982	2	667981	4	6
667984	1	667983	3	4
667990	5	667989	15	20
668001	3	931115	8	11
668009	4	198849	9	13
668011	1	668010	6	7
668017	3	668016	1	4
668022	6	668021	5	11
668028	4	668027	3	7
668038	7	668037	6	13
668042	4	668041	6	10
668049	11	342920	1	12
668052	3	198871	3	6
668065	2	668064	10	12
668074	7	668073	7	14
668087	5	668086	4	9
668090	4	668089	2	6
668108	1	1079759	1	2
668115	1	668114	2	3
668127	1	668126	1	2
668136	3	668135	4	7
668138	1	668137	2	3
668140	1	668139	2	3
668174	2	668173	5	7
668203	9	668202	3	12
668214	13	668213	13	26
668218	19	668217	12	31
668240	1	668239	4	5
668255	13	342985	14	27
668258	8	931231	5	13
668260	4	668259	12	16
668265	1	668264	6	7
668305	5	668304	37	42
668330	1	668329	8	9
668335	5	199027	1	6
668350	4	668349	7	11
668353	3	668352	6	9
668355	5	668354	2	7
668359	6	199054	1	7
668361	1	668360	1	2
668368	1	668367	8	9
668383	8	668382	4	12
668390	6	668389	9	15
668391	8	343016	2	10
668393	4	668392	8	12
668395	2	668394	9	11
668402	6	668401	11	17
668405	5	668404	8	13
668420	2	668419	8	10
668421	4	199113	3	7
668433	1	668432	4	5
668434	5	199116	2	7
668440	1	668439	7	8
668458	6	199133	6	12
668462	4	668461	5	9
668467	1	668466	4	5
668468	3	199139	3	6
668482	13	668481	5	18
668486	1	668485	3	4
668487	1	931340	4	5
668493	4	343037	3	7
668499	2	668498	3	5
668502	1	668501	3	4
668508	2	668507	2	4
668520	5	668519	9	14
668529	9	668528	3	12
668537	8	668536	4	12
668540	8	668539	18	26
668541	7	199204	3	10
668557	4	668556	6	10
668570	4	199218	2	6
668573	2	668572	5	7
668584	2	668583	3	5
668586	5	668585	7	12
668587	3	199236	5	8
668590	10	668589	5	15
668592	5	668591	5	10
668601	3	199245	5	8
668607	1	668606	8	9
668622	19	668621	4	23
668627	4	668626	10	14
668635	5	668634	7	12
668637	9	668636	5	14
668645	2	668644	11	13
668659	4	668658	3	7
668670	3	668669	1	4
668678	9	668677	7	16
668698	4	668697	3	7
668700	2	668696	3	5
668707	1	668706	4	5
668709	4	199289	1	5
668711	6	668710	8	14
668715	8	668714	3	11
668717	5	668716	6	11
668719	2	668718	6	8
668736	4	668735	3	7
668738	7	668737	2	9
668754	3	668753	5	8
668756	3	668755	2	5
668768	4	199326	1	5
668802	12	668801	9	21
668803	11	199338	7	18
668814	3	668813	4	7
668816	4	931451	2	6
668820	7	668819	5	12
668831	7	668830	9	16
668837	11	668836	3	14
668843	14	931465	8	22
668845	6	668844	6	12
668847	1	668846	4	5
668851	6	668850	3	9
668858	5	668857	4	9
668872	1	668871	3	4
668874	14	668873	6	20
668876	3	668875	5	8
668878	1	668877	4	5
668885	1	668884	4	5
668891	5	668890	10	15
668899	4	668898	3	7
668902	15	668901	8	23
668912	3	668911	2	5
668919	8	668918	2	10
668932	4	668931	9	13
668939	4	668938	2	6
668944	1	668943	1	2
668946	11	668945	1	12
668950	16	668949	9	25
668969	13	668968	2	15
668980	6	668979	7	13
668999	3	668998	4	7
669043	4	669042	9	13
669046	5	669045	8	13
669048	1	669047	1	2
669051	16	931544	3	19
669055	3	669054	13	16
669056	3	343115	8	11
669058	8	669057	11	19
669069	4	669068	1	5
669076	9	669075	4	13
669081	3	669080	5	8
669083	3	669082	1	4
669096	2	669095	1	3
669123	5	669122	5	10
669156	5	669155	4	9
669168	3	199473	1	4
669188	6	669187	6	12
669191	3	669190	2	5
669193	1	669192	2	3
669196	3	669195	3	6
669198	2	669197	1	3
669200	3	669199	5	8
669219	8	669218	1	9
669232	13	669231	7	20
669234	1	669233	2	3
669236	1	669235	4	5
669239	1	669238	2	3
669250	6	669249	6	12
669256	3	669255	2	5
669257	1	199508	2	3
669260	3	669259	3	6
669270	4	669269	3	7
669274	4	669273	1	5
669279	3	343140	1	4
669282	5	669281	8	13
669285	5	669284	7	12
669298	4	669297	1	5
669304	3	199535	2	5
669306	1	669305	2	3
669308	4	669307	2	6
669313	2	669312	1	3
669320	1	199544	1	2
669327	5	669326	8	13
669331	8	669330	5	13
669348	1	669347	2	3
669353	1	669352	5	6
669355	5	199565	2	7
669366	1	669365	4	5
669369	5	669368	3	8
669375	9	669374	2	11
669400	4	669399	3	7
669406	3	669405	9	12
669409	3	669408	5	8
669410	1	199627	2	3
669413	3	669412	2	5
669416	5	669415	9	14
669437	2	669436	6	8
669443	5	199652	3	8
669460	6	669459	51	57
669468	5	669467	4	9
669470	7	669469	1	8
669472	5	669471	6	11
669474	12	669473	4	16
669485	2	669484	2	4
669494	10	669493	4	14
669507	3	669506	8	11
669509	15	669508	9	24
669543	4	669542	2	6
669548	23	931732	7	30
669552	10	669551	6	16
669558	6	669557	7	13
669561	10	669560	10	20
669579	2	669578	13	15
669582	1	669581	1	2
669585	8	669584	4	12
669593	2	669592	6	8
669598	3	669597	7	10
669602	7	199730	2	9
669603	9	199731	2	11
669617	5	669616	17	22
669624	2	199743	6	8
669629	5	669628	8	13
669639	7	343206	6	13
669648	3	669647	6	9
669662	2	931768	5	7
669665	8	669664	8	16
669670	1	669669	1	2
669679	1	669678	3	4
669692	5	669691	3	8
669695	7	669694	1	8
669697	2	199813	4	6
669704	16	669703	2	18
669709	3	199824	6	9
669720	5	669719	9	14
669732	4	931791	1	5
669738	2	669737	2	4
669743	6	669742	3	9
669755	19	669754	6	25
669757	6	669756	8	14
669762	11	669761	9	20
669764	3	669763	7	10
669768	3	669767	5	8
669772	2	199863	6	8
669775	3	669774	1	4
669777	4	669776	1	5
669779	2	669778	2	4
669781	3	199869	1	4
669783	8	669782	2	10
669785	7	669784	3	10
669806	7	199887	4	11
669812	5	669811	6	11
669817	3	669816	1	4
669822	5	669821	2	7
669831	5	669830	6	11
669836	4	669835	5	9
669850	1	669849	3	4
669852	8	669851	8	16
669882	5	669881	3	8
669904	8	669903	1	9
669906	9	669905	4	13
669908	2	669907	16	18
669910	8	669909	5	13
669914	5	669913	7	12
669926	4	669925	6	10
669929	2	669928	4	6
669936	2	669935	1	3
669940	3	669939	5	8
669954	1	669953	7	8
669955	5	199980	2	7
669976	8	669975	10	18
670002	1	670001	3	4
670006	4	670005	2	6
670009	4	670008	7	11
670015	8	670014	3	11
670035	11	670034	2	13
670040	7	670039	2	9
670042	6	670041	3	9
670045	1	931888	3	4
670052	4	343276	2	6
670069	9	670068	3	12
670076	1	670075	6	7
670094	5	670093	5	10
670104	8	670103	1	9
670116	10	670115	5	15
670118	11	670117	4	15
670119	11	200032	2	13
670126	5	670125	2	7
670129	10	670128	7	17
670151	6	200044	4	10
670153	3	670152	1	4
670156	1	670155	8	9
670176	2	670175	2	4
670180	2	670179	4	6
670182	3	670181	1	4
670189	11	670188	3	14
670195	1	670194	4	5
670204	3	670203	3	6
670206	3	670205	6	9
670210	6	670209	1	7
670212	2	670211	2	4
670219	3	200056	3	6
670228	3	670227	4	7
670244	1	670243	5	6
670251	2	670250	4	6
670260	8	670259	2	10
670267	4	670266	8	12
670270	4	670269	2	6
670272	4	670271	4	8
670280	1	670279	5	6
670291	3	670290	2	5
670296	2	670295	5	7
670303	1	670302	2	3
670308	5	670307	24	29
670317	9	670316	11	20
670320	5	670319	5	10
670322	5	670321	5	10
670327	4	670326	6	10
670340	5	670339	3	8
670348	4	670347	4	8
670356	6	200092	5	11
670358	2	670357	11	13
670360	3	670359	1	4
670374	1	670373	3	4
670376	4	670375	5	9
670377	7	200105	1	8
670381	2	670380	3	5
670391	9	670390	2	11
670397	11	670396	12	23
670399	3	200122	4	7
670402	10	670401	1	11
670407	1	670406	2	3
670422	8	670421	2	10
670426	12	670425	6	18
670435	3	670434	7	10
670439	8	670438	1	9
670445	6	670444	43	49
670454	2	670453	9	11
670457	47	670456	1	48
670490	1	200141	5	6
670498	15	670497	3	18
670504	6	670503	6	12
670513	12	670512	1	13
670515	3	670514	7	10
670518	1	670517	5	6
670526	4	670525	3	7
670528	3	670527	1	4
670537	6	670536	10	16
670539	9	670538	3	12
670553	3	670552	5	8
670558	8	670557	2	10
670561	3	670560	7	10
670567	1	670566	2	3
670573	8	670572	3	11
670575	3	670574	6	9
670585	11	932104	3	14
670589	17	670588	3	20
670591	10	670590	12	22
670599	7	670598	5	12
670600	6	200178	1	7
670605	4	670604	1	5
670611	8	670610	2	10
670617	5	670616	4	9
670620	1	670619	3	4
670643	11	670642	5	16
670644	3	932128	1	4
670652	9	670651	7	16
670654	6	670653	9	15
670659	10	670658	7	17
670661	6	670660	7	13
670666	1	670665	10	11
670668	2	670667	2	4
670679	10	670678	6	16
670694	2	670693	5	7
670701	5	670700	6	11
670706	23	200228	2	25
670709	8	670708	3	11
670735	8	670734	13	21
670744	2	670743	6	8
670749	6	200247	8	14
670752	6	670751	3	9
670755	6	670754	3	9
670766	3	670765	4	7
670768	3	670767	6	9
670774	3	670773	7	10
670783	5	200254	3	8
670787	4	670786	9	13
670792	12	670791	13	25
670795	3	670794	3	6
670797	2	670796	8	10
670803	8	670802	11	19
670806	11	670805	9	20
670811	4	670810	6	10
670814	1	670813	1	2
670816	6	670815	11	17
670820	7	670819	4	11
670826	11	200264	6	17
670829	6	670828	7	13
670837	10	932192	7	17
670839	8	670838	5	13
670854	2	670853	2	4
670874	2	670873	5	7
670877	5	670876	2	7
670888	47	670887	10	57
670896	9	670895	10	19
670898	10	670897	6	16
670909	23	670908	1	24
670913	2	670912	5	7
670938	1	670937	4	5
670971	5	670970	3	8
670980	7	670979	2	9
670987	3	670986	2	5
670990	16	200358	9	25
670995	4	670994	12	16
671015	3	671014	4	7
671016	5	200371	7	12
671019	6	671018	5	11
671026	7	671025	4	11
671045	7	200379	5	12
671056	10	671055	4	14
671061	1	671060	4	5
671063	19	671062	4	23
671088	8	932292	1	9
671092	2	671091	2	4
671100	2	200398	1	3
671103	1	671102	1	2
671106	11	671105	1	12
671110	9	671109	1	10
671114	14	671113	1	15
671120	6	200408	8	14
671125	8	932309	2	10
671130	4	671129	4	8
671136	7	671135	7	14
671139	4	671138	1	5
671150	9	671149	5	14
671153	9	671152	4	13
671167	7	671166	4	11
671178	4	671177	1	5
671182	2	671181	3	5
671189	3	671188	5	8
671196	2	671195	8	10
671201	12	671200	22	34
671222	9	671221	7	16
671229	10	671228	7	17
671233	6	671232	14	20
671235	8	671234	6	14
671237	7	671236	9	16
671240	6	671239	2	8
671252	2	671251	3	5
671265	8	200527	1	9
671267	3	671266	1	4
671292	9	200553	2	11
671308	3	671307	2	5
671315	3	200562	5	8
671318	4	671317	6	10
671321	4	671320	3	7
671323	4	932388	7	11
671338	2	200570	6	8
671345	2	671344	6	8
671348	5	671347	5	10
671356	5	200578	1	6
671360	6	671359	1	7
671363	8	200585	5	13
671366	4	200587	17	21
671371	2	671370	3	5
671386	7	671385	3	10
671388	1	671387	3	4
671392	1	932420	4	5
671399	5	671398	8	13
671406	1	671405	4	5
671416	6	671415	10	16
671419	19	671418	7	26
671423	3	671422	9	12
671426	5	671425	9	14
671429	6	671428	12	18
671436	4	671435	6	10
671443	1	671442	3	4
671448	14	671447	9	23
671461	3	671460	6	9
671470	8	671469	4	12
671477	18	671476	11	29
671481	1	671480	8	9
671490	10	671489	5	15
671493	3	200621	2	5
671497	7	343459	3	10
671504	2	343460	1	3
671518	16	671517	8	24
671520	7	671519	10	17
671526	11	671525	7	18
671529	3	671528	2	5
671536	1	671535	6	7
671541	3	671540	17	20
671556	2	671555	5	7
671564	9	671563	6	15
671568	11	671567	12	23
671576	9	671575	3	12
671582	5	671581	3	8
671585	2	671584	10	12
671588	4	671587	6	10
671597	4	671596	7	11
671601	14	200641	4	18
671613	11	671612	8	19
671614	3	1080813	3	6
671624	1	671623	6	7
671647	6	671646	12	18
671652	14	671651	5	19
671664	6	671663	10	16
671678	4	671677	8	12
671690	5	671689	8	13
671692	5	932538	2	7
671705	8	671704	6	14
671707	3	671706	9	12
671709	6	671708	11	17
671712	4	671711	8	12
671714	7	200684	3	10
671721	17	671720	1	18
671726	10	671725	12	22
671739	5	671738	5	10
671748	19	671747	8	27
671759	5	200700	2	7
671767	1	671766	3	4
671774	1	671773	1	2
671780	7	200712	3	10
671796	5	671795	12	17
671800	16	932587	2	18
671805	2	671804	4	6
671808	1	671807	1	2
671821	4	671815	9	13
671844	9	671843	13	22
671868	6	200757	4	10
671879	11	671878	11	22
671905	8	671904	2	10
671909	3	671908	6	9
671910	4	200774	6	10
671913	6	200780	7	13
671922	6	671921	5	11
671926	6	932642	8	14
671935	7	671934	13	20
671938	17	671937	8	25
671940	5	671939	6	11
671943	4	671942	10	14
671956	3	343519	7	10
671960	9	671959	5	14
671968	5	671967	2	7
671977	6	671976	2	8
671991	6	200823	2	8
672003	6	672002	15	21
672006	7	672005	5	12
672009	7	672008	2	9
672012	3	672011	13	16
672025	12	672024	3	15
672047	37	672046	7	44
672053	22	672052	9	31
672056	111	672055	44	155
672060	11	672059	7	18
672063	4	343556	7	11
672073	8	672072	16	24
672083	4	672082	10	14
672086	6	672085	1	7
672090	2	932717	2	4
672101	2	672100	6	8
672107	2	200880	4	6
672120	4	672119	8	12
672122	25	672121	6	31
672128	3	672127	11	14
672130	3	672129	1	4
672132	6	200887	4	10
672136	7	672135	5	12
672142	14	672141	4	18
672149	7	200897	3	10
672156	7	200902	3	10
672175	9	672174	12	21
672181	10	672180	13	23
672190	7	672189	8	15
672198	3	672197	7	10
672201	6	672200	2	8
672205	2	672204	2	4
672212	1	672211	6	7
672219	6	672218	10	16
672245	9	672244	7	16
672254	5	672253	3	8
672255	14	200956	9	23
672257	7	672256	4	11
672271	5	672270	1	6
672276	9	672275	3	12
672289	11	672288	12	23
672294	3	672293	4	7
672304	9	672303	7	16
672316	16	672315	12	28
672319	8	672318	7	15
672335	1	672334	2	3
672354	5	672353	7	12
672356	6	672355	6	12
672362	3	201023	4	7
672364	7	672363	6	13
672381	1	672380	3	4
672383	3	672382	4	7
672396	2	672395	6	8
672411	1	672410	1	2
672419	4	672418	4	8
672423	4	672422	1	5
672428	5	672427	8	13
672431	5	672430	8	13
672450	15	672449	5	20
672456	8	672455	10	18
672469	2	672468	4	6
672473	5	672472	10	15
672476	3	672475	3	6
672488	16	201066	3	19
672493	6	672492	5	11
672536	3	672535	1	4
672538	12	672537	7	19
672540	10	672539	1	11
672544	1	672543	7	8
672554	3	672553	9	12
672562	2	672561	19	21
672564	6	672563	15	21
672566	6	672565	1	7
672571	7	672570	1	8
672583	2	672582	5	7
672586	9	672585	6	15
672591	5	672590	7	12
672595	6	672594	7	13
672597	9	672596	6	15
672608	3	672607	2	5
672614	4	672613	1	5
672626	3	672625	6	9
672629	9	672628	2	11
672633	2	672632	5	7
672639	6	672638	2	8
672652	25	672651	17	42
672659	3	672658	8	11
672664	1	672663	2	3
672668	5	201147	7	12
672681	2	672680	2	4
672685	4	672684	1	5
672691	4	672690	1	5
672694	7	672693	2	9
672697	1	672696	1	2
672710	5	672709	2	7
672715	40	672714	3	43
672733	3	672732	1	4
672740	3	672739	2	5
672744	2	672743	2	4
672755	1	672754	1	2
672780	4	672779	1	5
672783	2	201204	3	5
672797	3	672796	2	5
672806	1	672805	3	4
672809	1	343679	1	2
672812	1	672811	1	2
672835	6	672834	3	9
672852	3	672851	3	6
672856	6	932989	9	15
672873	1	672872	6	7
672877	2	672876	5	7
672883	2	201240	1	3
672890	4	672889	3	7
672891	1	201247	1	2
672910	2	672909	4	6
672919	6	201271	2	8
672922	2	672921	2	4
672941	2	201285	2	4
672943	5	672942	17	22
672949	1	672948	32	33
672953	3	672952	6	9
672955	3	672954	3	6
672987	2	672986	1	3
672993	1	672992	5	6
673009	1	673008	4	5
673016	4	673015	5	9
673019	4	673018	3	7
673049	2	673048	1	3
673053	3	201317	2	5
673057	5	673056	1	6
673070	1	201328	1	2
673092	2	673091	23	25
673104	4	673103	7	11
673107	1	673106	6	7
673116	1	673115	3	4
673118	4	673117	1	5
673122	12	673121	6	18
673127	6	673126	11	17
673132	5	201365	2	7
673133	2	201367	2	4
673149	1	673148	2	3
673163	9	673162	9	18
673174	2	673173	5	7
673180	6	933113	3	9
673197	2	673196	4	6
673202	4	673201	4	8
673204	2	673203	1	3
673209	2	673208	3	5
673214	6	673213	6	12
673220	4	673219	19	23
673222	10	933131	2	12
673239	3	201419	3	6
673242	7	673241	6	13
673249	7	673248	4	11
673271	6	673270	2	8
673276	6	673275	7	13
673283	5	673282	8	13
673287	1	673286	2	3
673288	5	201444	4	9
673302	4	933162	2	6
673348	8	673347	7	15
673352	2	673351	7	9
673362	1	673361	2	3
673371	5	673370	1	6
673373	2	343775	3	5
673381	25	201505	13	38
673391	7	673390	2	9
673403	1	673402	1	2
673406	3	673405	1	4
673408	1	673407	3	4
673420	4	673419	4	8
673453	5	343792	2	7
673458	2	201551	3	5
673461	6	673460	2	8
673466	3	673465	1	4
673475	3	673474	6	9
673478	9	673477	5	14
673480	1	673479	1	2
673499	5	673498	1	6
673504	1	673503	5	6
673513	3	933239	10	13
673517	7	673516	2	9
673537	9	673536	3	12
673539	5	673538	5	10
673543	5	673542	3	8
673548	4	201602	2	6
673558	1	673557	3	4
673564	3	673563	2	5
673566	1	673565	9	10
673569	4	673568	3	7
673577	5	201640	2	7
673587	4	673586	2	6
673595	6	673594	3	9
673604	1	673603	6	7
673605	4	933277	10	14
673613	3	673612	3	6
673628	3	673627	6	9
673632	31	673631	4	35
673644	5	673643	9	14
673654	3	673653	2	5
673656	2	673655	1	3
673661	1	673660	15	16
673671	7	673670	2	9
673681	2	201689	2	4
673696	1	673695	3	4
673717	1	673716	1	2
673721	1	201717	1	2
673728	1	673727	1	2
673737	2	673736	1	3
673745	1	673744	1	2
673746	2	201720	1	3
673756	1	673755	3	4
673780	2	673779	1	3
673795	1	673794	1	2
673797	1	343857	1	2
673800	1	673799	2	3
673802	1	673801	1	2
673823	2	673822	2	4
673828	1	673827	5	6
673833	1	673832	1	2
673848	5	673847	1	6
673854	1	673853	4	5
673857	8	673856	4	12
673870	1	673869	1	2
673874	1	673873	3	4
673881	1	673880	1	2
673886	2	673885	1	3
673888	2	673887	2	4
673890	1	673889	1	2
673922	2	673921	4	6
673927	8	673926	2	10
673933	2	673932	3	5
673935	8	673934	2	10
673939	1	673938	3	4
673945	4	673944	7	11
673954	3	673953	3	6
673957	1	673956	1	2
673963	10	673962	13	23
673975	3	673974	1	4
673982	1	673981	1	2
673986	1	673985	1	2
673989	4	673988	1	5
673991	3	673990	3	6
673993	1	673992	1	2
673998	3	933395	4	7
674023	1	674022	1	2
674024	6	674021	10	16
674029	5	674028	1	6
674032	1	674031	2	3
674040	6	674039	1	7
674050	4	674049	5	9
674053	3	674052	2	5
674056	3	674055	4	7
674059	3	674058	2	5
674067	10	674066	3	13
674069	3	674068	4	7
674072	4	674071	10	14
674076	10	674075	6	16
674084	2	674083	6	8
674087	3	674086	8	11
674089	8	674088	1	9
674095	12	674094	5	17
674097	1	933428	1	2
674099	3	674098	6	9
674104	4	674103	4	8
674106	3	674105	1	4
674108	2	674107	3	5
674110	4	674109	2	6
674113	3	674112	5	8
674123	9	674122	6	15
674140	1	674139	5	6
674143	23	674142	15	38
674145	4	674144	3	7
674154	3	674153	9	12
674157	5	674156	5	10
674167	3	201894	4	7
674176	2	674175	15	17
674178	3	201903	1	4
674184	1	674183	3	4
674194	4	674193	3	7
674196	2	674195	79	81
674197	7	343920	6	13
674199	8	674198	8	16
674201	4	674200	6	10
674205	12	674204	5	17
674220	1	674219	3	4
674226	4	674225	2	6
674229	3	674228	4	7
674242	1	201929	3	4
674246	2	674245	8	10
674248	10	674247	14	24
674250	6	674249	2	8
674257	4	674256	6	10
674263	1	674262	2	3
674273	3	674272	2	5
674275	1	674274	1	2
674286	1	933527	3	4
674293	1	674292	4	5
674313	1	674312	5	6
674320	8	201986	7	15
674326	2	201991	2	4
674330	2	674329	1	3
674336	5	674335	6	11
674341	4	674340	2	6
674343	1	674342	16	17
674350	2	674349	2	4
674354	1	674353	3	4
674357	8	674356	5	13
674370	2	674369	3	5
674404	6	674403	8	14
674412	8	674411	12	20
674414	9	202023	53	62
674435	6	674434	9	15
674437	11	202059	21	32
674440	24	674439	18	42
674442	13	933632	15	28
674443	9	933635	15	24
674447	8	674446	7	15
674457	18	674456	12	30
674459	3	674458	3	6
674461	1	202076	1	2
674466	1	674465	3	4
674467	1	202081	2	3
674470	3	674469	5	8
674477	4	674476	1	5
674484	6	674483	3	9
674488	3	674487	5	8
674501	9	674500	1	10
674504	1	674503	4	5
674517	3	674516	3	6
674521	5	202093	10	15
674523	2	674522	4	6
674530	2	674529	11	13
674534	8	674533	3	11
674536	13	674535	4	17
674540	8	202112	3	11
674541	2	202113	5	7
674543	1	202114	2	3
674553	7	674552	2	9
674555	2	674554	1	3
674558	5	674557	7	12
674563	10	674562	4	14
674565	6	674564	4	10
674569	2	674568	3	5
674571	4	202141	4	8
674583	4	674582	3	7
674590	5	674589	3	8
674596	2	674595	2	4
674601	1	202152	2	3
674615	3	674614	6	9
674617	8	674616	2	10
674619	4	674618	5	9
674621	1	674620	8	9
674625	9	674624	3	12
674628	9	933708	7	16
674646	3	674645	1	4
674648	2	674647	7	9
674650	8	674649	2	10
674652	3	674651	2	5
674673	2	674672	3	5
674688	3	674687	9	12
674698	3	674697	1	4
674714	2	674713	3	5
674720	11	674719	5	16
674725	1	674724	3	4
674732	2	674731	2	4
674739	1	674738	1	2
674753	3	674752	6	9
674758	3	674757	1	4
674769	3	674768	3	6
674774	8	674773	1	9
674779	3	674778	9	12
674785	15	674784	3	18
674795	8	674794	4	12
674801	2	674800	4	6
674808	11	674807	6	17
674814	1	674813	2	3
674816	12	674815	5	17
674827	15	674826	1	16
674833	6	674832	7	13
674838	6	674837	12	18
674849	3	674848	6	9
674856	6	202282	1	7
674857	13	202283	2	15
674861	4	933790	2	6
674863	4	933791	3	7
674878	11	674877	12	23
674882	9	674881	4	13
674889	2	344044	3	5
674895	2	674894	3	5
674897	4	674896	10	14
674903	8	202308	4	12
674908	5	674907	9	14
674924	2	674923	3	5
674930	2	674929	6	8
674933	1	674932	1	2
674935	6	674934	2	8
674937	96	674936	18	114
674944	7	674943	1	8
674946	11	674945	3	14
674949	15	674948	1	16
674954	3	674953	4	7
674956	3	674955	5	8
674960	37	674959	2	39
674968	2	674967	5	7
674972	3	674971	1	4
674998	1	674997	1	2
675006	3	675005	2	5
675027	3	675026	7	10
675040	6	675039	3	9
675056	10	202359	1	11
675059	1	675058	3	4
675083	3	675082	6	9
675094	3	675093	7	10
675107	2	675106	6	8
675125	8	675124	5	13
675128	7	675127	3	10
675157	31	675156	5	36
675160	5	675159	5	10
675166	9	675165	7	16
675172	15	675171	6	21
675181	5	675180	7	12
675191	10	675190	11	21
675201	7	675200	6	13
675205	3	675204	3	6
675211	10	675210	1	11
675213	4	675212	12	16
675215	11	933943	6	17
675222	4	675221	6	10
675230	4	675229	3	7
675232	3	675231	2	5
675234	5	675233	5	10
675246	3	675245	2	5
675261	2	675260	1	3
675267	6	675266	4	10
675272	6	675271	1	7
675297	10	675296	10	20
675305	6	675304	3	9
675308	3	675307	20	23
675321	4	675320	10	14
675327	1	675326	2	3
675330	7	675329	9	16
675344	2	675343	6	8
675358	2	675357	9	11
675402	8	202562	2	10
675412	6	675411	2	8
675416	3	675415	1	4
675422	8	675421	2	10
675446	13	675445	1	14
675448	5	675447	7	12
675454	4	675453	2	6
675463	2	675462	19	21
675465	6	675464	6	12
675469	4	675468	6	10
675477	1	675476	1	2
675479	2	675478	3	5
675486	5	202598	1	6
675494	5	675493	3	8
675499	1	675498	2	3
675501	1	202607	1	2
675519	4	675518	2	6
675523	3	934092	3	6
675528	5	934093	4	9
675530	5	202627	6	11
675546	4	675545	4	8
675557	4	202651	5	9
675559	5	675558	7	12
675583	5	202654	2	7
675588	4	675587	3	7
675590	9	675589	4	13
675592	3	675591	14	17
675594	2	675593	2	4
675599	4	675598	1	5
675601	5	675600	2	7
675605	5	675604	6	11
675609	4	202678	3	7
675614	4	675613	6	10
675623	4	202682	1	5
675625	6	675624	5	11
675629	7	675628	13	20
675636	9	675635	12	21
675643	6	675642	1	7
675647	2	675646	7	9
675661	9	675660	4	13
675663	19	675662	8	27
675671	5	675670	2	7
675680	3	675679	11	14
675692	4	675691	2	6
675700	12	675699	4	16
675705	3	675704	9	12
675710	2	675709	6	8
675714	4	675713	7	11
675720	1	675719	6	7
675726	5	675725	4	9
675728	3	675727	4	7
675736	6	675735	3	9
675745	1	675744	5	6
675761	8	675760	2	10
675774	5	675773	8	13
675777	5	675776	11	16
675780	6	675779	5	11
675782	1	675781	1	2
675784	1	675783	5	6
675786	4	675785	3	7
675788	7	675787	5	12
675793	8	202743	9	17
675808	5	675807	1	6
675815	4	675814	3	7
675819	3	675818	6	9
675825	6	675824	11	17
675832	3	675830	2	5
675834	6	675833	8	14
675850	9	675849	2	11
675854	13	675853	13	26
675859	22	675858	6	28
675862	4	675861	4	8
675870	3	675869	7	10
675887	6	675886	4	10
675889	6	675888	13	19
675903	16	675902	2	18
675905	2	675904	7	9
675907	5	675906	5	10
675911	4	675910	5	9
675924	3	202807	3	6
675943	5	675942	4	9
675947	6	202824	2	8
675955	8	675954	3	11
675965	2	675964	4	6
675968	4	675967	3	7
675974	13	202830	7	20
675991	16	675990	11	27
675998	1	675997	4	5
676005	15	676004	4	19
676008	4	676007	4	8
676024	2	676023	6	8
676038	12	676037	3	15
676040	8	676039	6	14
676041	10	202852	2	12
676053	4	676052	5	9
676060	4	344217	7	11
676077	4	676076	5	9
676078	3	202873	4	7
676080	9	676079	5	14
676082	7	676081	8	15
676084	1	676083	5	6
676088	5	676087	4	9
676092	3	676091	13	16
676094	2	676093	5	7
676104	6	676103	13	19
676110	10	676109	7	17
676114	11	676113	14	25
676122	15	676121	6	21
676128	10	676127	31	41
676135	11	676134	12	23
676137	6	202892	8	14
676148	4	676147	5	9
676155	4	676154	4	8
676162	9	676161	10	19
676168	4	676167	1	5
676186	10	676185	11	21
676192	6	676191	6	12
676194	8	676193	10	18
676196	4	676195	14	18
676200	13	934348	1	14
676205	3	676204	3	6
676212	4	676211	2	6
676220	9	202919	4	13
676228	3	344233	4	7
676235	1	676234	2	3
676246	2	934364	10	12
676251	2	676250	4	6
676261	3	676260	2	5
676269	9	676268	4	13
676271	8	676270	7	15
676274	6	202955	4	10
676293	5	676292	3	8
676296	3	676295	5	8
676306	2	676305	5	7
676308	2	676307	4	6
676315	7	676314	4	11
676318	5	676317	5	10
676319	2	202977	1	3
676335	10	676334	5	15
676337	7	676336	6	13
676341	3	676340	5	8
676345	8	676344	4	12
676350	3	676349	5	8
676352	3	676351	10	13
676357	6	676356	1	7
676384	2	676383	4	6
676387	2	676386	5	7
676389	3	676388	10	13
676393	1	676392	5	6
676398	4	676397	6	10
676417	9	676416	17	26
676447	2	203068	3	5
676468	5	676467	2	7
676471	6	676470	5	11
676477	1	676476	3	4
676478	2	203090	1	3
676505	3	676504	2	5
676513	3	676512	2	5
676534	4	676533	2	6
676536	2	676535	9	11
676542	5	676541	4	9
676546	3	676545	2	5
676549	6	676548	2	8
676561	3	676560	5	8
676568	4	676567	1	5
676572	1	676571	6	7
676584	1	676583	2	3
676591	2	676590	1	3
676597	4	676596	4	8
676606	7	203175	4	11
676607	3	203176	1	4
676613	2	676612	2	4
676620	3	676619	6	9
676623	6	676622	9	15
676625	8	676624	5	13
676634	12	676633	1	13
676639	5	676638	3	8
676642	4	676641	3	7
676644	8	203193	5	13
676654	3	676653	6	9
676656	5	676655	4	9
676670	4	203214	14	18
676675	7	676674	4	11
676679	6	676678	5	11
676682	1	676681	1	2
676696	3	676695	2	5
676710	3	676709	2	5
676720	6	676719	8	14
676733	7	676732	3	10
676738	5	676737	5	10
676740	5	676739	1	6
676745	2	676744	7	9
676758	3	676757	3	6
676760	8	676759	2	10
676769	6	676768	4	10
676777	5	676776	4	9
676783	4	934556	2	6
676799	4	676798	5	9
676815	3	676814	4	7
676823	3	676822	3	6
676825	5	676824	5	10
676828	4	676827	4	8
676849	11	676848	5	16
676850	15	344366	7	22
676853	1	676852	3	4
676860	6	203387	8	14
676864	11	676863	4	15
676870	4	676869	6	10
676875	6	676874	6	12
676892	2	676891	7	9
676898	1	676897	8	9
676938	2	676937	2	4
676947	2	676946	73	75
676967	4	676966	5	9
676969	6	676968	2	8
676977	1	676976	17	18
676978	3	203446	6	9
676991	3	676990	3	6
676992	3	203457	2	5
676999	2	676998	1	3
677004	5	677003	1	6
677024	2	677023	4	6
677030	1	677029	2	3
677031	2	203493	3	5
677036	5	677035	4	9
677050	2	203504	9	11
677054	4	677053	2	6
677068	2	677067	3	5
677071	5	677070	3	8
677077	2	677076	1	3
677085	12	934667	4	16
677088	3	677087	5	8
677092	2	677091	4	6
677093	15	677089	5	20
677100	4	677099	3	7
677102	1	203525	7	8
677113	7	677112	2	9
677115	4	677114	3	7
677117	2	677116	5	7
677137	6	344409	2	8
677141	1	677140	3	4
677144	4	677143	4	8
677149	4	677148	2	6
677152	4	677151	4	8
677160	10	677159	9	19
677166	9	203582	1	10
677188	8	677187	1	9
677196	1	677195	3	4
677208	1	677207	1	2
677231	6	677230	1	7
677233	2	677232	2	4
677236	3	677235	8	11
677244	25	677243	9	34
677257	3	677256	7	10
677266	4	677265	9	13
677269	7	677268	8	15
677276	2	344435	5	7
677279	9	934737	4	13
677285	7	677284	8	15
677287	10	677286	7	17
677303	9	677302	7	16
677304	4	203687	6	10
677309	1	677308	1	2
677314	7	677313	4	11
677325	3	677324	6	9
677328	4	203699	9	13
677337	7	677336	6	13
677353	7	203717	1	8
677356	7	677355	3	10
677357	12	203721	3	15
677369	5	677368	2	7
677372	3	677371	3	6
677387	7	677386	5	12
677402	3	677401	6	9
677404	1	677403	1	2
677407	4	677406	1	5
677411	4	203785	5	9
677420	5	677419	5	10
677423	8	934795	3	11
677434	8	677433	7	15
677438	45	677437	2	47
677442	11	677441	7	18
677453	1	677452	1	2
677456	2	677455	2	4
677477	8	203856	13	21
677483	10	677482	11	21
677507	3	677506	6	9
677519	2	677518	6	8
677543	1	677542	3	4
677552	3	677551	2	5
677554	5	677553	3	8
677560	18	677559	4	22
677569	2	677568	2	4
677594	8	677593	2	10
677600	2	677599	3	5
677604	1	203940	3	4
677615	5	677614	8	13
677617	9	677616	5	14
677621	3	677620	10	13
677626	1	677625	7	8
677643	4	677642	9	13
677652	3	677651	3	6
677658	6	203970	3	9
677663	2	677662	1	3
677670	5	677669	3	8
677674	2	677673	8	10
677684	2	344511	2	4
677690	46	677689	2	48
677694	1	677693	1	2
677697	2	677696	4	6
677699	48	677698	8	56
677704	4	677703	2	6
677710	5	677709	7	12
677721	1	677720	2	3
677728	6	677727	4	10
677731	4	677730	7	11
677739	4	677738	6	10
677744	8	677743	18	26
677746	4	677745	7	11
677748	4	677747	4	8
677750	3	677749	2	5
677754	2	677753	1	3
677764	1	677763	2	3
677768	1	677767	1	2
677798	2	677797	2	4
677813	2	677812	3	5
677815	17	677814	8	25
677827	2	677826	1	3
677832	4	204070	5	9
677839	2	204085	3	5
677846	3	204093	3	6
677855	6	204094	2	8
677862	9	677861	6	15
677886	2	204119	2	4
677888	3	677887	6	9
677893	1	677892	1	2
677908	2	677907	4	6
677912	5	677911	4	9
677926	7	677925	3	10
677929	6	677928	8	14
677944	2	204170	12	14
677950	7	677949	3	10
677958	4	677957	6	10
677969	7	677968	1	8
677975	1	677974	1	2
677981	3	677980	3	6
677983	2	677982	1	3
677985	14	204195	4	18
677988	8	204196	8	16
677992	3	677991	2	5
677994	5	677993	7	12
678004	3	204207	6	9
678011	5	678010	3	8
678021	6	935045	2	8
678038	1	204244	2	3
678047	6	678046	7	13
678062	6	204265	6	12
678066	8	678065	5	13
678067	2	344564	2	4
678069	3	678068	5	8
678086	4	678085	3	7
678090	5	678089	1	6
678097	1	678096	2	3
678113	7	678112	1	8
678131	7	678130	11	18
678134	1	678133	3	4
678135	5	935104	2	7
678142	2	678141	5	7
678169	24	678168	2	26
678170	7	204356	1	8
678171	8	935121	2	10
678174	12	678173	14	26
678182	7	678181	14	21
678196	7	678195	1	8
678201	1	678200	6	7
678203	7	678202	5	12
678208	2	678207	2	4
678221	4	678220	1	5
678226	5	678225	10	15
678230	5	204398	4	9
678234	12	678233	5	17
678237	2	678236	4	6
678248	2	678247	2	4
678252	9	678251	7	16
678257	9	678256	6	15
678264	2	678263	7	9
678266	2	678265	5	7
678268	8	204420	2	10
678273	3	678272	5	8
678279	2	678278	3	5
678283	2	678282	2	4
678284	2	204426	2	4
678287	1	678286	7	8
678302	1	678301	1	2
678306	2	678305	1	3
678328	2	678327	7	9
678332	2	678331	2	4
678338	2	678337	18	20
678347	8	678346	3	11
678354	3	678353	5	8
678360	5	678359	4	9
678371	7	678370	1	8
678401	10	678400	6	16
678402	8	204485	7	15
678406	5	678405	5	10
678418	11	678417	2	13
678420	13	204497	5	18
678424	1	678423	4	5
678439	4	678438	1	5
678441	2	678440	9	11
678445	1	204521	3	4
678448	11	678447	4	15
678458	7	344625	2	9
678460	2	678459	2	4
678463	1	678462	1	2
678474	3	678473	2	5
678498	3	678497	4	7
678500	1	678499	2	3
678502	2	678501	3	5
678504	1	678503	7	8
678510	3	678509	3	6
678527	7	678526	2	9
678529	6	678528	9	15
678531	4	678530	2	6
678533	5	678532	2	7
678547	3	678546	5	8
678577	5	678576	4	9
678579	3	678578	4	7
678584	5	678583	11	16
678599	11	678598	5	16
678604	5	678603	5	10
678611	6	678610	7	13
678613	11	678612	6	17
678619	6	678618	6	12
678642	14	678641	11	25
678648	9	678647	12	21
678670	5	204744	5	10
678682	6	678681	11	17
678698	1	678697	4	5
678710	5	678709	5	10
678720	6	678719	8	14
678729	8	678728	5	13
678737	12	678736	40	52
678740	3	678739	2	5
678746	3	678745	6	9
678752	8	678751	12	20
678755	9	204789	2	11
678764	1	678763	5	6
678769	6	678768	3	9
678775	6	678774	10	16
678778	7	678777	3	10
678786	2	678785	10	12
678787	6	204814	4	10
678800	5	678799	4	9
678817	3	204836	2	5
678833	8	678832	11	19
678841	7	678840	8	15
678849	10	678848	9	19
678865	7	678864	2	9
678872	10	678871	5	15
678874	10	678873	15	25
678880	8	678879	15	23
678901	8	678900	21	29
678903	2	678902	7	9
678921	2	678920	11	13
678926	23	678925	11	34
678946	4	678945	10	14
678948	8	678947	9	17
678956	36	678955	7	43
678959	9	678958	4	13
678962	7	678961	15	22
678968	7	935385	12	19
678977	6	678976	5	11
678981	7	678980	1	8
678989	2	678988	2	4
678995	1	678994	8	9
679002	9	679001	5	14
679012	7	679011	2	9
679020	7	204990	3	10
679030	9	679029	5	14
679045	18	205011	4	22
679049	10	679048	9	19
679053	6	935416	1	7
679058	4	679057	4	8
679068	11	679067	3	14
679076	8	679075	7	15
679082	14	679081	3	17
679087	4	679086	49	53
679089	11	679088	13	24
679091	6	679090	10	16
679095	7	679094	4	11
679097	1	679096	6	7
679100	5	679099	2	7
679114	2	679113	5	7
679118	4	679117	14	18
679131	6	679130	8	14
679135	1	679134	3	4
679139	6	679138	5	11
679146	1	205089	2	3
679152	8	679151	10	18
679155	9	679154	11	20
679160	2	344745	3	5
679162	4	679161	5	9
679164	4	935457	1	5
679173	1	679172	4	5
679188	2	679187	5	7
679201	2	679200	1	3
679204	1	679203	1	2
679207	7	679206	1	8
679215	1	205161	7	8
679255	4	679254	2	6
679259	2	679258	3	5
679267	4	679266	10	14
679273	4	679272	10	14
679283	8	679282	1	9
679295	3	679294	3	6
679299	15	679298	13	28
679303	2	679302	1	3
679308	3	679307	3	6
679316	3	679315	10	13
679325	3	679324	6	9
679329	10	679328	3	13
679332	4	679331	6	10
679341	4	679340	4	8
679343	7	679342	1	8
679352	8	679351	5	13
679363	1	679362	4	5
679368	10	935549	10	20
679371	1	679370	7	8
679374	5	679373	10	15
679380	4	679379	8	12
679391	3	679390	1	4
679396	1	679395	11	12
679400	10	679399	10	20
679403	6	679402	12	18
679413	12	679412	11	23
679422	8	679421	5	13
679423	5	205273	4	9
679433	11	679432	8	19
679436	2	679435	4	6
679443	5	679442	7	12
679448	5	679447	8	13
679451	7	679450	1	8
679475	2	679474	6	8
679479	1	679478	2	3
679486	3	679485	1	4
679493	7	679492	4	11
679495	7	679494	7	14
679509	5	679508	4	9
679517	6	935593	8	14
679522	8	679521	4	12
679532	4	344806	13	17
679541	2	679540	3	5
679543	2	679542	6	8
679570	7	679569	11	18
679578	2	679577	1	3
679584	3	679583	5	8
679605	4	679604	10	14
679607	8	679606	5	13
679612	6	679611	8	14
679614	1	679613	3	4
679620	5	679619	3	8
679627	1	679626	4	5
679643	7	679642	2	9
679661	4	679660	8	12
679664	6	679663	2	8
679665	41	205433	8	49
679671	5	679670	5	10
679677	4	679676	1	5
679704	4	679703	2	6
679749	9	679748	7	16
679750	8	1083137	3	11
679755	3	679754	5	8
679759	4	679758	4	8
679761	9	679760	7	16
679764	2	679763	3	5
679777	3	679776	2	5
679796	7	679795	2	9
679800	6	679799	24	30
679802	7	205478	8	15
679809	1	205486	1	2
679823	1	679822	1	2
679827	4	679826	1	5
679838	3	679837	4	7
679845	2	679844	6	8
679852	5	679851	8	13
679863	10	679862	10	20
679870	5	679869	8	13
679895	7	679894	7	14
679899	2	679898	1	3
679902	2	205535	11	13
679913	1	679912	2	3
679917	3	679916	4	7
679920	6	679919	2	8
679922	1	679921	3	4
679928	1	679927	6	7
679951	2	679950	3	5
679956	2	679955	2	4
679958	2	679957	1	3
679960	4	679959	5	9
679988	1	679987	5	6
679993	2	205605	5	7
679995	2	679994	5	7
679998	4	679997	4	8
680000	6	679999	4	10
680003	5	680002	2	7
680008	4	680007	5	9
680020	3	680019	5	8
680022	4	680021	6	10
680024	4	205614	5	9
680027	7	680026	2	9
680039	5	680038	4	9
680045	1	680044	2	3
680058	8	680057	3	11
680060	4	680059	4	8
680065	6	680064	3	9
680069	1	680068	2	3
680082	8	680081	1	9
680087	3	680086	4	7
680091	4	680090	1	5
680096	6	680095	1	7
680102	5	205666	1	6
680106	10	680105	19	29
680112	3	680111	1	4
680115	2	680114	3	5
680129	3	935797	2	5
680140	7	680139	4	11
680143	2	680142	2	4
680145	7	680144	3	10
680168	5	205716	1	6
680172	9	680171	3	12
680174	5	205720	4	9
680176	2	680175	2	4
680179	8	205721	7	15
680184	1	680183	4	5
680187	5	680186	1	6
680188	9	205732	4	13
680201	3	680200	3	6
680203	1	680202	4	5
680205	2	205742	2	4
680221	7	205746	1	8
680229	3	680228	2	5
680235	1	680234	4	5
680238	3	680237	3	6
680240	4	680239	3	7
680242	6	680241	2	8
680245	1	680244	1	2
680250	3	205754	2	5
680253	5	205755	2	7
680256	5	680255	3	8
680263	8	680262	8	16
680272	7	680271	20	27
680281	4	680280	1	5
680283	4	680282	3	7
680285	6	680284	2	8
680290	7	680289	4	11
680292	4	680291	2	6
680297	3	680296	1	4
680299	11	680298	1	12
680307	13	680306	10	23
680309	10	680308	13	23
680312	9	680311	8	17
680321	1	680320	2	3
680323	7	680322	5	12
680335	5	680334	2	7
680344	3	680343	1	4
680353	9	680352	6	15
680354	10	205789	5	15
680361	7	680360	6	13
680379	6	680378	1	7
680381	4	680380	5	9
680383	3	935891	3	6
680390	1	344926	1	2
680392	3	935895	9	12
680395	6	680394	1	7
680407	8	680406	6	14
680415	3	205831	2	5
680426	2	680425	4	6
680435	10	680434	1	11
680457	1	680456	6	7
680462	8	680461	3	11
680467	6	680466	2	8
680486	5	680485	5	10
680492	1	680490	1	2
680499	2	680498	1	3
680503	7	680502	1	8
680505	4	680504	5	9
680509	1	680508	2	3
680512	3	680511	2	5
680519	1	680518	3	4
680528	2	680527	2	4
680535	5	680534	3	8
680538	3	680537	3	6
680565	1	680564	5	6
680567	3	205899	2	5
680568	2	935961	5	7
680578	1	680577	1	2
680581	6	205913	4	10
680583	6	680582	5	11
680591	5	680590	4	9
680593	8	680592	5	13
680595	9	680594	1	10
680603	3	680602	1	4
680608	3	680607	3	6
680610	7	344958	2	9
680617	4	680616	6	10
680627	4	680626	4	8
680629	1	680628	3	4
680636	2	680635	3	5
680641	6	680640	5	11
680647	8	205957	1	9
680658	2	680657	5	7
680660	3	680659	2	5
680662	2	680661	1	3
680674	1	680673	8	9
680676	2	680675	2	4
680686	5	680685	3	8
680691	8	680690	4	12
680699	3	680698	2	5
680711	3	206007	3	6
680718	1	680717	5	6
680726	6	680725	5	11
680737	1	680736	8	9
680745	3	680744	2	5
680747	10	206042	4	14
680754	10	680753	7	17
680756	1	680755	5	6
680758	1	680757	3	4
680767	2	680766	2	4
680770	5	680769	4	9
680773	4	936031	6	10
680777	8	680776	5	13
680788	3	680787	3	6
680792	6	206100	5	11
680794	2	680793	3	5
680808	4	680807	2	6
680820	1	680819	3	4
680862	13	936091	2	15
680864	3	680863	2	5
680873	1	680872	5	6
680886	7	680885	4	11
680928	8	680927	4	12
680932	1	680931	9	10
680934	5	680933	3	8
680952	7	206200	2	9
680959	2	206218	28	30
680965	1	680964	13	14
680976	1	680975	8	9
680979	2	680978	1	3
680987	3	680986	3	6
680991	6	680990	5	11
681002	5	681001	2	7
681025	2	681024	1	3
681031	2	681030	1	3
681039	5	681038	5	10
681044	1	681043	1	2
681047	11	681046	8	19
681050	3	681049	3	6
681053	3	681052	5	8
681056	1	681055	5	6
681061	12	681060	2	14
681072	4	681071	2	6
681075	7	681074	5	12
681087	3	206315	2	5
681089	2	681088	3	5
681094	7	681093	4	11
681097	2	681096	2	4
681098	1	206321	1	2
681099	1	206322	2	3
681118	1	681117	3	4
681130	3	681129	6	9
681138	4	681137	3	7
681144	1	681143	4	5
681147	8	681146	4	12
681163	26	681162	7	33
681165	4	681164	2	6
681172	3	681171	3	6
681176	3	681175	1	4
681178	2	681177	2	4
681199	2	681198	7	9
681203	2	681202	4	6
681212	1	206432	1	2
681220	7	936264	6	13
681221	2	206443	6	8
681243	2	681242	1	3
681246	9	681245	2	11
681254	3	681253	33	36
681289	5	681288	5	10
681294	2	681293	3	5
681314	2	681313	4	6
681321	105	681320	7	112
681323	4	681322	5	9
681326	3	681325	2	5
681329	2	681328	1	3
681342	8	681341	19	27
681346	7	681345	4	11
681347	4	206603	3	7
681354	2	681353	3	5
681364	9	681363	1	10
681373	8	681372	3	11
681393	4	681392	3	7
681395	5	681394	3	8
681397	4	936346	7	11
681422	4	681421	9	13
681425	1	681424	4	5
681428	5	681427	1	6
681432	2	681431	4	6
681435	3	681434	2	5
681438	3	681437	3	6
681451	1	681450	3	4
681454	3	206697	2	5
681459	3	681458	1	4
681469	3	681468	6	9
681475	8	681474	5	13
681486	2	936374	5	7
681488	7	681487	3	10
681491	3	681490	5	8
681507	2	681506	2	4
681518	4	681517	1	5
681521	11	936394	9	20
681526	12	681525	4	16
681529	4	681528	5	9
681531	6	681530	1	7
681548	2	681547	3	5
681550	4	681549	3	7
681552	2	681551	1	3
681554	1	681553	1	2
681562	2	681561	4	6
681594	2	681593	4	6
681600	4	206847	4	8
681607	2	345210	3	5
681617	5	681616	3	8
681619	3	681618	6	9
681625	9	681624	3	12
681627	1	681626	1	2
681638	4	681637	4	8
681655	4	345220	8	12
681666	9	681665	9	18
681673	11	681672	3	14
681676	1	681675	10	11
681685	13	681684	5	18
681689	2	681688	8	10
681704	6	681703	11	17
681706	8	681705	7	15
681712	1	206958	5	6
681715	9	681714	6	15
681723	9	681722	4	13
681733	7	681732	7	14
681734	7	206977	4	11
681738	5	681737	5	10
681739	1	206982	7	8
681742	25	681741	1	26
681751	1	681750	1	2
681757	3	681756	1	4
681760	2	681759	1	3
681761	2	207015	4	6
681767	3	681766	11	14
681769	1	681768	2	3
681771	2	681770	1	3
681781	5	207034	7	12
681796	1	681795	6	7
681808	1	681807	9	10
681820	9	681819	1	10
681825	1	681824	3	4
681836	1	207068	3	4
681843	12	681842	4	16
681845	7	681844	5	12
681849	5	681848	1	6
681870	2	936541	2	4
681873	7	345270	4	11
681880	6	681879	4	10
681889	6	681888	10	16
681891	10	681890	8	18
681894	6	681893	6	12
681897	1	681896	4	5
681899	1	681898	2	3
681910	5	681909	14	19
681922	2	681921	4	6
681951	2	681950	1	3
681954	3	681953	3	6
681958	5	681957	5	10
681961	2	681960	7	9
681980	8	207228	6	14
681992	1	681991	5	6
681996	8	345294	1	9
682011	2	682010	3	5
682013	1	682012	1	2
682020	2	682019	4	6
682022	6	682021	2	8
682027	1	682026	2	3
682036	2	682035	1	3
682040	3	682039	1	4
682044	3	682043	1	4
682086	9	682085	2	11
682090	9	682089	7	16
682105	9	682104	7	16
682110	9	682109	7	16
682112	1	682111	5	6
682130	3	682129	4	7
682132	8	682131	3	11
682135	12	682134	8	20
682144	10	682143	3	13
682153	4	682152	10	14
682192	15	682191	8	23
682196	1	682195	4	5
682217	2	682216	1	3
682221	9	207399	18	27
682223	3	682222	3	6
682243	30	207402	29	59
682245	5	682244	11	16
682246	7	207403	4	11
682249	7	682248	2	9
682255	6	207416	6	12
682258	9	682257	12	21
682277	4	936719	2	6
682282	2	682281	12	14
682285	15	682284	29	44
682290	2	682289	1	3
682295	1	682294	14	15
682302	23	682301	2	25
682306	8	682305	17	25
682310	1	682309	20	21
682311	4	207462	11	15
682313	9	682312	7	16
682317	6	682316	6	12
682323	23	345372	2	25
682330	2	207481	7	9
682332	5	682331	3	8
682345	3	682344	2	5
682347	1	682346	4	5
682365	3	682364	4	7
682373	8	682372	4	12
682389	4	682388	5	9
682394	1	682393	2	3
682403	1	682402	4	5
682408	5	682407	5	10
682415	1	207557	3	4
682420	4	682419	1	5
682424	2	682423	1	3
682428	7	682427	2	9
682433	6	682432	2	8
682438	13	682437	4	17
682444	5	682443	2	7
682455	13	682454	8	21
682457	9	682456	5	14
682459	2	682458	5	7
682461	5	682460	5	10
682472	8	682471	13	21
682476	2	682475	2	4
682486	7	207615	2	9
682488	5	682487	3	8
682492	4	682491	17	21
682522	5	682521	5	10
682524	5	682523	5	10
682541	12	682540	3	15
682546	2	682545	3	5
682554	21	682553	11	32
682561	3	682560	7	10
682569	1	682568	1	2
682573	5	682572	5	10
682576	5	682575	5	10
682578	9	682577	4	13
682580	4	682579	3	7
682582	6	682581	4	10
682601	2	682600	4	6
682621	5	682620	6	11
682624	9	682623	1	10
682630	8	682629	4	12
682633	3	682632	3	6
682649	6	682648	9	15
682652	3	207745	1	4
682660	3	682659	4	7
682663	6	682662	1	7
682671	2	682670	3	5
682684	8	682683	23	31
682686	1	682685	3	4
682691	3	682690	2	5
682698	2	207766	2	4
682701	4	682700	4	8
682707	3	682706	1	4
682717	15	682716	3	18
682719	3	682718	2	5
682738	8	682737	7	15
682740	5	682739	16	21
682742	7	682741	4	11
682744	4	682743	4	8
682746	10	936904	3	13
682755	5	682754	8	13
682765	6	682764	3	9
682770	4	682769	2	6
682775	1	207821	6	7
682784	3	682783	10	13
682802	5	682801	3	8
682803	4	207839	2	6
682809	10	682808	6	16
682821	1	207860	3	4
682823	1	682822	6	7
682834	9	682833	2	11
682836	1	682835	4	5
682839	3	207876	1	4
682854	57	207890	2	59
682882	3	682881	1	4
682884	27	682883	3	30
682888	3	207923	3	6
682898	4	682897	6	10
682903	2	682902	7	9
682916	1	207953	6	7
682918	3	682917	13	16
682922	2	682921	4	6
682928	4	682927	4	8
682936	5	682935	2	7
682939	1	682938	2	3
682941	1	682940	6	7
682948	1	682947	1	2
682950	1	345472	6	7
682955	9	682954	1	10
682959	5	682958	4	9
682965	7	682964	14	21
682969	11	207992	2	13
682991	2	682990	2	4
682996	1	682995	3	4
682998	12	682997	8	20
683002	1	683001	4	5
683004	8	683003	3	11
683008	2	208022	1	3
683019	2	683018	5	7
683020	6	208037	4	10
683022	5	683021	6	11
683027	9	683026	1	10
683029	4	683028	6	10
683031	6	683030	3	9
683033	3	683032	3	6
683039	2	345489	2	4
683041	7	683040	6	13
683046	3	683045	3	6
683048	2	683047	6	8
683050	2	683049	5	7
683054	15	683053	1	16
683058	2	683057	2	4
683064	5	683063	8	13
683068	4	683067	3	7
683073	4	683072	1	5
683076	1	683075	3	4
683077	3	208081	1	4
683086	8	208089	7	15
683097	4	683096	2	6
683105	2	683104	16	18
683119	6	683118	1	7
683121	11	683120	13	24
683123	2	683122	2	4
683135	1	683134	2	3
683138	5	208117	2	7
683143	3	683142	5	8
683151	4	683150	3	7
683154	2	683153	1	3
683157	1	683156	10	11
683162	5	683161	4	9
683165	3	683164	7	10
683167	19	683166	6	25
683170	2	683169	20	22
683171	2	208128	6	8
683173	1	683172	1	2
683182	7	208133	2	9
683187	8	683186	7	15
683189	4	683188	3	7
683193	5	683192	3	8
683204	3	208152	1	4
683205	4	208153	1	5
683207	4	208159	7	11
683211	2	208160	4	6
683213	6	683212	1	7
683220	1	683219	5	6
683228	4	683227	2	6
683234	5	208178	2	7
683236	4	345516	1	5
683238	6	683237	8	14
683241	16	683240	4	20
683243	1	683242	8	9
683247	5	683246	4	9
683252	5	683251	6	11
683257	1	683256	1	2
683260	3	683259	4	7
683267	7	683266	7	14
683269	6	683268	5	11
683272	4	683271	4	8
683274	4	208212	16	20
683280	3	683279	7	10
683287	9	683286	5	14
683291	4	683290	6	10
683297	6	937132	5	11
683299	1	683298	5	6
683311	9	683310	10	19
683313	26	208226	4	30
683318	7	683317	2	9
683322	4	208229	4	8
683329	2	683328	8	10
683348	2	683347	5	7
683351	7	683350	4	11
683360	4	683359	3	7
683372	4	683371	3	7
683381	4	683380	12	16
683383	7	208263	5	12
683391	3	683390	1	4
683408	3	683407	4	7
683413	4	683412	1	5
683421	4	683420	3	7
683422	2	345539	3	5
683424	4	208285	4	8
683433	3	683432	2	5
683438	4	683437	6	10
683445	4	683444	8	12
683452	5	683451	4	9
683456	2	683455	1	3
683471	2	683470	5	7
683475	2	683474	1	3
683480	3	683479	5	8
683492	8	345549	3	11
683498	9	345551	10	19
683501	5	683500	1	6
683502	7	208328	1	8
683507	7	683506	9	16
683522	1	683521	2	3
683529	12	208348	2	14
683538	2	683537	1	3
683543	3	683542	5	8
683562	1	683561	1	2
683574	3	683573	4	7
683580	5	683579	3	8
683588	4	208387	3	7
683591	2	683590	4	6
683593	3	683592	8	11
683595	3	683594	2	5
683598	4	683597	10	14
683602	7	683601	2	9
683613	3	683612	4	7
683620	5	345574	41	46
683621	2	937227	17	19
683632	5	683631	7	12
683643	5	683642	2	7
683646	2	683645	2	4
683648	2	208436	2	4
683654	10	683653	6	16
683658	4	208438	2	6
683659	1	208441	2	3
683663	1	683662	1	2
683668	1	683667	2	3
683669	1	937244	2	3
683678	2	683677	1	3
683682	3	683681	5	8
683687	4	683686	3	7
683689	7	208464	4	11
683698	5	683697	3	8
683702	6	683701	3	9
683717	1	683716	4	5
683719	3	208480	9	12
683724	7	208486	2	9
683727	5	683726	5	10
683734	12	208491	2	14
683737	6	683736	3	9
683741	1	683740	3	4
683752	4	683751	9	13
683755	3	683754	8	11
683758	5	683757	4	9
683765	4	683764	4	8
683777	3	208521	2	5
683812	1	937295	2	3
683819	1	683818	1	2
683822	10	683821	3	13
683825	3	208537	3	6
683830	2	683829	1	3
683839	3	683838	2	5
683842	22	683841	7	29
683852	2	683851	4	6
683878	9	683877	8	17
683893	4	683892	3	7
683895	2	683894	9	11
683896	4	345627	1	5
683901	4	683900	7	11
683913	3	683912	6	9
683924	5	208625	1	6
683934	4	683933	2	6
683945	2	683944	4	6
683950	5	683949	4	9
683965	2	683964	4	6
683969	1	683968	2	3
683977	2	683976	4	6
683991	8	683990	3	11
684006	5	684005	2	7
684008	10	684007	18	28
684014	6	684013	1	7
684016	3	684015	3	6
684022	5	684021	6	11
684023	4	208680	2	6
684025	2	208681	1	3
684034	4	684033	5	9
684038	3	684037	4	7
684053	6	684052	6	12
684057	4	684056	2	6
684059	3	684058	2	5
684062	5	208698	8	13
684069	4	684068	3	7
684082	12	684081	9	21
684090	3	684089	9	12
684092	9	684091	3	12
684094	3	684093	10	13
684100	1	684099	4	5
684107	6	684106	8	14
684120	6	684119	7	13
684122	9	684121	1	10
684132	4	684131	4	8
684138	3	684137	4	7
684144	2	937425	3	5
684148	10	684146	5	15
684152	4	208779	2	6
684162	3	684161	2	5
684169	2	208804	5	7
684171	20	684170	13	33
684173	10	684172	4	14
684174	3	208820	1	4
684184	9	684183	18	27
684198	3	684197	2	5
684203	1	684202	8	9
684220	8	684219	1	9
684225	3	684224	1	4
684231	2	684230	8	10
684244	2	684243	1	3
684246	2	684245	4	6
684255	9	684254	4	13
684257	1	684256	2	3
684260	1	684259	5	6
684264	4	684263	1	5
684269	6	684268	5	11
684280	1	684279	2	3
684289	6	684288	8	14
684291	5	684290	4	9
684293	3	684292	7	10
684297	6	684296	4	10
684300	3	684299	3	6
684308	4	684307	6	10
684311	5	684310	3	8
684321	7	345706	4	11
684325	5	684324	3	8
684331	1	684330	4	5
684337	3	684336	12	15
684341	9	684340	3	12
684351	1	684350	2	3
684353	6	684352	3	9
684360	2	684359	6	8
684362	4	684361	3	7
684367	7	684366	1	8
684384	1	684383	2	3
684388	3	937529	4	7
684395	3	684394	2	5
684398	1	937537	1	2
684400	5	684399	7	12
684401	2	208991	1	3
684424	2	684423	1	3
684431	2	684430	2	4
684438	1	684437	5	6
684442	5	684441	1	6
684444	2	684443	2	4
684453	1	209027	2	3
684454	2	209042	4	6
684457	1	684456	1	2
684460	8	684459	3	11
684469	9	684468	2	11
684477	3	684476	3	6
684479	1	209060	1	2
684480	2	209065	3	5
684487	3	684486	7	10
684494	2	684493	4	6
684509	6	684508	8	14
684516	11	684515	7	18
684519	7	684518	6	13
684533	7	684532	5	12
684550	2	684548	3	5
684585	14	684584	7	21
684613	9	684612	4	13
684614	1	209143	9	10
684623	3	684622	11	14
684635	2	684634	9	11
684638	4	684637	11	15
684645	4	684644	7	11
684648	5	684647	3	8
684654	6	684653	2	8
684666	1	684665	2	3
684668	11	684667	6	17
684691	4	937647	4	8
684709	6	937657	19	25
684714	5	684713	4	9
684722	4	345752	4	8
684726	8	684725	7	15
684728	8	684727	4	12
684730	4	684729	7	11
684740	4	684739	7	11
684744	6	684743	5	11
684754	4	684753	6	10
684760	4	684759	4	8
684764	11	684763	8	19
684768	11	937678	4	15
684786	8	684785	1	9
684792	4	684791	2	6
684799	11	684798	3	14
684803	3	684802	5	8
684804	8	209210	1	9
684817	7	684816	3	10
684820	4	684819	5	9
684826	2	684825	3	5
684851	13	684850	7	20
684858	6	684857	7	13
684860	4	684859	16	20
684863	16	684862	20	36
684865	31	684864	12	43
684871	2	684870	3	5
684875	2	684874	2	4
684877	4	684876	5	9
684881	4	684880	8	12
684884	2	684883	3	5
684892	6	684891	5	11
684897	4	209249	1	5
684899	5	209252	6	11
684903	5	684902	1	6
684906	2	209256	2	4
684918	3	684917	3	6
684920	3	684919	8	11
684929	2	209274	2	4
684943	2	684942	10	12
684962	35	684961	5	40
684969	1	684968	3	4
684974	6	684973	7	13
684976	4	684975	4	8
684980	4	684979	6	10
684984	28	684983	2	30
684991	1	684990	4	5
684992	2	209309	3	5
684995	6	684994	6	12
685013	9	209324	3	12
685015	1	685014	10	11
685017	7	685016	6	13
685022	9	685021	1	10
685027	7	685026	4	11
685034	6	685033	5	11
685044	3	685043	1	4
685050	3	685049	1	4
685066	13	685065	4	17
685068	6	209372	10	16
685069	9	345796	10	19
685074	1	685073	2	3
685087	1	685086	2	3
685093	2	685092	2	4
685110	11	685109	10	21
685114	10	685113	12	22
685133	5	345806	6	11
685135	4	685134	2	6
685137	3	685136	3	6
685151	2	685150	12	14
685155	6	685154	2	8
685166	5	685165	2	7
685169	1	685168	1	2
685173	5	685172	2	7
685177	1	685176	6	7
685184	5	685183	3	8
685194	2	685193	3	5
685196	4	685195	3	7
685222	5	685221	7	12
685239	1	685238	2	3
685241	3	685240	1	4
685245	2	685244	2	4
685248	2	209456	3	5
685250	3	685249	4	7
685253	2	685252	1	3
685262	3	685261	1	4
685266	2	937880	1	3
685279	1	685278	1	2
685284	4	685283	1	5
685297	2	685296	3	5
685300	1	209493	1	2
685304	6	685303	3	9
685313	3	685312	1	4
685331	2	685330	2	4
685344	2	685343	1	3
685356	2	685355	1	3
685366	3	685365	1	4
685369	3	685368	7	10
685377	1	685376	4	5
685387	13	685386	4	17
685404	7	209568	5	12
685405	7	209569	5	12
685415	1	685414	1	2
685423	3	209595	5	8
685425	8	685424	6	14
685426	1	209596	1	2
685430	4	685429	13	17
685432	10	685431	9	19
685440	11	685439	9	20
685449	8	209604	2	10
685451	3	345861	2	5
685454	4	685453	3	7
685458	7	685457	6	13
685461	6	209607	4	10
685463	5	685462	6	11
685466	5	685465	2	7
685469	4	685468	2	6
685478	1	685477	1	2
685498	9	685497	2	11
685501	6	685500	11	17
685503	1	685502	4	5
685506	4	345872	4	8
685532	2	685531	2	4
685538	9	685537	4	13
685544	6	685543	5	11
685546	1	685545	10	11
685569	1	685568	2	3
685571	6	685570	3	9
685581	1	685580	3	4
685590	4	209676	4	8
685610	3	685609	1	4
685617	4	685616	3	7
685625	1	938037	2	3
685628	6	685627	3	9
685638	12	685637	4	16
685640	15	685639	1	16
685649	6	209702	5	11
685652	4	685651	1	5
685654	5	685653	2	7
685656	3	685655	3	6
685663	10	685662	2	12
685682	4	685681	30	34
685688	2	685687	4	6
685692	7	685691	8	15
685695	1	685694	11	12
685700	10	685699	6	16
685712	8	938076	2	10
685723	7	685722	1	8
685725	10	685724	1	11
685735	8	685734	2	10
685738	4	685737	2	6
685741	3	685740	5	8
685750	5	685749	4	9
685751	1	685747	1	2
685755	8	685754	4	12
685758	1	685757	4	5
685799	7	685798	4	11
685801	6	685800	1	7
685806	2	685805	4	6
685810	1	209811	2	3
685813	5	209815	1	6
685817	1	685816	3	4
685849	3	685848	15	18
685855	6	685854	12	18
685867	25	938148	11	36
685877	9	685876	8	17
685884	9	685883	5	14
685886	10	685885	10	20
685902	25	685901	13	38
685910	11	685909	7	18
685945	15	685944	12	27
685947	5	685946	26	31
685967	4	685966	6	10
685980	12	685979	1	13
685984	8	685983	9	17
685986	6	685985	6	12
686003	6	686002	2	8
686006	4	686005	8	12
686023	12	686022	9	21
686031	4	686030	6	10
686051	20	686050	3	23
686071	2	209942	1	3
686108	5	686107	3	8
686115	5	686114	7	12
686119	7	686118	20	27
686121	4	686120	5	9
686123	4	686122	7	11
686133	3	686132	1	4
686157	4	209992	3	7
686191	25	686190	15	40
686201	10	686200	3	13
686208	7	938358	13	20
686210	11	686209	6	17
686259	4	686258	15	19
686266	2	686265	41	43
686271	6	686270	7	13
686273	4	686272	9	13
686275	4	686274	7	11
686287	5	686286	34	39
686289	29	686288	10	39
686293	10	686292	9	19
686316	13	686315	7	20
686319	32	686318	2	34
686322	16	686321	8	24
686333	9	686332	8	17
686336	13	686335	4	17
686338	6	686337	10	16
686339	6	210074	5	11
686341	5	686340	8	13
686351	6	210080	3	9
686355	3	686354	3	6
686356	10	210084	8	18
686358	6	686357	3	9
686364	4	686363	81	85
686380	4	686379	8	12
686383	4	686382	6	10
686396	7	686395	2	9
686403	2	686402	2	4
686407	3	938431	5	8
686413	5	686412	1	6
686417	6	686415	4	10
686419	4	686418	4	8
686422	6	686421	12	18
686425	12	686424	16	28
686426	4	210119	7	11
686429	9	686428	9	18
686431	7	210132	3	10
686435	4	686434	14	18
686439	20	686438	3	23
686442	9	210148	13	22
686445	5	686444	6	11
686465	7	210176	3	10
686491	7	686490	3	10
686496	10	686495	4	14
686501	6	686500	3	9
686508	9	686507	11	20
686519	3	686518	8	11
686529	6	686528	7	13
686532	4	686531	3	7
686534	1	686533	4	5
686587	6	686586	8	14
686592	3	686591	3	6
686600	10	686599	7	17
686603	7	686602	6	13
686605	6	686604	3	9
686612	4	210256	1	5
686614	2	686613	5	7
686617	3	686616	6	9
686618	7	210257	4	11
686622	2	686621	9	11
686624	5	686623	10	15
686646	4	686645	5	9
686656	9	686655	8	17
686663	2	686662	2	4
686669	2	686668	4	6
686671	1	686670	4	5
686677	2	686676	5	7
686679	3	686678	6	9
686681	1	686680	12	13
686711	3	686710	3	6
686717	3	686716	5	8
686723	12	686722	1	13
686725	7	686724	9	16
686742	6	686741	11	17
686746	13	686745	5	18
686755	7	686754	1	8
686769	13	686768	6	19
686771	5	686770	2	7
686772	1	210280	3	4
686779	4	686778	11	15
686789	1	686788	6	7
686808	2	686807	8	10
686811	8	938611	7	15
686813	8	686812	15	23
686820	3	686819	10	13
686822	1	686821	6	7
686828	12	210306	1	13
686832	15	686827	2	17
686833	1	210307	6	7
686836	83	686835	4	87
686853	5	686852	3	8
686859	3	686858	10	13
686861	1	938639	3	4
686874	1	210328	1	2
686882	12	686881	3	15
686884	11	686883	2	13
686893	4	686892	5	9
686895	2	686894	6	8
686898	1	686897	2	3
686902	4	686901	8	12
686907	2	686906	15	17
686909	12	210334	1	13
686913	6	686912	2	8
686926	6	686925	10	16
686940	3	686939	7	10
686945	6	686944	3	9
686949	11	686948	6	17
686955	12	686954	6	18
686959	10	686958	10	20
686967	3	938672	11	14
686972	6	686971	10	16
686981	9	686980	6	15
686997	7	686996	7	14
686999	3	686998	1	4
687003	18	938692	4	22
687012	3	938698	2	5
687024	7	687023	5	12
687027	4	687026	2	6
687028	1	210380	2	3
687035	3	687034	15	18
687037	8	687036	12	20
687039	5	210388	4	9
687041	3	687040	1	4
687046	13	687045	11	24
687047	3	346160	7	10
687050	9	687049	2	11
687061	11	687060	9	20
687064	5	687063	5	10
687079	5	687078	2	7
687081	4	687080	1	5
687088	8	687087	5	13
687093	3	687092	6	9
687098	3	687097	1	4
687100	9	687099	13	22
687118	9	687117	10	19
687126	1	687125	11	12
687139	8	687138	3	11
687144	5	687143	1	6
687162	26	687161	3	29
687164	7	938750	8	15
687167	2	687166	6	8
687174	4	687173	6	10
687202	6	687201	10	16
687211	7	687210	3	10
687213	4	687212	7	11
687218	6	687217	15	21
687221	3	687220	2	5
687231	1	687230	12	13
687234	6	687233	3	9
687243	9	687242	2	11
687264	12	210435	2	14
687267	21	687266	6	27
687299	11	687298	7	18
687318	1	687317	4	5
687322	3	210462	2	5
687326	9	687325	12	21
687337	3	687336	5	8
687345	1	687344	5	6
687356	9	687355	7	16
687381	4	210496	2	6
687382	2	210498	1	3
687387	5	687386	2	7
687389	2	687388	7	9
687402	10	687401	3	13
687404	1	687403	11	12
687437	6	687436	10	16
687459	1	687458	10	11
687466	5	687465	2	7
687498	12	687497	7	19
687519	23	938881	6	29
687529	6	687528	4	10
687534	11	687533	9	20
687539	4	687538	2	6
687546	9	687545	7	16
687557	9	687556	5	14
687561	6	687560	5	11
687568	5	938902	13	18
687577	3	210566	2	5
687585	7	687584	7	14
687592	7	687591	4	11
687595	9	687594	1	10
687598	1	687597	4	5
687606	1	687605	6	7
687617	10	687616	7	17
687620	1	687619	9	10
687626	4	687625	4	8
687628	6	687627	1	7
687630	10	687629	9	19
687646	7	687645	6	13
687659	4	687658	2	6
687664	7	687663	3	10
687670	2	687669	7	9
687674	2	687673	3	5
687677	9	687676	3	12
687681	3	687680	6	9
687683	7	687682	6	13
687691	2	687690	5	7
687706	5	687705	4	9
687708	6	687707	8	14
687713	3	687712	11	14
687728	3	687727	2	5
687747	3	687746	7	10
687749	6	687748	5	11
687758	8	687757	5	13
687762	6	687761	6	12
687770	1	687769	11	12
687773	1	687772	6	7
687775	5	938984	6	11
687778	5	687777	3	8
687785	2	938988	10	12
687792	4	687791	3	7
687797	7	687796	5	12
687802	1	687801	3	4
687810	5	687809	2	7
687816	5	687815	6	11
687829	1	687828	2	3
687833	6	687832	6	12
687836	4	210713	5	9
687841	8	687840	3	11
687845	3	687844	8	11
687855	6	687854	3	9
687857	10	210722	1	11
687862	8	210727	1	9
687865	2	687864	8	10
687867	1	687866	1	2
687870	3	687869	4	7
687875	2	687874	10	12
687885	6	687884	1	7
687889	35	687888	11	46
687891	3	210733	4	7
687892	2	210735	11	13
687895	5	687894	1	6
687913	5	687912	8	13
687926	4	687925	8	12
687931	2	687930	2	4
687942	8	1085744	29	37
687945	11	687944	3	14
687948	3	687947	5	8
687955	10	687954	2	12
687964	3	687963	1	4
687966	9	687965	9	18
687973	3	687972	6	9
687976	3	687975	2	5
687988	11	687987	6	17
687990	4	687989	4	8
688005	2	688004	4	6
688008	10	210763	4	14
688013	2	688012	4	6
688017	8	688016	3	11
688026	7	688025	3	10
688037	10	688036	1	11
688041	1	688040	6	7
688055	9	346256	1	10
688071	6	939090	7	13
688103	2	688102	7	9
688104	4	939099	4	8
688106	8	688105	6	14
688109	3	688108	5	8
688117	3	210783	13	16
688131	5	688130	11	16
688133	5	688132	2	7
688136	4	688135	1	5
688145	4	688144	4	8
688156	9	688155	4	13
688166	5	688165	8	13
688176	14	688175	2	16
688179	16	688178	11	27
688184	6	688183	13	19
688187	9	688186	14	23
688193	4	1085815	9	13
688195	7	688194	5	12
688204	5	688203	5	10
688209	10	688208	8	18
688212	10	688211	5	15
688217	1	688216	7	8
688223	5	688222	8	13
688231	3	939148	2	5
688237	15	688236	5	20
688244	11	688243	6	17
688261	6	688260	12	18
688263	7	688262	8	15
688278	8	688277	11	19
688281	1	210823	13	14
688284	15	939172	6	21
688287	2	688286	2	4
688298	8	688297	19	27
688304	8	688303	7	15
688306	11	688305	5	16
688312	4	688311	3	7
688320	2	688319	5	7
688322	3	688321	5	8
688324	13	688323	3	16
688339	5	688338	9	14
688346	9	688345	8	17
688347	10	939198	6	16
688349	4	688348	2	6
688366	4	688365	6	10
688390	4	688389	1	5
688393	2	688392	8	10
688395	7	688394	2	9
688411	4	688410	9	13
688423	7	210874	2	9
688428	2	688427	1	3
688437	7	688436	4	11
688441	14	688440	9	23
688443	5	688442	4	9
688445	5	688444	25	30
688453	8	688451	6	14
688458	7	688457	9	16
688462	7	688461	1	8
688470	8	688469	4	12
688473	13	688472	5	18
688476	5	688475	6	11
688482	8	688481	3	11
688510	4	688509	2	6
688518	9	688517	11	20
688523	9	688522	8	17
688525	7	688524	4	11
688528	8	688527	4	12
688533	9	688532	7	16
688536	5	688535	10	15
688544	6	688543	4	10
688551	5	688550	4	9
688555	6	688554	2	8
688564	8	688563	7	15
688570	1	688569	9	10
688576	2	688575	5	7
688583	11	939300	2	13
688590	5	688589	7	12
688592	4	688591	7	11
688597	4	688596	10	14
688601	7	688600	14	21
688617	2	688616	2	4
688629	3	688628	2	5
688632	9	688631	4	13
688640	2	688639	6	8
688642	9	688641	7	16
688649	3	688648	10	13
688657	5	210945	3	8
688693	4	688692	11	15
688698	5	688697	9	14
688705	5	688704	14	19
688727	1	688726	3	4
688746	7	688745	4	11
688750	6	688749	3	9
688754	3	688753	1	4
688758	2	688757	8	10
688764	4	688763	3	7
688767	4	688766	7	11
688774	6	688773	12	18
688776	3	688775	2	5
688777	2	939387	8	10
688779	7	688778	12	19
688786	9	688785	15	24
688788	12	688787	4	16
688806	9	688805	6	15
688809	11	688808	5	16
688816	3	688815	2	5
688822	5	688821	12	17
688841	9	688840	8	17
688853	5	688852	1	6
688856	1	688855	8	9
688867	3	688866	6	9
688869	6	688868	8	14
688871	9	688870	1	10
688875	1	688874	11	12
688894	6	688893	6	12
688916	3	688915	7	10
688918	7	688917	12	19
688923	10	688922	8	18
688925	2	688924	13	15
688947	5	688946	6	11
688950	3	211041	1	4
688952	12	688951	7	19
688956	1	688955	1	2
688958	7	688957	4	11
688960	10	688959	1	11
688971	3	688970	1	4
688973	4	688972	5	9
688988	2	688987	3	5
688991	2	688990	1	3
688993	1	688992	6	7
688999	7	688998	9	16
689002	4	211059	8	12
689005	6	211061	5	11
689054	3	689053	4	7
689061	6	346359	4	10
689069	4	211077	1	5
689074	2	689073	10	12
689077	10	689076	6	16
689080	6	689079	10	16
689082	10	689081	5	15
689091	9	689090	7	16
689097	2	689096	2	4
689108	21	211084	3	24
689128	3	689127	7	10
689130	7	689129	3	10
689132	7	689131	10	17
689136	4	211096	6	10
689140	3	689139	7	10
689142	9	689141	5	14
689146	3	689145	8	11
689149	8	939538	2	10
689153	6	689152	2	8
689163	13	689161	1	14
689164	11	689162	4	15
689166	3	346363	5	8
689168	1	689167	4	5
689180	4	211113	5	9
689186	9	689185	2	11
689188	4	689187	5	9
689192	15	689191	4	19
689194	8	689193	4	12
689213	12	689212	2	14
689231	3	689230	1	4
689237	8	689236	9	17
689240	5	689239	8	13
689242	3	689241	8	11
689248	2	689247	4	6
689249	8	346371	4	12
689256	4	689255	8	12
689260	1	689259	3	4
689276	10	689275	6	16
689292	4	689291	7	11
689303	9	211171	3	12
689310	1	211176	1	2
689312	6	689311	8	14
689314	4	689313	3	7
689317	11	689316	3	14
689323	4	689322	4	8
689331	3	939603	1	4
689334	8	689333	2	10
689339	4	689338	4	8
689349	5	689348	3	8
689352	7	689351	11	18
689355	4	939608	9	13
689361	3	689359	4	7
689363	6	689362	5	11
689367	3	689366	2	5
689370	7	689369	6	13
689372	6	939610	12	18
689378	5	689377	3	8
689380	3	689379	9	12
689402	5	689401	66	71
689409	9	689408	7	16
689417	3	689416	1	4
689421	3	689420	2	5
689423	17	689422	7	24
689428	8	689427	9	17
689430	2	689429	1	3
689436	9	689435	7	16
689445	8	689444	5	13
689447	6	689446	2	8
689463	6	689462	5	11
689465	8	211211	1	9
689467	1	689466	12	13
689470	3	689469	2	5
689476	5	689475	3	8
689479	4	689478	2	6
689482	7	689481	4	11
689486	4	689485	2	6
689488	1	689487	1	2
689497	2	346392	2	4
689500	5	689499	4	9
689507	3	689506	5	8
689515	6	689514	6	12
689520	6	939663	3	9
689533	3	211240	6	9
689535	3	689534	1	4
689540	3	689539	1	4
689543	5	689542	1	6
689549	5	689548	13	18
689552	4	939674	13	17
689555	11	689554	5	16
689558	3	689557	2	5
689571	3	689570	12	15
689575	12	689574	6	18
689579	12	689578	8	20
689591	1	689590	5	6
689601	8	689600	3	11
689604	4	689603	7	11
689611	1	689610	6	7
689613	3	211279	2	5
689621	5	689620	4	9
689631	3	211283	3	6
689633	6	689632	1	7
689637	1	689636	5	6
689640	6	689639	5	11
689642	5	689641	7	12
689651	6	689650	1	7
689658	2	689657	9	11
689665	1	689664	1	2
689672	1	689671	3	4
689684	3	689683	6	9
689685	6	939725	2	8
689687	1	689686	8	9
689689	7	689688	2	9
689694	4	689693	4	8
689700	11	689699	3	14
689708	2	211324	4	6
689713	8	689712	9	17
689715	3	689714	2	5
689719	3	689718	3	6
689727	6	689726	1	7
689736	2	689735	6	8
689740	3	689739	1	4
689742	5	689741	2	7
689753	2	689752	3	5
689755	4	211353	3	7
689765	1	689764	4	5
689775	4	689774	3	7
689788	15	689787	6	21
689792	6	689791	2	8
689797	3	689796	2	5
689807	2	689806	4	6
689817	8	689814	4	12
689824	8	939785	8	16
689826	4	689825	4	8
689840	1	689839	3	4
689845	5	689844	3	8
689892	6	689891	10	16
689895	46	689894	7	53
689899	9	689898	7	16
689902	5	211420	3	8
689909	1	689908	3	4
689912	3	689911	1	4
689914	16	689913	11	27
689923	6	689922	4	10
689925	1	689924	3	4
689934	4	211442	1	5
689939	10	689938	4	14
689945	2	689944	3	5
689954	8	689953	9	17
689957	1	689956	2	3
689969	4	689968	10	14
689971	6	689970	1	7
689973	8	939849	2	10
689977	1	689976	1	2
689980	2	689979	2	4
689987	3	689986	1	4
689989	2	689988	3	5
690004	11	690003	10	21
690007	6	690006	14	20
690010	5	690009	2	7
690031	5	690030	5	10
690045	10	690044	5	15
690046	42	211495	2	44
690047	7	939882	2	9
690049	4	690048	8	12
690051	6	690050	2	8
690061	6	690060	1	7
690065	2	690064	3	5
690070	6	690069	4	10
690086	4	211524	3	7
690095	6	690094	9	15
690100	4	690099	1	5
690102	2	690101	4	6
690119	2	690118	1	3
690122	3	690121	2	5
690134	4	690133	1	5
690136	1	690135	2	3
690138	11	211541	2	13
690140	3	690139	1	4
690143	8	690142	2	10
690150	1	690149	26	27
690156	4	690155	3	7
690163	3	690162	23	26
690165	1	690164	1	2
690167	5	690166	3	8
690169	3	690168	3	6
690170	6	211545	3	9
690173	16	690172	1	17
690176	5	690175	5	10
690180	6	690179	5	11
690183	1	211547	1	2
690186	12	690185	9	21
690190	6	690189	7	13
690193	9	690192	10	19
690196	3	690195	4	7
690207	2	211555	2	4
690217	2	690216	3	5
690231	1	690230	5	6
690234	7	690233	1	8
690236	16	690235	9	25
690240	3	690239	17	20
690247	4	690246	2	6
690250	2	690249	1	3
690257	3	690256	3	6
690267	7	690266	9	16
690271	4	690270	1	5
690274	7	690273	3	10
690279	3	690278	5	8
690287	6	690286	5	11
690291	7	690289	13	20
690296	7	939958	8	15
690300	3	690299	3	6
690302	5	690301	6	11
690304	2	346504	5	7
690311	4	690310	1	5
690314	4	690313	1	5
690319	1	690318	1	2
690337	5	690336	4	9
690346	12	690345	12	24
690351	4	690350	8	12
690353	10	690352	5	15
690365	2	690364	5	7
690372	4	690371	5	9
690380	2	690379	10	12
690386	8	690385	6	14
690389	8	690388	13	21
690416	3	690415	6	9
690418	1	690417	7	8
690420	3	690419	7	10
690427	13	690426	6	19
690437	12	690436	5	17
690442	7	690441	6	13
690443	7	211634	6	13
690461	15	690460	6	21
690465	2	690464	5	7
690473	3	690472	5	8
690475	20	211642	2	22
690478	9	690477	5	14
690482	6	690481	1	7
690483	1	211650	5	6
690485	6	690484	1	7
690487	1	690486	1	2
690498	3	690497	6	9
690504	4	690503	4	8
690507	9	690506	2	11
690513	11	690512	8	19
690517	2	690516	1	3
690525	3	690524	5	8
690533	5	690532	8	13
690536	1	690535	1	2
690549	2	690548	22	24
690556	2	690555	6	8
690557	7	346526	3	10
690560	4	211682	4	8
690562	2	690561	5	7
690564	5	690563	5	10
690572	7	690571	13	20
690574	7	690573	3	10
690576	1	690575	5	6
690583	13	690582	4	17
690585	9	690584	2	11
690588	16	690587	15	31
690590	8	690589	7	15
690596	5	690595	10	15
690613	6	690612	7	13
690622	6	690621	10	16
690639	7	690638	4	11
690659	11	690658	1	12
690666	8	690665	2	10
690673	3	690672	4	7
690680	4	690679	8	12
690681	12	346542	4	16
690683	3	211722	1	4
690689	14	690688	4	18
690693	5	690692	5	10
690696	13	690695	9	22
690706	1	211731	2	3
690709	3	690708	10	13
690710	1	346549	2	3
690713	16	690712	9	25
690717	6	690716	10	16
690720	7	211736	2	9
690723	14	690722	2	16
690728	2	690727	5	7
690746	1	690745	5	6
690751	8	690750	2	10
690758	7	690757	7	14
690761	4	211743	5	9
690763	5	690762	2	7
690765	2	690764	1	3
690769	2	690768	3	5
690775	4	690774	5	9
690779	4	690778	5	9
690781	2	690780	11	13
690785	5	690784	2	7
690788	1	690787	9	10
690790	3	690789	3	6
690799	2	211767	5	7
690807	7	690806	4	11
690810	4	690809	11	15
690821	8	690820	3	11
690823	4	346567	7	11
690826	5	690825	3	8
690828	3	690827	5	8
690832	8	690831	3	11
690836	5	690835	3	8
690846	24	690845	10	34
690849	6	690848	5	11
690861	6	690860	11	17
690884	5	690883	8	13
690892	8	690891	4	12
690895	13	690894	9	22
690904	6	690903	10	16
690906	9	690905	6	15
690908	10	690907	5	15
690912	8	690911	6	14
690922	2	690921	3	5
690925	5	690924	2	7
690928	2	690927	2	4
690929	7	211845	9	16
690934	9	690933	1	10
690939	1	690938	1	2
690943	2	690942	2	4
690953	6	690952	11	17
690970	4	690969	6	10
690972	4	690971	9	13
690980	1	690979	2	3
690984	5	690983	6	11
690988	4	690987	8	12
691000	2	690999	8	10
691006	4	691005	6	10
691020	13	691019	1	14
691036	8	346590	14	22
691040	4	691039	9	13
691043	12	691042	13	25
691049	3	691048	5	8
691056	6	691055	3	9
691066	1	691065	1	2
691073	2	691072	5	7
691091	2	691090	2	4
691093	1	691092	3	4
691097	10	691096	7	17
691099	5	691098	5	10
691114	7	691113	8	15
691123	2	691122	26	28
691127	8	691126	10	18
691131	5	691130	3	8
691133	1	691132	19	20
691136	5	691135	4	9
691140	4	691139	32	36
691145	8	691144	5	13
691148	9	691147	3	12
691150	1	211980	8	9
691153	2	940254	3	5
691159	4	691158	7	11
691161	3	691160	10	13
691163	8	691162	6	14
691167	4	691166	10	14
691201	4	691200	3	7
691204	1	691203	4	5
691211	3	691210	3	6
691213	1	691212	7	8
691217	5	691216	6	11
691219	9	691218	3	12
691221	1	691220	5	6
691233	1	691232	9	10
691235	11	691234	2	13
691241	1	691240	3	4
691259	13	691258	12	25
691265	5	691264	2	7
691267	44	940293	4	48
691280	10	691279	10	20
691287	7	691286	6	13
691291	7	691290	3	10
691293	4	691292	4	8
691296	6	691295	8	14
691300	17	346633	3	20
691302	1	691301	2	3
691304	8	691303	6	14
691310	12	691309	6	18
691320	4	691319	1	5
691324	4	691323	6	10
691333	9	691332	3	12
691336	6	691335	4	10
691338	2	691337	5	7
691341	25	691340	7	32
691343	1	691342	2	3
691345	6	691344	11	17
691348	3	691347	3	6
691355	4	212060	1	5
691357	1	691356	1	2
691359	4	691358	6	10
691362	4	691361	5	9
691377	17	691376	5	22
691379	1	691378	2	3
691418	1	691417	2	3
691419	1	346645	6	7
691424	4	691423	4	8
691429	2	691428	9	11
691436	1	346646	6	7
691441	10	691440	20	30
691443	8	346649	7	15
691447	7	691446	7	14
691455	7	691454	9	16
691458	4	691457	3	7
691462	4	691461	14	18
691464	5	691463	4	9
691470	8	691469	3	11
691475	3	691474	7	10
691486	9	691485	7	16
691489	7	691488	8	15
691491	5	691490	4	9
691501	2	691500	7	9
691508	7	691507	1	8
691515	7	691514	11	18
691519	11	691518	6	17
691534	4	691533	1	5
691536	4	691535	7	11
691539	4	691538	7	11
691542	3	212152	4	7
691546	3	691545	4	7
691552	5	691551	8	13
691555	2	691554	9	11
691593	2	940423	9	11
691600	3	691599	7	10
691603	5	940429	5	10
691605	3	691604	2	5
691609	18	691608	11	29
691610	1	940434	2	3
691620	2	691619	4	6
691630	7	691629	3	10
691632	6	691631	5	11
691634	3	691633	1	4
691636	2	691635	6	8
691638	2	212201	4	6
691647	2	691646	4	6
691653	2	691652	6	8
691664	2	691663	1	3
691673	1	691672	7	8
691682	7	691681	2	9
691684	6	346699	6	12
691687	4	691686	11	15
691688	6	212226	4	10
691690	10	691689	14	24
691693	4	212234	3	7
691695	7	691694	2	9
691733	15	691732	7	22
691735	2	691734	2	4
691738	4	691737	4	8
691740	13	691739	9	22
691750	2	691749	3	5
691765	6	691764	7	13
691768	1	691767	2	3
691771	6	691770	6	12
691781	1	212277	1	2
691783	10	691782	14	24
691792	8	691791	4	12
691800	12	691799	11	23
691816	8	691815	5	13
691826	19	691825	1	20
691840	9	346719	3	12
691855	2	691854	5	7
691861	8	691860	5	13
691890	11	691889	5	16
691892	1	691891	5	6
691897	4	691896	16	20
691902	6	691901	6	12
691904	5	691903	6	11
691906	4	691905	3	7
691909	9	691908	3	12
691913	3	691912	2	5
691915	1	691914	2	3
691917	2	691916	4	6
691923	5	212395	1	6
691931	3	691930	6	9
691964	1	691963	9	10
691972	4	691971	5	9
691975	4	691974	1	5
691977	4	691976	6	10
691979	18	691978	1	19
691982	4	691981	4	8
691984	3	691983	8	11
691986	3	212423	2	5
691992	9	691991	7	16
691997	8	691996	5	13
692001	5	692000	3	8
692006	1	212431	1	2
692017	2	692016	5	7
692032	5	692031	7	12
692034	9	692033	1	10
692039	8	692038	4	12
692041	15	692040	4	19
692048	2	692047	3	5
692049	1	212447	2	3
692052	2	692051	7	9
692055	2	692054	6	8
692065	4	692064	3	7
692071	4	692070	5	9
692091	9	692090	9	18
692093	3	692092	2	5
692095	2	692094	4	6
692116	2	692115	2	4
692129	4	692128	2	6
692137	1	692136	3	4
692140	5	692139	2	7
692142	2	692141	2	4
692149	16	692148	3	19
692153	6	940635	3	9
692155	2	692154	2	4
692159	4	940639	2	6
692162	1	692161	3	4
692174	1	692173	1	2
692178	2	692177	2	4
692194	4	692193	3	7
692195	3	940652	2	5
692198	1	692197	1	2
692204	2	692203	4	6
692209	3	692208	4	7
692221	4	692220	2	6
692228	1	940666	1	2
692233	7	692232	3	10
692236	1	692235	4	5
692242	1	692241	1	2
692245	6	212542	2	8
692249	5	692248	12	17
692252	6	692251	3	9
692254	3	692253	2	5
692262	5	692261	8	13
692270	4	692269	3	7
692273	12	692272	6	18
692275	9	692274	7	16
692283	6	212562	1	7
692293	3	346784	1	4
692295	3	692294	3	6
692302	15	940696	17	32
692308	1	692307	2	3
692315	2	692314	6	8
692319	1	692318	2	3
692326	3	692325	49	52
692331	5	692330	22	27
692340	2	346789	2	4
692343	4	692342	3	7
692345	3	692344	1	4
692347	8	692346	18	26
692349	2	692348	1	3
692357	5	692356	1	6
692359	2	212595	2	4
692370	3	692369	2	5
692373	1	692372	1	2
692377	1	692376	4	5
692381	2	692380	1	3
692386	2	692385	1	3
692390	2	692389	1	3
692393	2	692392	1	3
692402	1	212623	1	2
692407	6	692406	2	8
692414	3	346801	3	6
692424	3	692423	2	5
692429	1	212632	1	2
692439	6	212640	1	7
692454	2	692453	2	4
692460	1	692459	2	3
692483	1	692482	2	3
692487	1	692486	5	6
692490	2	692489	2	4
692507	1	692506	3	4
692540	2	692539	4	6
692546	1	692545	2	3
692548	3	692547	1	4
692554	1	692553	2	3
692558	1	692557	2	3
692560	1	692559	1	2
692565	1	692564	3	4
692568	1	692567	1	2
692580	2	692579	3	5
692602	1	692601	2	3
692606	1	692605	1	2
692611	16	692610	3	19
692636	2	212776	1	3
692640	1	212778	1	2
692653	1	692652	1	2
692655	2	692654	1	3
692657	1	692656	1	2
692659	3	692658	1	4
692661	3	692660	1	4
692670	3	692669	6	9
692675	1	692674	2	3
692689	3	346845	1	4
692691	1	692690	1	2
692696	1	692695	2	3
692699	1	692698	2	3
692701	3	346847	2	5
692713	2	692712	2	4
692721	1	692720	2	3
692725	1	346848	1	2
692738	1	692737	1	2
692741	2	692740	2	4
692773	1	692772	1	2
692777	1	692776	2	3
692780	1	692779	2	3
692784	1	692783	2	3
692787	1	692786	2	3
692804	2	346850	1	3
692814	1	692813	1	2
692822	3	212823	2	5
692828	3	692827	1	4
692835	4	692834	2	6
692848	1	692847	5	6
692860	1	692859	3	4
692868	1	692867	2	3
692872	3	692871	2	5
692876	30	940886	20	50
692888	1	692887	1	2
692891	3	692890	1	4
692933	2	692932	3	5
692938	1	692937	2	3
692948	1	346862	1	2
692970	7	692969	1	8
693020	1	693019	3	4
693044	1	693043	2	3
693104	6	693103	3	9
693106	1	346880	1	2
693109	1	693108	3	4
693112	1	693111	1	2
693145	1	693144	1	2
693158	14	693157	7	21
693189	2	693188	1	3
693203	1	693202	2	3
693211	2	693210	1	3
693231	2	693230	8	10
693273	1	693272	1	2
693293	1	693292	2	3
693298	3	693297	2	5
693306	2	941040	5	7
693318	2	213024	8	10
693339	2	693338	1	3
693340	1	213027	1	2
693363	2	346905	1	3
693428	1	693427	1	2
693430	1	693429	3	4
693431	2	346912	1	3
693439	3	693438	1	4
693470	1	693469	2	3
693479	13	693478	1	14
693486	1	693485	1	2
693493	1	693492	1	2
693505	2	693504	1	3
693518	2	693517	8	10
693525	1	213121	1	2
693533	14	693532	1	15
693535	1	693534	2	3
693570	2	693569	18	20
693593	1	693592	1	2
693604	1	693603	4	5
693616	2	693615	2	4
693652	1	693651	2	3
693668	2	693667	2	4
693675	1	693674	3	4
693683	2	213248	13	15
693687	1	693686	1	2
693702	1	693701	1	2
693713	1	693712	1	2
693719	1	693718	1	2
693725	2	693724	1	3
693736	1	693735	3	4
693745	2	213298	2	4
693752	3	693751	1	4
693756	2	693755	3	5
693773	1	693772	1	2
693790	1	693789	3	4
693809	1	693808	2	3
693812	1	693811	1	2
693844	2	693843	1	3
693848	2	693847	2	4
693850	1	693849	1	2
693854	1	693853	1	2
693867	1	693866	3	4
693884	2	693883	2	4
693886	3	693885	4	7
693892	1	693891	15	16
693902	2	693901	1	3
693904	3	693903	2	5
693909	4	693908	14	18
693914	1	693913	1	2
693923	2	693922	2	4
693945	2	693944	3	5
693969	2	693968	2	4
693972	4	693971	2	6
693975	3	693974	1	4
693984	4	693983	5	9
693996	4	693995	26	30
693999	3	693998	1	4
694001	4	694000	19	23
694003	3	694002	3	6
694005	11	213402	2	13
694022	1	213408	2	3
694027	6	694026	7	13
694030	1	694029	3	4
694032	3	694031	5	8
694035	2	694034	1	3
694044	6	694043	1	7
694063	1	694062	3	4
694070	3	694069	3	6
694075	1	213440	2	3
694081	1	694080	1	2
694084	2	694083	1	3
694113	3	694112	1	4
694115	8	694114	3	11
694124	1	694123	4	5
694136	3	694135	2	5
694145	4	694144	1	5
694150	5	213490	5	10
694154	7	694153	2	9
694159	2	694158	1	3
694162	1	213503	2	3
694169	3	694168	1	4
694171	1	694170	1	2
694177	2	694176	4	6
694189	5	694188	2	7
694209	1	694208	5	6
694211	4	694210	13	17
694216	1	694215	2	3
694221	3	694220	1	4
694224	1	213553	2	3
694227	1	694226	4	5
694234	1	213554	4	5
694250	4	694249	2	6
694257	3	694256	3	6
694259	1	694258	1	2
694260	2	213575	2	4
694263	1	694262	3	4
694279	1	694278	1	2
694282	4	694281	1	5
694310	1	694309	2	3
694313	9	694312	4	13
694315	3	694314	1	4
694320	5	694319	5	10
694326	3	694325	7	10
694341	4	213628	2	6
694346	2	694345	1	3
694351	4	694350	5	9
694359	2	694358	5	7
694363	8	694362	4	12
694367	4	694366	4	8
694373	1	694372	2	3
694376	1	694375	2	3
694385	1	694384	1	2
694390	2	694389	4	6
694392	5	694391	2	7
694397	1	694396	3	4
694403	3	694402	1	4
694406	1	694405	1	2
694410	5	213649	1	6
694423	1	694422	1	2
694428	1	694427	1	2
694437	1	694436	2	3
694449	2	694448	5	7
694452	4	694451	6	10
694458	4	694457	1	5
694476	2	694475	1	3
694482	1	941455	5	6
694484	2	694483	2	4
694492	3	694491	2	5
694500	3	694499	2	5
694506	1	694505	1	2
694520	2	213717	2	4
694530	1	694529	1	2
694547	2	694546	1	3
694551	9	694550	1	10
694562	1	213746	1	2
694570	5	694569	3	8
694594	2	694593	2	4
694597	2	694596	1	3
694623	1	694622	2	3
694633	9	213801	3	12
694652	4	941521	1	5
694668	1	694667	4	5
694676	5	694675	1	6
694682	2	694681	1	3
694684	5	694683	2	7
694694	4	694693	2	6
694696	2	213883	2	4
694698	4	694697	1	5
694701	1	694700	1	2
694706	1	694705	1	2
694709	1	694708	2	3
694716	6	694715	2	8
694718	2	694717	1	3
694722	5	694721	4	9
694729	2	694728	3	5
694733	1	694732	2	3
694740	5	213897	2	7
694763	1	694762	2	3
694765	3	694764	1	4
694768	2	694767	3	5
694772	4	694771	2	6
694788	2	694787	3	5
694799	30	694798	7	37
694807	6	694806	4	10
694810	2	694809	6	8
694813	4	694812	4	8
694822	1	694821	3	4
694826	2	694825	2	4
694830	1	694829	3	4
694834	5	694833	1	6
694835	2	213944	1	3
694841	6	694840	2	8
694844	5	694843	2	7
694851	1	694850	1	2
694853	5	694852	1	6
694858	8	694857	1	9
694860	3	694859	1	4
694862	6	694861	2	8
694872	5	694871	2	7
694874	3	694873	2	5
694876	1	694875	6	7
694881	1	694880	1	2
694890	16	694889	3	19
694899	5	694898	5	10
694903	7	694902	9	16
694911	2	694910	10	12
694916	2	694915	7	9
694921	2	694920	2	4
694927	4	694926	2	6
694952	1	694951	2	3
694970	2	694969	2	4
694973	1	694972	1	2
694983	3	694982	9	12
695022	1	695021	2	3
695035	1	695034	1	2
695037	1	695036	1	2
695054	1	695053	1	2
695056	1	695055	1	2
695063	1	695062	2	3
695068	1	214061	1	2
695090	3	695089	1	4
695093	7	695092	22	29
695104	1	695103	2	3
695108	2	695107	4	6
695125	5	695124	1	6
695127	19	695126	1	20
695137	6	695136	9	15
695142	3	347157	4	7
695157	1	695156	1	2
695159	6	695158	4	10
695169	5	1087725	1	6
695171	1	695170	2	3
695178	11	695177	3	14
695181	13	695180	3	16
695183	2	347165	7	9
695189	3	214121	3	6
695208	8	347171	3	11
695212	2	695211	3	5
695225	2	695224	2	4
695229	1	695228	3	4
695237	1	695236	2	3
695242	1	695241	2	3
695261	1	695260	1	2
695275	1	695274	2	3
695284	6	695283	5	11
695288	2	695287	2	4
695294	3	695293	5	8
695300	5	214168	7	12
695304	1	695303	1	2
695309	2	695308	7	9
695311	9	695310	1	10
695316	4	695315	1	5
695317	1	214169	3	4
695331	2	695330	1	3
695334	4	695333	1	5
695355	4	695354	2	6
695359	2	695358	3	5
695362	2	695361	3	5
695366	1	695365	4	5
695369	2	695368	3	5
695390	2	695389	1	3
695420	2	695419	2	4
695432	30	695431	2	32
695460	4	695459	9	13
695463	1	695462	1	2
695465	11	695464	6	17
695474	1	347214	1	2
695518	12	695517	3	15
695523	6	695522	4	10
695533	5	695532	1	6
695537	2	695536	1	3
695577	2	214266	1	3
695585	2	695584	8	10
695587	6	214271	1	7
695594	23	695593	2	25
695606	1	695605	1	2
695614	2	695613	2	4
695617	1	695616	11	12
695619	5	695618	1	6
695631	4	695630	2	6
695637	1	347232	1	2
695643	2	695642	1	3
695648	1	695647	3	4
695668	1	695667	2	3
695670	2	695669	1	3
695672	1	695671	2	3
695681	2	695680	2	4
695685	1	214323	1	2
695690	1	695689	2	3
695698	2	695697	1	3
695701	4	695700	1	5
695710	2	695709	5	7
695722	8	695721	6	14
695724	1	695723	3	4
695726	9	695725	4	13
695729	5	695728	2	7
695731	2	695730	3	5
695734	1	695733	1	2
695736	1	695735	4	5
695740	1	695739	2	3
695742	4	695741	1	5
695746	2	695745	1	3
695765	1	695764	2	3
695772	4	695771	1	5
695786	1	695785	1	2
695791	2	695790	2	4
695799	3	695798	3	6
695801	1	695800	3	4
695803	3	695802	6	9
695805	2	695804	1	3
695808	1	695807	1	2
695810	3	695809	1	4
695818	1	695817	1	2
695856	1	695855	6	7
695876	2	695875	1	3
695892	2	695891	4	6
695900	5	695899	2	7
695904	1	695903	1	2
695907	5	695906	3	8
695909	3	695908	1	4
695916	4	695915	9	13
695918	3	695917	1	4
695923	5	695922	4	9
695928	1	695927	1	2
695944	2	695943	1	3
695959	2	695958	1	3
695960	1	214486	1	2
695977	1	695976	2	3
695993	10	695992	6	16
695999	11	695998	4	15
696008	3	696007	1	4
696039	2	696038	1	3
696053	4	696052	1	5
696055	1	696054	2	3
696056	1	214523	2	3
696060	1	696059	2	3
696062	3	696061	1	4
696079	5	696078	4	9
696083	1	942004	1	2
696095	4	696094	6	10
696097	3	696096	1	4
696104	3	696103	4	7
696113	3	696112	2	5
696125	1	696124	1	2
696131	1	696130	6	7
696133	4	214573	7	11
696135	1	696134	5	6
696139	23	696138	1	24
696143	2	214583	5	7
696148	4	696147	11	15
696158	3	696157	3	6
696163	4	696162	3	7
696172	3	696171	4	7
696179	2	696178	3	5
696182	5	696181	4	9
696186	1	696185	3	4
696196	1	696195	8	9
696208	1	696207	2	3
696216	4	696215	3	7
696223	6	696222	2	8
696233	5	696232	3	8
696239	4	696238	6	10
696249	2	696248	2	4
696253	2	696252	2	4
696265	3	696264	1	4
696278	1	696277	7	8
696281	1	696280	4	5
696298	1	942097	5	6
696301	1	214681	2	3
696306	2	696305	3	5
696311	3	696310	2	5
696315	2	696314	2	4
696326	3	696325	3	6
696329	2	696328	2	4
696332	1	696331	2	3
696335	3	696334	2	5
696338	3	696337	7	10
696340	3	696339	12	15
696341	3	347315	3	6
696375	4	696374	2	6
696381	3	696380	5	8
696390	1	696389	5	6
696392	3	696391	5	8
696394	3	696393	4	7
696412	2	696411	4	6
696418	2	696417	1	3
696423	3	696422	1	4
696434	1	696433	1	2
696442	4	214778	2	6
696447	5	942159	10	15
696457	3	696456	1	4
696481	2	696480	1	3
696485	14	214805	2	16
696489	2	696488	1	3
696494	10	696493	6	16
696506	2	696505	2	4
696508	7	942188	9	16
696510	3	214823	2	5
696512	9	696511	3	12
696523	1	696522	6	7
696527	1	696526	3	4
696529	10	696528	5	15
696530	3	347346	2	5
696555	4	347348	3	7
696563	8	696562	6	14
696568	3	696567	5	8
696571	7	696570	6	13
696575	2	696574	1	3
696577	1	696576	7	8
696581	5	696580	3	8
696592	6	942214	3	9
696594	1	696593	2	3
696602	1	696601	1	2
696606	14	696605	1	15
696611	7	696610	4	11
696618	4	696617	11	15
696621	3	696620	2	5
696636	4	347354	15	19
696639	5	696638	10	15
696641	1	214885	3	4
696650	1	696649	5	6
696658	4	696657	5	9
696664	1	696663	2	3
696676	2	696675	1	3
696683	5	696682	5	10
696691	2	696690	2	4
696701	3	696700	19	22
696704	2	214933	1	3
696709	2	696708	2	4
696710	6	942250	3	9
696715	3	696714	3	6
696718	2	696717	11	13
696725	3	696724	2	5
696728	12	696727	8	20
696745	2	696744	3	5
696749	5	696748	1	6
696751	3	696750	3	6
696753	3	696752	2	5
696758	12	696757	1	13
696765	2	696764	3	5
696768	7	696767	4	11
696770	9	696769	16	25
696773	2	696772	4	6
696775	1	696774	1	2
696777	2	696776	1	3
696788	2	696787	1	3
696790	3	696789	1	4
696792	2	696791	1	3
696798	4	696797	3	7
696807	7	214999	6	13
696814	2	215000	1	3
696816	4	696815	4	8
696821	4	696820	2	6
696823	2	696822	5	7
696826	5	696825	2	7
696857	6	696856	7	13
696862	3	696861	1	4
696865	2	696864	2	4
696868	1	696867	1	2
696871	1	696870	6	7
696884	5	696883	2	7
696886	2	696885	1	3
696890	2	696889	4	6
696895	2	942312	2	4
696926	1	696925	2	3
696927	6	215086	2	8
696929	7	942332	2	9
696934	3	696933	1	4
696939	2	696938	1	3
696944	6	696943	2	8
696960	6	696959	1	7
696981	1	215129	7	8
696985	4	215131	1	5
696992	2	942365	5	7
696993	4	215132	1	5
697003	5	697002	2	7
697006	1	215136	1	2
697008	8	697007	7	15
697019	1	697018	2	3
697026	1	697025	1	2
697030	4	347425	1	5
697041	1	215161	3	4
697047	9	697046	4	13
697053	2	697052	2	4
697057	4	697056	5	9
697064	12	697063	6	18
697069	4	697068	4	8
697077	3	697076	4	7
697079	5	215183	4	9
697082	6	697081	2	8
697100	1	697099	5	6
697104	8	697103	5	13
697108	4	697107	2	6
697114	3	697113	2	5
697116	24	697115	6	30
697119	2	697118	4	6
697128	1	697127	1	2
697139	1	697138	3	4
697144	5	347440	1	6
697146	2	697145	1	3
697156	4	697155	5	9
697159	3	697158	3	6
697163	3	697162	1	4
697168	9	697167	8	17
697173	2	697172	3	5
697181	2	697180	1	3
697183	3	697182	1	4
697186	2	697185	2	4
697205	6	697204	2	8
697221	1	347460	1	2
697232	2	697231	3	5
697237	3	942453	5	8
697247	2	697246	6	8
697249	9	697248	4	13
697251	3	697250	2	5
697254	6	697253	3	9
697256	2	697255	1	3
697257	6	215315	1	7
697260	3	697259	1	4
697262	4	697261	2	6
697273	3	697272	3	6
697277	4	697276	1	5
697287	2	215334	5	7
697295	5	697294	3	8
697305	6	697304	2	8
697313	3	697312	6	9
697333	2	697332	5	7
697336	6	697335	4	10
697340	3	697339	1	4
697356	2	697355	4	6
697368	2	697367	3	5
697374	5	697373	6	11
697378	3	215408	2	5
697380	2	697379	3	5
697386	2	697385	4	6
697388	1	215423	2	3
697392	2	697391	3	5
697397	8	697396	8	16
697430	1	215507	1	2
697439	4	697438	1	5
697467	1	215570	3	4
697470	1	697469	2	3
697489	1	697488	1	2
697498	2	697497	1	3
697519	6	697518	1	7
697520	10	347548	4	14
697523	3	697522	6	9
697535	3	697534	4	7
697537	4	697536	8	12
697539	5	215651	2	7
697541	5	215659	2	7
697547	11	697546	4	15
697551	6	215667	2	8
697557	3	347558	2	5
697564	4	697563	1	5
697568	4	697567	4	8
697582	2	697581	15	17
697584	5	697583	3	8
697597	4	697596	3	7
697605	1	697604	2	3
697613	8	697612	6	14
697616	2	215717	2	4
697622	5	697621	7	12
697626	6	215722	4	10
697632	2	697631	11	13
697639	1	697638	4	5
697653	4	697652	1	5
697657	2	697656	3	5
697683	4	697682	5	9
697685	7	697684	5	12
697688	3	697687	5	8
697692	4	697691	6	10
697697	1	697696	1	2
697699	5	697698	5	10
697702	1	697701	3	4
697704	4	697703	1	5
697727	3	697726	1	4
697730	5	697729	3	8
697747	3	697746	10	13
697758	4	697757	2	6
697761	1	697760	1	2
697763	1	942646	2	3
697771	6	697770	100	106
697774	3	697773	3	6
697776	3	697775	2	5
697789	4	697788	3	7
697797	2	697796	5	7
697799	2	697798	4	6
697805	4	215855	3	7
697812	8	942654	5	13
697815	2	215864	3	5
697823	1	697822	2	3
697825	1	215877	1	2
697830	2	697829	5	7
697833	1	697832	8	9
697836	5	697835	2	7
697838	5	697837	2	7
697841	2	697840	1	3
697851	5	215886	8	13
697858	7	697857	3	10
697861	3	942670	4	7
697869	1	942675	1	2
697874	1	697873	4	5
697878	4	697877	7	11
697880	4	697879	6	10
697883	12	697882	10	22
697909	4	697908	4	8
697913	5	697912	4	9
697916	7	697915	7	14
697918	7	697917	3	10
697933	3	697932	3	6
697936	1	697935	7	8
697940	4	697939	3	7
697943	2	697942	2	4
697967	11	697966	11	22
697969	6	697968	3	9
697972	4	697971	5	9
697976	6	697975	3	9
697980	3	697979	2	5
697982	3	697981	2	5
698003	1	698002	13	14
698019	6	698018	3	9
698025	3	698024	3	6
698028	7	698027	4	11
698036	7	698035	3	10
698038	3	347659	2	5
698040	4	698039	4	8
698053	3	698052	13	16
698058	2	698057	4	6
698060	5	698059	6	11
698064	8	698063	2	10
698094	2	698093	9	11
698096	1	698095	7	8
698103	1	698102	6	7
698113	1	698112	5	6
698116	1	698115	3	4
698122	7	698121	1	8
698125	1	698124	5	6
698132	3	698131	5	8
698147	8	698146	9	17
698169	1	698168	6	7
698173	2	698172	7	9
698184	3	698183	3	6
698190	1	698189	9	10
698198	2	942777	3	5
698201	1	698200	5	6
698203	3	698202	4	7
698215	1	698214	1	2
698230	1	698229	14	15
698232	2	698231	2	4
698233	4	347695	1	5
698234	3	216148	4	7
698236	2	216151	3	5
698239	4	698238	2	6
698241	3	698240	3	6
698244	2	698243	3	5
698253	3	698252	1	4
698258	2	698257	1	3
698262	2	698260	9	11
698264	5	698263	13	18
698269	3	698268	2	5
698272	3	698271	3	6
698284	4	698283	11	15
698296	1	698295	1	2
698307	6	698306	10	16
698316	34	698315	19	53
698327	2	698326	3	5
698344	7	698343	5	12
698347	4	698346	6	10
698350	10	698349	2	12
698356	3	698355	1	4
698358	2	698357	2	4
698380	1	698379	1	2
698383	5	698382	6	11
698387	5	698386	5	10
698392	6	216227	1	7
698425	1	698424	2	3
698459	2	698458	4	6
698462	1	698461	3	4
698472	1	698471	2	3
698475	1	698474	1	2
698478	1	698477	6	7
698486	2	698485	2	4
698490	1	698489	3	4
698493	1	698492	1	2
698496	5	698495	6	11
698505	1	698504	1	2
698508	1	698507	3	4
698511	1	698510	5	6
698514	3	698513	2	5
698528	3	698527	2	5
698530	2	698529	3	5
698535	4	698534	2	6
698539	5	698538	1	6
698548	3	698547	3	6
698550	4	347750	2	6
698552	5	942887	2	7
698556	5	698555	6	11
698558	1	347752	6	7
698561	1	698560	2	3
698563	9	698562	2	11
698566	1	698565	4	5
698568	2	698567	4	6
698580	5	698579	4	9
698583	1	698582	2	3
698595	1	698594	6	7
698599	6	216395	6	12
698607	1	216405	3	4
698619	2	698618	2	4
698623	2	698622	6	8
698630	6	698629	3	9
698634	6	698633	4	10
698637	3	698636	2	5
698641	2	698640	5	7
698645	14	698644	5	19
698648	2	698647	1	3
698653	5	698652	43	48
698655	1	698654	5	6
698660	4	698659	8	12
698669	4	698668	13	17
698679	1	698678	4	5
698682	5	698681	5	10
698686	4	698685	1	5
698702	5	698701	1	6
698710	1	942929	11	12
698716	3	698715	3	6
698723	5	698722	9	14
698730	5	698729	10	15
698733	4	698732	5	9
698742	8	942940	6	14
698747	6	698746	5	11
698749	5	698748	5	10
698752	1	698751	3	4
698755	7	698754	2	9
698757	8	698756	1	9
698764	2	698763	2	4
698768	6	698767	5	11
698783	1	698782	2	3
698785	3	698784	1	4
698798	4	698797	4	8
698801	2	698800	5	7
698823	3	216530	3	6
698830	1	698829	2	3
698834	14	698833	20	34
698838	2	216548	1	3
698847	12	698846	2	14
698855	8	698854	6	14
698857	2	698856	1	3
698865	2	698864	1	3
698867	13	698866	3	16
698880	1	698878	1	2
698883	4	698882	5	9
698885	14	347805	7	21
698888	21	698887	8	29
698896	12	216591	1	13
698921	12	698920	1	13
698929	4	698928	5	9
698932	4	698931	4	8
698936	6	698935	11	17
698945	5	698944	20	25
698947	6	698946	14	20
698951	6	698950	4	10
698956	3	698955	7	10
698959	3	698958	7	10
698961	3	698960	5	8
698965	4	698964	2	6
698986	2	698985	4	6
698997	4	698996	5	9
699008	5	699007	11	16
699014	8	216645	5	13
699016	5	699015	5	10
699018	1	699017	1	2
699026	3	699025	3	6
699041	5	699040	2	7
699047	4	699046	7	11
699049	1	699048	3	4
699055	4	699054	3	7
699059	4	699058	5	9
699068	4	699067	2	6
699072	5	699071	4	9
699084	6	699083	3	9
699088	4	699087	4	8
699099	3	699098	5	8
699102	1	216724	1	2
699105	4	216726	4	8
699108	1	699107	1	2
699110	13	699109	4	17
699120	10	699119	4	14
699147	6	699146	5	11
699155	1	699154	1	2
699157	4	699156	6	10
699161	3	943103	16	19
699174	1	699173	4	5
699182	5	699181	5	10
699184	5	699183	2	7
699204	2	699203	5	7
699210	7	699209	2	9
699213	2	699212	4	6
699217	1	699216	5	6
699220	3	699219	5	8
699221	2	347853	2	4
699229	3	943131	24	27
699232	3	699231	2	5
699235	1	216812	2	3
699253	2	699252	1	3
699256	2	699255	1	3
699259	3	699258	21	24
699261	1	699260	2	3
699263	2	699262	3	5
699284	3	699283	1	4
699301	2	699300	8	10
699305	4	699302	1	5
699322	1	699321	3	4
699325	3	699324	1	4
699331	1	699330	2	3
699344	2	699343	1	3
699352	3	347881	1	4
699363	2	699362	1	3
699406	2	699405	1	3
699409	6	699408	8	14
699413	2	699412	5	7
699431	1	699430	9	10
699450	2	699449	8	10
699507	5	699506	2	7
699514	1	217073	2	3
699521	2	699520	1	3
699523	2	699522	1	3
699535	4	699534	6	10
699536	1	217097	1	2
699538	9	699537	3	12
699554	3	699553	2	5
699557	1	699556	1	2
699568	3	699567	1	4
699571	2	699570	2	4
699589	10	699588	8	18
699601	6	699600	5	11
699604	1	699603	1	2
699609	4	699608	1	5
699625	6	699624	15	21
699638	1	699637	1	2
699645	2	699644	1	3
699660	1	699659	2	3
699765	4	699764	2	6
699777	1	699776	1	2
699802	1	699801	2	3
699805	2	699804	2	4
699820	2	217387	1	3
699824	1	699823	1	2
699837	2	217408	4	6
699844	101	699843	2	103
699861	8	699860	1	9
699864	4	699863	8	12
699887	4	217486	1	5
699889	2	217488	1	3
699895	8	217489	3	11
699904	1	699903	2	3
699906	3	217496	1	4
699913	4	699912	5	9
699916	1	699915	1	2
699928	1	348049	1	2
699929	2	217531	1	3
699932	2	699931	2	4
699936	1	699935	1	2
699941	1	699940	3	4
699945	1	699944	1	2
699997	4	699996	2	6
700002	2	700001	5	7
700017	4	348071	1	5
700022	3	700021	3	6
700025	3	700024	1	4
700050	3	700049	10	13
700057	1	700056	1	2
700085	1	700084	1	2
700111	1	943507	9	10
700119	6	700118	1	7
700129	1	217721	2	3
700140	1	700139	34	35
700175	31	700174	2	33
700185	1	700184	1	2
700197	1	700196	3	4
700210	1	700209	1	2
700221	1	700220	4	5
700224	6	700223	4	10
700244	4	700243	4	8
700271	1	700270	1	2
700277	4	217859	4	8
700285	1	700284	1	2
700293	5	700292	2	7
700306	1	700305	3	4
700329	1	943590	1	2
700337	1	700336	1	2
700413	1	700412	1	2
700447	2	700446	5	7
700449	1	700448	1	2
700460	1	700459	5	6
700485	8	700484	6	14
700488	1	700487	2	3
700500	2	700499	1	3
700507	1	218043	1	2
700585	2	700584	19	21
700612	1	700611	1	2
700628	1	700627	11	12
700635	1	700634	1	2
700659	2	700658	1	3
700676	1	700675	5	6
700730	13	700729	11	24
700758	1	700757	1	2
700819	4	218324	4	8
700876	3	700875	3	6
700886	8	218397	3	11
700897	3	700896	1	4
700913	2	700912	5	7
700949	1	700948	2	3
700991	2	700990	10	12
701011	1	701010	2	3
701016	1	701015	1	2
701027	12	701026	5	17
701067	5	701066	8	13
701125	1	701124	2	3
701241	2	701240	1	3
701247	5	701246	6	11
701266	5	701265	2	7
701279	1	701278	1	2
701308	2	701307	2	4
701323	2	943948	1	3
701365	2	701364	9	11
701368	10	701367	1	11
701388	10	701387	2	12
701420	1	701419	1	2
701477	1	701476	29	30
701504	1	701503	1	2
701512	1	701511	5	6
701615	1	701614	1	2
701617	1	701616	3	4
701628	1	701627	12	13
701633	1	701632	1	2
701637	2	218946	25	27
701647	2	701646	1	3
701670	2	701669	1	3
701673	2	218974	1	3
701686	1	701685	1	2
701694	2	701693	2	4
701702	1	701701	1	2
701766	1	701765	1	2
701785	2	701784	1	3
701889	9	701888	5	14
701953	2	219298	1	3
701977	2	701976	1	3
701983	7	701982	7	14
701998	3	701997	14	17
702020	1	702019	2	3
702027	23	702025	8	31
702032	4	702031	2	6
702039	3	702038	21	24
702044	1	702043	17	18
702045	3	219337	2	5
702055	1	702054	2	3
702068	2	702067	1	3
702071	1	702070	1	2
702078	1	702077	2	3
702102	2	702101	1	3
702104	1	702103	1	2
702119	1	348552	1	2
702220	3	702219	8	11
702256	3	702255	8	11
702304	1	702303	1	2
702311	3	702310	2	5
702313	12	702312	2	14
702321	1	702320	1	2
702333	9	702332	3	12
702338	13	702337	7	20
702345	6	348602	4	10
702368	3	702367	2	5
702370	3	702369	1	4
702398	2	702397	1	3
702406	3	219599	2	5
702410	3	702409	4	7
702417	5	702416	1	6
702422	1	702421	4	5
702433	19	944383	8	27
702436	3	702435	1	4
702449	2	219642	4	6
702453	4	702452	10	14
702455	1	219645	4	5
702465	4	702464	10	14
702469	2	702468	1	3
702480	6	702479	2	8
702490	3	219667	1	4
702496	10	702495	5	15
702526	2	702525	1	3
702546	4	702545	2	6
702557	2	702556	3	5
702565	1	702564	3	4
702576	6	702575	3	9
702581	1	702580	2	3
702589	2	702588	4	6
702592	1	702591	3	4
702595	4	702594	11	15
702603	1	702602	1	2
702607	4	702606	6	10
702609	5	702608	4	9
702610	2	219771	1	3
702617	4	702616	11	15
702621	2	702620	3	5
702635	3	702634	6	9
702640	9	702639	9	18
702644	13	702643	11	24
702694	1	702693	2	3
702704	4	702703	10	14
702708	1	702707	1	2
702710	2	702709	2	4
702715	1	702714	2	3
702723	1	702722	2	3
702733	2	702732	2	4
702746	1	348685	2	3
702753	2	702752	1	3
702769	8	702768	4	12
702774	2	702773	2	4
702779	2	702778	3	5
702781	1	348698	5	6
702789	1	219946	4	5
702794	7	702793	5	12
702803	3	348707	1	4
702806	5	702805	1	6
702812	2	702811	5	7
702820	2	702819	2	4
702823	5	702822	10	15
702826	5	702825	2	7
702834	2	702833	7	9
702837	7	702836	5	12
702844	2	702843	1	3
702847	2	702846	1	3
702856	4	219991	3	7
702865	2	702864	2	4
702879	1	702878	2	3
702895	8	702894	5	13
702908	1	220053	1	2
702915	2	702914	2	4
702919	1	702918	2	3
702923	2	702922	1	3
702928	1	702927	2	3
702934	12	702933	13	25
702937	1	702936	3	4
702939	8	702938	1	9
702948	12	702947	3	15
702953	2	944553	3	5
702960	1	702959	3	4
702964	1	702963	2	3
702976	4	702975	7	11
702983	4	702982	6	10
702985	1	702984	5	6
702986	3	220108	1	4
702989	1	702988	2	3
702999	1	702998	1	2
703009	5	703008	6	11
703017	3	703016	7	10
703030	1	703029	3	4
703040	2	703038	2	4
703046	1	703045	1	2
703051	6	703050	1	7
703054	2	703053	2	4
703058	3	703057	2	5
703063	3	703062	5	8
703065	19	703064	1	20
703068	1	703067	3	4
703071	1	703070	1	2
703087	1	703086	2	3
703097	16	220209	4	20
703105	1	703104	2	3
703109	1	703108	3	4
703116	1	703115	2	3
703133	2	220247	1	3
703138	1	703137	4	5
703146	2	703145	2	4
703150	1	703149	1	2
703153	2	703152	1	3
703158	4	220265	1	5
703160	6	703159	5	11
703168	3	944643	1	4
703173	1	220270	1	2
703175	6	703174	3	9
703230	1	703229	1	2
703252	27	348801	14	41
703261	34	703260	15	49
703272	1	703271	1	2
703276	3	703275	4	7
703278	4	703277	3	7
703282	4	220416	1	5
703286	5	703285	3	8
703308	4	703307	10	14
703314	1	703313	1	2
703318	2	703317	3	5
703320	5	703319	9	14
703328	1	220459	1	2
703334	5	703333	1	6
703345	16	703344	2	18
703352	4	703351	6	10
703361	1	703360	2	3
703376	3	703375	1	4
703383	2	703382	2	4
703390	3	220505	1	4
703407	1	703406	2	3
703411	4	703410	2	6
703418	2	703417	2	4
703422	9	703421	3	12
703424	5	703423	10	15
703428	7	703427	3	10
703432	3	703431	2	5
703455	7	703454	2	9
703457	4	348841	7	11
703460	4	703459	10	14
703464	3	703463	8	11
703474	3	703473	1	4
703480	2	703479	1	3
703485	4	703484	5	9
703488	7	703487	5	12
703498	9	703497	7	16
703500	1	703499	6	7
703510	4	220598	2	6
703526	1	703525	2	3
703528	3	703527	4	7
703531	2	703530	1	3
703536	12	703535	1	13
703540	4	703539	1	5
703542	4	703541	5	9
703545	9	703544	1	10
703549	1	703548	3	4
703564	5	703563	9	14
703582	6	703581	2	8
703584	1	703583	1	2
703589	2	703588	4	6
703591	3	703590	1	4
703601	1	703600	2	3
703608	20	703607	6	26
703619	4	703618	2	6
703624	3	703623	2	5
703633	2	703632	1	3
703639	2	703638	5	7
703646	3	703645	3	6
703648	4	703647	2	6
703664	4	944855	4	8
703666	3	703665	2	5
703685	2	703684	2	4
703691	1	703690	1	2
703709	4	703708	5	9
703715	2	703714	5	7
703726	1	703725	1	2
703728	4	703727	7	11
703735	4	703734	10	14
703739	2	703738	4	6
703742	4	703741	5	9
703745	4	703744	2	6
703754	2	703753	1	3
703760	1	220757	1	2
703763	4	703762	2	6
703766	5	703765	5	10
703775	1	703774	1	2
703794	3	220803	2	5
703801	2	220814	4	6
703804	15	703803	4	19
703806	3	703805	5	8
703812	2	703811	8	10
703818	1	703817	2	3
703825	2	703824	3	5
703829	10	703828	5	15
703833	5	703832	3	8
703838	6	703837	2	8
703844	2	703843	1	3
703848	2	703847	5	7
703851	2	703850	2	4
703853	6	703852	4	10
703891	4	703890	2	6
703899	1	703898	2	3
703906	3	703905	2	5
703912	3	944944	2	5
703934	1	703933	2	3
703937	1	703936	2	3
703941	1	703940	1	2
703951	3	703950	4	7
703955	3	703954	4	7
703961	3	703960	1	4
703964	5	703963	4	9
703967	3	220917	1	4
703981	2	220922	3	5
703987	1	703986	2	3
703988	1	348925	1	2
703992	7	348926	2	9
704007	5	704006	2	7
704008	11	220937	3	14
704019	1	704018	2	3
704023	3	704022	2	5
704032	2	704031	5	7
704044	1	704043	3	4
704060	4	704059	11	15
704063	2	704062	4	6
704066	3	704065	3	6
704077	10	704076	12	22
704091	6	704090	5	11
704099	3	704098	2	5
704107	1	704106	1	2
704123	2	704122	7	9
704125	1	704124	3	4
704130	15	704129	5	20
704136	2	704135	2	4
704139	2	220994	2	4
704155	3	704154	5	8
704163	5	704162	8	13
704174	5	704173	3	8
704194	4	704193	1	5
704198	6	704197	4	10
704208	3	704207	11	14
704224	2	704223	2	4
704232	3	704231	4	7
704250	4	704249	7	11
704258	6	704257	7	13
704276	3	704275	4	7
704281	1	704280	3	4
704286	3	704285	5	8
704291	5	704290	3	8
704297	10	704296	1	11
704305	2	704304	2	4
704323	4	704322	1	5
704325	1	704324	4	5
704327	2	704326	4	6
704330	1	221121	2	3
704335	2	704334	2	4
704338	2	704337	6	8
704340	1	704339	12	13
704344	5	704343	2	7
704347	5	704346	4	9
704357	3	221137	1	4
704382	2	704381	1	3
704386	3	704385	7	10
704387	2	945113	7	9
704400	5	704399	5	10
704415	1	704414	6	7
704417	7	704416	2	9
704424	3	704423	2	5
704432	5	704431	4	9
704436	4	704435	2	6
704444	3	704443	4	7
704447	5	704446	1	6
704450	2	221240	2	4
704455	2	221246	1	3
704457	12	704456	3	15
704476	1	704475	1	2
704481	1	704480	1	2
704483	5	704482	6	11
704485	2	704484	2	4
704487	3	704486	1	4
704504	1	704503	2	3
704506	3	704505	6	9
704514	1	704513	2	3
704521	1	704520	2	3
704529	3	704528	2	5
704532	12	704531	6	18
704539	6	221330	7	13
704541	4	704540	5	9
704548	1	704547	1	2
704555	4	704554	3	7
704576	21	704575	3	24
704581	1	704580	1	2
704592	1	704591	3	4
704595	2	704594	2	4
704599	1	221376	3	4
704602	9	221381	2	11
704606	3	221385	5	8
704612	3	221389	1	4
704624	1	704623	1	2
704628	2	704627	1	3
704638	4	704637	1	5
704640	3	704639	1	4
704647	2	704646	2	4
704680	5	221414	1	6
704684	7	704683	4	11
704697	2	704696	1	3
704707	23	704706	2	25
704722	4	704721	8	12
704737	13	704736	1	14
704739	5	704738	9	14
704741	7	704740	4	11
704743	8	704742	7	15
704753	6	704752	2	8
704757	2	704755	11	13
704769	3	704768	7	10
704777	1	704776	11	12
704779	4	704778	5	9
704784	5	704783	4	9
704791	6	704790	3	9
704808	8	704807	4	12
704816	6	704815	6	12
704827	5	704826	7	12
704829	6	704828	5	11
704831	4	704830	7	11
704834	7	704833	3	10
704838	2	704837	6	8
704841	6	704840	8	14
704844	2	704843	7	9
704850	2	704849	1	3
704852	2	704851	1	3
704856	6	704855	29	35
704861	8	704860	5	13
704868	3	704867	7	10
704871	4	704870	7	11
704873	4	704872	7	11
704878	2	221520	2	4
704882	7	221521	12	19
704884	8	704883	2	10
704887	3	704886	5	8
704896	1	704895	19	20
704899	5	704898	5	10
704904	2	704903	6	8
704908	8	704907	9	17
704911	9	704910	2	11
704913	4	704912	5	9
704925	5	704924	5	10
704931	6	704930	2	8
704946	1	704945	2	3
704948	3	704947	12	15
704955	3	704954	3	6
704956	12	945361	4	16
704964	8	704963	5	13
704979	2	945376	5	7
704987	2	704986	4	6
704992	1	704991	7	8
705002	4	705001	3	7
705004	2	705003	14	16
705007	7	705006	6	13
705014	9	945391	2	11
705018	7	705017	4	11
705022	4	705021	11	15
705035	1	705034	3	4
705046	2	705045	1	3
705053	2	705052	7	9
705061	2	705060	7	9
705063	1	705062	2	3
705073	6	705072	3	9
705095	4	705094	4	8
705097	5	705096	6	11
705104	9	705103	1	10
705109	14	705108	6	20
705120	3	705119	1	4
705122	5	705121	3	8
705138	1	349093	3	4
705139	1	349094	3	4
705141	2	705140	4	6
705143	1	705142	3	4
705146	1	705145	4	5
705148	4	705147	8	12
705156	7	705155	2	9
705161	8	705160	5	13
705164	6	705163	4	10
705175	5	705174	3	8
705177	2	221660	1	3
705180	3	705179	2	5
705183	4	705181	2	6
705187	2	705186	7	9
705196	3	705195	4	7
705209	2	705208	6	8
705212	1	705211	2	3
705214	5	705213	9	14
705222	4	705221	5	9
705230	6	705229	5	11
705239	6	705238	19	25
705243	6	705242	1	7
705248	13	349115	2	15
705256	4	705255	3	7
705258	2	705257	5	7
705261	7	705260	4	11
705266	5	705265	4	9
705272	3	221721	2	5
705274	20	705273	2	22
705279	3	705278	2	5
705281	5	945481	6	11
705292	5	705291	5	10
705294	1	705293	1	2
705296	2	705295	4	6
705303	6	705302	8	14
705324	2	705323	9	11
705329	3	705328	11	14
705334	12	705333	6	18
705338	4	705337	4	8
705345	6	705344	3	9
705358	8	705357	5	13
705362	4	705361	3	7
705396	1	705395	7	8
705398	3	705397	2	5
705400	1	705399	2	3
705407	3	705406	1	4
705422	4	705421	4	8
705427	3	705426	2	5
705432	2	705431	1	3
705446	3	221848	5	8
705457	5	705456	5	10
705462	5	705461	4	9
705467	3	705466	5	8
705469	4	705468	6	10
705475	4	705474	2	6
705489	4	705488	7	11
705492	8	705491	15	23
705503	5	705502	3	8
705515	2	705514	7	9
705546	2	705545	4	6
705555	2	945612	3	5
705557	3	705556	5	8
705567	8	705566	3	11
705573	1	705572	1	2
705576	3	221943	3	6
705586	5	221951	2	7
705596	2	705595	3	5
705606	4	705605	1	5
705610	5	705609	5	10
705615	6	705614	3	9
705619	8	705618	5	13
705622	3	705621	2	5
705633	3	705632	2	5
705635	7	705634	7	14
705637	7	705636	5	12
705655	1	705654	2	3
705660	3	705659	8	11
705663	10	705662	6	16
705664	12	222010	4	16
705672	4	705671	3	7
705673	3	945653	2	5
705681	2	705680	1	3
705684	9	705683	3	12
705688	2	705687	3	5
705700	2	705699	3	5
705702	2	705701	7	9
705709	5	705708	3	8
705711	3	705710	8	11
705730	2	705729	7	9
705732	11	705731	2	13
705737	8	705736	6	14
705743	5	705742	2	7
705749	1	705748	1	2
705755	2	705754	9	11
705760	4	705759	9	13
705761	2	222055	8	10
705766	5	705765	1	6
705788	6	705787	7	13
705799	4	222062	2	6
705802	3	705801	4	7
705813	6	705812	10	16
705825	3	705824	4	7
705828	5	705827	6	11
705838	6	222073	4	10
705846	5	705845	9	14
705851	5	705850	8	13
705862	10	705861	9	19
705866	9	705865	4	13
705868	2	705867	7	9
705872	1	705871	2	3
705874	5	705873	2	7
705881	8	705880	3	11
705892	9	705891	4	13
705896	1	705895	10	11
705911	6	705910	19	25
705920	7	705919	4	11
705926	11	705925	2	13
705934	5	222143	1	6
705943	4	705942	4	8
705952	6	222150	1	7
705957	3	705956	9	12
705961	4	705960	7	11
705972	21	705971	6	27
705983	2	705982	5	7
705991	3	705990	4	7
705993	5	705992	11	16
706001	8	706000	6	14
706007	10	706006	15	25
706011	5	706010	6	11
706013	4	706012	11	15
706018	12	706017	2	14
706024	2	706023	8	10
706033	5	706032	7	12
706035	6	706034	7	13
706050	5	706049	5	10
706056	1	706055	4	5
706058	1	706057	15	16
706061	8	706060	7	15
706063	3	706062	1	4
706067	5	706066	4	9
706074	4	706073	5	9
706077	4	706076	6	10
706080	6	706079	6	12
706091	13	222210	4	17
706104	15	706103	3	18
706112	6	945803	5	11
706117	1	706116	2	3
706123	6	706122	10	16
706125	4	222238	7	11
706130	3	706129	9	12
706132	1	706131	10	11
706141	4	706140	3	7
706143	1	222245	1	2
706151	2	706150	12	14
706161	12	222258	1	13
706162	5	222260	3	8
706164	7	706163	9	16
706167	4	706166	5	9
706170	4	706169	5	9
706172	12	706171	12	24
706180	1	706179	12	13
706183	5	706182	1	6
706195	5	222273	2	7
706216	9	706215	8	17
706224	5	706223	8	13
706228	16	706227	6	22
706230	2	706229	4	6
706234	8	706233	2	10
706237	7	706236	7	14
706239	10	706238	5	15
706249	8	706248	4	12
706254	3	706253	3	6
706264	5	706263	17	22
706272	3	706271	8	11
706276	2	706275	1	3
706278	15	222319	5	20
706280	4	706279	5	9
706283	2	706282	15	17
706290	3	706289	1	4
706293	11	706292	6	17
706295	4	706294	6	10
706299	13	706298	1	14
706308	7	706307	1	8
706317	16	706316	3	19
706323	4	706322	3	7
706328	3	706327	7	10
706332	1	706331	9	10
706339	6	349265	1	7
706344	6	706343	19	25
706347	10	706346	7	17
706357	9	706356	2	11
706366	12	706365	2	14
706374	9	706373	7	16
706381	1	706380	5	6
706383	8	945917	15	23
706388	10	945919	4	14
706392	4	706391	9	13
706395	2	706394	3	5
706407	5	706406	2	7
706419	3	706418	4	7
706421	4	706420	3	7
706436	3	706435	3	6
706445	6	706444	2	8
706448	6	706447	9	15
706450	6	706449	5	11
706454	9	222373	6	15
706464	2	706463	5	7
706477	19	706476	3	22
706485	5	945959	2	7
706491	1	706490	10	11
706506	2	706505	1	3
706516	1	706515	26	27
706520	5	222403	2	7
706522	6	706521	15	21
706526	14	706525	9	23
706529	6	706528	8	14
706534	8	706533	5	13
706547	10	706546	4	14
706552	8	706551	8	16
706555	4	945988	11	15
706567	32	706566	5	37
706571	4	706570	7	11
706575	6	706574	2	8
706578	5	706577	4	9
706581	6	706580	5	11
706588	6	706587	5	11
706590	7	706589	7	14
706594	4	706593	11	15
706602	5	706601	5	10
706604	13	706603	4	17
706609	5	706608	8	13
706617	6	706616	5	11
706619	6	706618	5	11
706625	3	706624	5	8
706627	1	706626	6	7
706633	3	706632	7	10
706640	1	706639	6	7
706643	4	706642	3	7
706662	8	706661	4	12
706669	5	706668	5	10
706673	2	222491	6	8
706683	4	706682	2	6
706697	11	706696	16	27
706708	9	706707	1	10
706712	36	706711	7	43
706726	4	706725	6	10
706732	7	706731	5	12
706736	7	706735	5	12
706743	13	706742	7	20
706753	4	706752	4	8
706759	1	706758	13	14
706761	9	706760	7	16
706770	7	706769	8	15
706772	12	706771	1	13
706790	8	706789	13	21
706796	3	706795	1	4
706800	8	706799	6	14
706802	4	706801	6	10
706806	5	706805	4	9
706807	7	946080	9	16
706815	3	706814	7	10
706823	10	706822	7	17
706828	4	706827	13	17
706844	5	706843	8	13
706846	8	706845	27	35
706850	8	706849	1	9
706854	4	706853	8	12
706860	15	706859	11	26
706873	15	706872	14	29
706878	9	706877	9	18
706905	2	706904	3	5
706909	11	706908	4	15
706911	1	706910	5	6
706914	2	706913	9	11
706920	4	222625	4	8
706931	7	706930	5	12
706944	7	706943	1	8
706959	9	706958	9	18
706963	18	706962	9	27
706970	3	946161	2	5
706983	5	706982	9	14
706993	3	706992	4	7
706995	3	706994	19	22
707004	5	222667	3	8
707006	3	707005	8	11
707010	10	222670	9	19
707011	5	1091296	4	9
707016	4	707015	5	9
707021	4	707020	6	10
707023	9	222676	9	18
707030	3	707029	7	10
707043	6	707042	3	9
707047	8	946187	6	14
707050	6	707049	3	9
707052	5	707051	3	8
707056	9	707055	6	15
707060	4	707059	3	7
707061	8	946189	10	18
707062	8	222684	4	12
707064	6	349348	1	7
707069	2	707068	1	3
707077	1	707076	7	8
707088	12	707087	7	19
707098	2	222700	3	5
707101	6	707100	2	8
707112	5	707111	9	14
707117	5	707116	6	11
707128	5	707127	7	12
707130	5	707129	8	13
707135	1	707134	11	12
707137	2	707136	4	6
707142	3	707141	5	8
707143	6	349355	3	9
707148	4	707147	5	9
707153	2	707152	6	8
707158	8	707157	7	15
707160	8	707159	4	12
707164	14	946235	10	24
707179	2	707178	7	9
707187	6	707186	7	13
707189	5	707188	3	8
707193	11	707192	9	20
707196	8	707195	31	39
707205	7	707204	4	11
707207	11	707206	10	21
707212	6	222732	2	8
707219	10	707218	3	13
707243	1	707242	1	2
707247	9	707246	9	18
707250	8	707249	8	16
707257	6	222762	4	10
707262	3	707261	6	9
707268	12	707267	7	19
707271	7	946284	4	11
707283	8	707282	3	11
707290	7	707289	7	14
707297	30	707296	5	35
707300	5	707299	8	13
707301	14	222777	3	17
707303	5	707302	7	12
707323	4	707322	7	11
707329	2	707328	5	7
707332	2	707331	60	62
707338	5	707337	2	7
707342	2	707341	9	11
707352	10	946313	3	13
707356	7	707355	4	11
707359	5	707358	4	9
707382	3	222813	5	8
707389	2	707388	5	7
707407	6	707406	3	9
707411	9	707410	9	18
707418	15	707417	17	32
707429	11	707428	12	23
707433	8	707432	2	10
707444	2	707443	4	6
707445	9	946346	2	11
707465	12	707464	9	21
707468	1	222845	3	4
707471	15	707470	4	19
707483	3	707482	7	10
707486	5	707485	6	11
707488	10	707487	9	19
707496	11	707495	7	18
707497	5	222848	3	8
707501	8	707500	5	13
707504	3	707503	14	17
707520	5	707519	13	18
707522	7	222859	3	10
707540	1	707539	7	8
707544	2	707543	5	7
707546	6	707545	7	13
707555	9	349395	8	17
707559	4	707558	7	11
707563	11	707562	1	12
707567	8	707566	5	13
707576	6	707575	19	25
707578	9	707577	3	12
707585	9	349397	9	18
707589	8	707588	8	16
707592	6	707591	2	8
707612	9	707611	5	14
707615	6	707614	9	15
707625	4	707624	11	15
707627	10	707626	2	12
707629	4	707628	7	11
707631	11	707630	8	19
707634	3	707633	3	6
707641	8	707640	6	14
707647	11	707646	3	14
707655	4	707654	2	6
707658	3	707657	3	6
707661	6	707660	5	11
707683	6	707682	1	7
707706	4	707705	6	10
707714	8	707713	11	19
707718	3	707717	3	6
707721	6	707720	9	15
707722	3	349408	5	8
707728	11	707727	7	18
707730	1	707729	3	4
707732	4	707731	3	7
707747	6	707746	18	24
707748	9	222951	6	15
707770	4	707769	11	15
707780	3	707779	8	11
707809	8	707808	6	14
707813	4	222974	10	14
707815	9	707814	2	11
707817	3	707816	4	7
707833	3	707832	6	9
707852	6	707851	2	8
707857	1	707856	6	7
707863	3	222999	3	6
707871	6	707870	6	12
707880	1	707879	6	7
707889	4	707888	3	7
707891	37	707890	5	42
707901	3	707900	15	18
707923	10	707922	11	21
707924	2	223015	10	12
707928	5	223017	1	6
707932	4	707931	3	7
707936	1	707935	29	30
707937	10	223023	8	18
707941	1	707940	2	3
707943	3	707942	6	9
707948	7	707945	2	9
707954	1	707953	12	13
707956	7	707955	2	9
707969	20	707968	9	29
707976	2	707975	6	8
707978	5	707977	1	6
707990	13	707989	10	23
708002	6	708001	12	18
708014	5	708013	4	9
708016	6	708015	8	14
708027	6	708026	5	11
708034	4	708033	2	6
708046	7	708045	13	20
708049	8	223057	8	16
708052	69	708051	10	79
708055	4	708054	5	9
708064	9	708063	7	16
708067	8	708066	10	18
708070	5	708069	8	13
708071	1	223066	2	3
708074	5	708073	3	8
708079	5	708078	5	10
708085	3	708084	7	10
708095	1	708094	4	5
708098	5	223073	3	8
708102	7	708101	10	17
708106	2	708105	4	6
708116	15	708115	7	22
708130	5	223095	2	7
708134	9	708133	10	19
708140	6	708139	7	13
708146	4	708145	5	9
708155	4	708154	7	11
708159	8	708158	10	18
708169	3	708168	7	10
708172	9	223127	6	15
708174	5	708173	4	9
708179	3	708178	5	8
708190	8	708189	6	14
708194	5	223154	2	7
708223	11	708222	4	15
708225	3	708224	2	5
708228	3	708227	5	8
708246	5	708245	4	9
708263	3	708262	6	9
708267	12	708266	5	17
708269	6	708268	6	12
708273	2	708272	6	8
708276	3	708275	10	13
708277	13	223194	2	15
708292	3	708291	11	14
708316	6	708315	13	19
708320	9	708319	7	16
708322	5	708321	7	12
708326	1	708325	2	3
708338	6	223225	3	9
708340	7	708339	14	21
708347	2	708346	3	5
708350	5	708349	12	17
708352	8	349479	1	9
708358	6	708357	3	9
708361	5	708360	3	8
708366	8	708365	4	12
708376	6	708375	15	21
708378	4	708377	10	14
708380	10	708379	7	17
708403	5	708402	3	8
708405	8	708404	7	15
708417	9	708416	6	15
708426	6	708425	2	8
708428	12	708427	4	16
708429	4	223274	1	5
708432	6	708431	8	14
708434	20	708433	7	27
708436	7	708435	10	17
708438	5	223276	10	15
708441	13	708440	7	20
708445	6	708444	6	12
708449	8	708448	3	11
708452	4	708451	8	12
708458	1	708457	8	9
708463	3	708462	5	8
708465	4	708464	7	11
708469	11	708468	7	18
708481	6	708480	3	9
708483	6	223287	3	9
708487	2	708486	10	12
708498	3	708497	4	7
708502	10	708501	11	21
708504	9	708503	6	15
708508	15	708507	8	23
708513	5	946756	5	10
708522	4	708521	3	7
708525	4	708524	4	8
708528	4	708527	3	7
708530	6	708529	9	15
708534	2	946767	2	4
708539	2	223310	2	4
708541	5	223316	9	14
708545	2	708544	7	9
708557	3	708556	3	6
708567	3	708566	6	9
708568	4	349508	6	10
708575	9	708574	7	16
708580	19	708579	4	23
708588	5	349510	1	6
708592	5	708591	1	6
708595	1	708594	6	7
708597	3	708596	12	15
708598	6	223343	4	10
708600	1	708599	4	5
708603	5	708602	6	11
708611	6	708610	4	10
708613	5	708612	4	9
708618	1	223346	3	4
708629	3	708628	4	7
708633	2	708632	2	4
708634	6	223352	3	9
708636	4	708635	1	5
708640	3	708639	5	8
708645	4	708644	2	6
708650	5	708649	8	13
708653	2	708652	3	5
708655	3	708654	1	4
708657	2	708656	11	13
708659	5	708658	6	11
708662	4	708661	5	9
708668	8	708667	10	18
708674	5	708673	4	9
708676	7	946805	5	12
708682	2	708681	7	9
708686	4	708685	6	10
708693	3	708692	5	8
708695	3	708694	5	8
708697	5	708696	2	7
708701	9	708700	16	25
708703	3	708702	1	4
708709	4	708708	7	11
708711	6	708710	6	12
708716	2	708715	4	6
708722	2	708721	2	4
708725	2	708724	4	6
708738	6	708737	7	13
708741	11	708740	5	16
708743	16	708742	2	18
708745	10	708744	5	15
708750	8	708749	7	15
708755	4	708754	8	12
708758	2	708757	5	7
708762	3	708761	2	5
708766	2	223374	8	10
708768	4	708767	4	8
708777	6	708776	10	16
708779	15	708778	9	24
708782	7	708781	1	8
708787	3	708786	1	4
708792	6	708791	1	7
708794	6	708793	1	7
708796	12	708795	1	13
708798	8	708797	4	12
708800	6	708799	4	10
708805	15	708804	13	28
708807	15	708806	10	25
708811	6	708810	4	10
708816	7	708815	5	12
708817	9	223393	2	11
708819	3	349518	4	7
708833	17	708832	7	24
708836	6	708835	18	24
708839	1	708838	3	4
708844	4	708843	6	10
708846	7	708845	6	13
708855	4	708854	12	16
708868	5	708867	5	10
708871	6	708870	2	8
708873	15	349524	5	20
708879	3	708878	6	9
708892	7	708891	3	10
708894	7	708893	9	16
708896	6	708895	3	9
708901	6	708900	3	9
708904	9	708903	6	15
708906	6	708905	10	16
708911	4	708910	4	8
708913	4	708912	7	11
708918	8	708917	9	17
708930	18	708929	22	40
708933	6	708932	5	11
708938	10	223432	3	13
708943	6	708942	2	8
708947	9	708946	5	14
708950	9	708949	12	21
708969	6	708968	2	8
708977	4	708976	4	8
708980	18	708979	7	25
708982	6	708981	9	15
708989	8	708988	7	15
708992	2	708991	7	9
708994	2	708993	2	4
709003	2	709002	8	10
709006	2	709005	3	5
709014	6	709013	3	9
709020	1	709019	5	6
709022	12	709021	11	23
709025	5	709024	14	19
709027	5	709026	11	16
709035	8	709034	2	10
709039	9	709038	3	12
709044	4	709043	9	13
709048	5	709047	2	7
709066	7	709065	5	12
709069	10	709068	4	14
709070	6	223495	2	8
709074	3	709073	6	9
709077	6	709076	4	10
709080	5	223497	9	14
709090	9	709089	4	13
709095	5	709094	11	16
709104	1	709103	5	6
709119	10	709118	5	15
709122	7	709121	10	17
709124	6	709123	2	8
709125	1	349551	4	5
709127	16	709126	8	24
709130	11	709129	12	23
709132	7	349552	2	9
709135	16	709134	12	28
709137	4	709136	11	15
709139	8	709138	16	24
709142	9	1091889	6	15
709145	1	709144	4	5
709147	13	709146	10	23
709148	5	223534	2	7
709156	12	709155	9	21
709158	1	709157	2	3
709171	13	709170	9	22
709176	8	709175	6	14
709177	5	223548	3	8
709180	3	709179	1	4
709182	3	709181	13	16
709199	3	709198	4	7
709201	4	709200	6	10
709207	4	709206	6	10
709211	6	709210	2	8
709218	9	709217	5	14
709220	5	709219	9	14
709223	11	223561	4	15
709227	5	709226	2	7
709229	6	223565	6	12
709232	13	709231	5	18
709234	6	223568	1	7
709244	3	709243	6	9
709250	8	947002	2	10
709263	10	709261	3	13
709264	3	709262	18	21
709269	3	709268	4	7
709275	14	223603	2	16
709288	12	709287	8	20
709291	14	709290	12	26
709293	10	709292	14	24
709298	9	223629	2	11
709304	5	709303	14	19
709307	5	709306	12	17
709317	4	709316	3	7
709321	7	709320	3	10
709328	1	709327	2	3
709330	5	709329	5	10
709336	2	709335	5	7
709343	1	709342	9	10
709348	4	709347	5	9
709364	5	709363	2	7
709372	1	709371	3	4
709377	1	709376	5	6
709381	6	709380	6	12
709384	4	709383	6	10
709387	7	709386	2	9
709393	8	709392	7	15
709402	4	709401	7	11
709405	3	709404	1	4
709408	3	709407	2	5
709412	3	709411	8	11
709415	6	223735	8	14
709425	4	223746	3	7
709435	4	709434	5	9
709440	1	709439	8	9
709442	5	709441	9	14
709444	13	709443	4	17
709445	9	223758	4	13
709450	3	709449	3	6
709452	4	709451	3	7
709454	1	709453	1	2
709462	2	709461	4	6
709465	6	709464	4	10
709472	5	709471	5	10
709492	2	709491	5	7
709503	4	709502	1	5
709510	3	223791	3	6
709511	1	223792	4	5
709514	8	709513	15	23
709530	4	709529	1	5
709534	1	709533	3	4
709538	4	709537	2	6
709543	5	709542	2	7
709545	5	709544	2	7
709550	13	709549	4	17
709552	4	709551	7	11
709572	16	709571	7	23
709578	6	709577	3	9
709588	2	709587	18	20
709602	14	709601	2	16
709604	9	709603	3	12
709610	2	709609	4	6
709613	3	709612	1	4
709616	9	709615	5	14
709618	5	709617	3	8
709624	9	709623	6	15
709636	1	709635	2	3
709642	5	223856	7	12
709661	6	709660	3	9
709673	2	709672	4	6
709679	10	709678	8	18
709680	9	223869	2	11
709688	4	709687	13	17
709694	3	709693	2	5
709699	4	223878	2	6
709705	4	709704	7	11
709707	3	709706	5	8
709710	10	709709	4	14
709714	8	709713	8	16
709716	10	709715	5	15
709726	5	709725	2	7
709728	1	709727	12	13
709731	16	709730	3	19
709733	8	709732	3	11
709735	2	709734	3	5
709738	8	709737	12	20
709745	5	709744	2	7
709752	12	709751	5	17
709758	3	709757	6	9
709790	12	709789	5	17
709799	1	709798	6	7
709837	2	709836	6	8
709843	3	709842	7	10
709844	3	349652	3	6
709853	11	709852	5	16
709860	3	709859	3	6
709864	1	709863	4	5
709870	2	709869	1	3
709876	2	709875	1	3
709879	3	709878	1	4
709882	22	223968	6	28
709887	1	709886	1	2
709916	1	709915	4	5
709921	6	709920	7	13
709931	2	709930	2	4
709936	5	709935	2	7
709938	1	709937	1	2
709949	1	709948	3	4
709961	5	223998	1	6
709963	2	709962	1	3
709971	1	709970	4	5
709973	3	709972	4	7
709975	1	709974	5	6
709980	4	224004	3	7
709983	6	709982	5	11
709985	2	224006	2	4
709993	7	947268	11	18
710001	2	710000	2	4
710004	2	710003	1	3
710007	3	710006	4	7
710010	6	710009	3	9
710013	4	710012	5	9
710016	6	710015	13	19
710021	5	710020	2	7
710023	6	710022	1	7
710028	2	710027	8	10
710037	12	710036	2	14
710044	1	710043	4	5
710049	5	710048	7	12
710060	1	710059	7	8
710070	15	710069	3	18
710074	1	710073	1	2
710082	4	710081	5	9
710100	6	710099	3	9
710103	6	224080	4	10
710105	4	710104	1	5
710110	5	710109	5	10
710116	5	710115	5	10
710119	9	710118	1	10
710124	1	710123	12	13
710129	3	349690	1	4
710131	1	710130	4	5
710150	5	710149	4	9
710160	1	710159	2	3
710163	2	710162	1	3
710180	3	710179	8	11
710185	2	710184	2	4
710187	2	710186	2	4
710189	3	224105	1	4
710199	1	224111	5	6
710205	2	947346	3	5
710210	4	710209	3	7
710214	5	710213	1	6
710219	4	710218	3	7
710222	1	710221	4	5
710227	3	710226	11	14
710236	4	349705	2	6
710240	1	710239	4	5
710242	1	710241	4	5
710245	1	710244	1	2
710252	2	710251	2	4
710257	3	710256	2	5
710265	6	710264	2	8
710279	2	710278	1	3
710287	3	710286	1	4
710291	5	710290	2	7
710292	2	224174	2	4
710298	1	710297	1	2
710300	1	710299	2	3
710311	1	224189	1	2
710314	5	710312	6	11
710317	3	710316	1	4
710320	1	349720	6	7
710343	1	224212	1	2
710347	1	710346	2	3
710352	1	349730	2	3
710358	1	710357	2	3
710372	1	710371	1	2
710379	3	710378	5	8
710385	1	710384	1	2
710388	1	710387	2	3
710390	2	710389	1	3
710399	2	710398	2	4
710404	4	710403	4	8
710409	1	710408	2	3
710411	7	710410	5	12
710422	1	224259	1	2
710424	2	710423	1	3
710430	12	710429	5	17
710432	1	710431	1	2
710443	3	710442	1	4
710446	1	710445	1	2
710473	3	710472	1	4
710482	4	224308	1	5
710490	2	710489	4	6
710496	3	710495	1	4
710498	1	710497	2	3
710505	1	710504	2	3
710520	1	710519	1	2
710547	14	710546	2	16
710563	1	710562	1	2
710576	1	710575	2	3
710592	4	710591	19	23
710598	1	710597	2	3
710610	2	710609	2	4
710627	1	710626	1	2
710642	6	710641	3	9
710657	3	710656	6	9
710674	1	710673	12	13
710688	3	710687	1	4
710690	8	710689	3	11
710693	3	710692	1	4
710697	5	710696	1	6
710701	1	710700	4	5
710710	3	710709	1	4
710727	2	224493	1	3
710731	2	710730	4	6
710746	2	710745	6	8
710754	7	710753	1	8
710756	5	710755	6	11
710761	1	710760	5	6
710766	1	710765	12	13
710768	3	710767	2	5
710780	2	710779	3	5
710784	5	710783	3	8
710788	2	224527	1	3
710793	1	710792	1	2
710794	7	224532	6	13
710797	3	710796	4	7
710803	2	710802	1	3
710805	3	710804	5	8
710808	8	710807	10	18
710811	2	710810	6	8
710819	1	710818	1	2
710823	13	710822	9	22
710832	9	710831	4	13
710839	9	710838	13	22
710841	5	710840	5	10
710867	1	710866	4	5
710869	7	710868	6	13
710879	3	710878	14	17
710897	2	224589	6	8
710903	6	710902	14	20
710907	67	349826	1	68
710913	1	710912	7	8
710922	4	710921	4	8
710924	8	710923	3	11
710933	3	710932	4	7
710943	7	710942	5	12
710949	1	710948	4	5
710961	4	710960	5	9
710964	3	710963	3	6
710971	1	710970	6	7
710986	15	710985	2	17
710987	6	224662	5	11
710993	3	710992	5	8
711003	6	711002	3	9
711009	10	224682	3	13
711026	7	711025	7	14
711033	4	711032	8	12
711036	2	711035	4	6
711038	12	711037	19	31
711039	13	349853	1	14
711041	2	711040	2	4
711056	7	711055	4	11
711069	4	711068	4	8
711072	7	711071	5	12
711075	3	711074	6	9
711078	3	711077	1	4
711096	12	224732	3	15
711100	6	224735	2	8
711101	3	224736	5	8
711108	23	711107	3	26
711111	2	711110	2	4
711121	8	711120	3	11
711202	7	711201	4	11
711208	3	711207	2	5
711212	3	711211	7	10
711218	16	711217	3	19
711221	4	711220	6	10
711223	1	711222	4	5
711228	1	711227	2	3
711229	1	224795	3	4
711235	8	947747	1	9
711250	2	711249	38	40
711252	2	711251	2	4
711255	5	711254	5	10
711260	7	711258	4	11
711271	11	711270	10	21
711286	4	711285	8	12
711289	8	711288	4	12
711299	1	711298	1	2
711303	9	711302	3	12
711305	14	711304	4	18
711307	7	711306	4	11
711320	3	711319	4	7
711331	7	711330	5	12
711346	5	711345	6	11
711352	9	711351	6	15
711364	5	711363	4	9
711366	12	711365	2	14
711370	8	711369	6	14
711387	10	711386	7	17
711396	2	711395	1	3
711408	2	711407	5	7
711414	6	711413	2	8
711421	4	711420	2	6
711424	1	711423	6	7
711426	4	711425	10	14
711431	7	711430	1	8
711434	3	711433	11	14
711436	7	711435	6	13
711440	4	711439	12	16
711447	6	711446	2	8
711449	3	711448	2	5
711456	3	711455	6	9
711458	8	711457	3	11
711462	9	711461	7	16
711464	8	711463	9	17
711468	2	711467	2	4
711489	3	711488	2	5
711491	4	711490	10	14
711495	13	711494	11	24
711510	5	711509	2	7
711515	1	711514	12	13
711517	15	711516	6	21
711526	2	711525	4	6
711527	5	224870	3	8
711529	2	711528	9	11
711533	7	711532	4	11
711537	2	711536	3	5
711542	5	711541	1	6
711547	6	711546	1	7
711549	5	711548	4	9
711552	17	711551	11	28
711555	9	711554	2	11
711557	9	711556	1	10
711559	2	711558	10	12
711563	11	711562	5	16
711565	4	711564	1	5
711572	1	711571	2	3
711574	5	711573	2	7
711579	7	711578	2	9
711586	2	711585	2	4
711591	4	711590	3	7
711593	2	711592	6	8
711602	20	947884	1	21
711619	10	711618	9	19
711621	7	711620	4	11
711627	10	711626	1	11
711632	2	224915	3	5
711652	4	711651	6	10
711658	4	711657	2	6
711660	5	711659	10	15
711674	1	711673	3	4
711676	3	711675	4	7
711687	11	711686	4	15
711689	4	711688	4	8
711697	3	349951	1	4
711700	4	711696	3	7
711706	3	711705	5	8
711712	3	711711	4	7
711736	4	711735	10	14
711739	4	711738	5	9
711740	4	349957	6	10
711746	4	711745	3	7
711748	5	711747	4	9
711753	2	947935	2	4
711776	2	711775	1	3
711778	8	711777	8	16
711781	4	711780	11	15
711783	8	711782	11	19
711785	15	711784	6	21
711791	8	711790	9	17
711794	5	711793	6	11
711797	10	711796	4	14
711799	1	711798	11	12
711810	11	224980	2	13
711814	8	711813	8	16
711819	12	711818	11	23
711828	6	711827	2	8
711833	9	711832	10	19
711844	4	711843	6	10
711851	7	711850	19	26
711861	7	711860	6	13
711863	7	224989	3	10
711865	3	711864	1	4
711869	1	711868	4	5
711871	6	224992	3	9
711873	3	711872	5	8
711878	11	711877	6	17
711881	4	711880	1	5
711889	14	947980	2	16
711903	5	225036	7	12
711905	6	711904	7	13
711909	9	711908	5	14
711914	3	711913	5	8
711917	13	711916	4	17
711934	15	711933	1	16
711937	9	1092740	7	16
711940	4	711939	6	10
711942	2	948002	1	3
711944	2	711943	1	3
711946	3	225060	1	4
711962	5	711961	4	9
711972	10	711971	7	17
711976	5	711975	2	7
711980	5	711979	4	9
711992	4	711991	4	8
711995	4	711994	10	14
712011	5	712010	4	9
712021	6	712020	1	7
712028	4	712027	7	11
712038	5	712037	6	11
712056	10	712055	1	11
712058	5	225106	4	9
712063	3	712062	2	5
712075	2	712074	7	9
712078	5	225116	4	9
712087	2	712086	5	7
712092	4	712091	4	8
712105	5	712104	7	12
712121	4	712120	4	8
712126	8	712125	3	11
712130	6	712129	6	12
712132	4	712131	10	14
712137	4	712136	4	8
712141	6	712140	5	11
712156	4	712155	2	6
712161	3	712160	4	7
712163	7	712162	7	14
712175	6	712174	2	8
712184	4	712183	3	7
712188	2	712187	2	4
712190	9	712189	2	11
712196	6	712195	2	8
712205	7	712204	7	14
712214	14	712213	1	15
712219	1	712218	3	4
712226	4	225142	7	11
712236	3	712235	3	6
712252	1	712251	9	10
712255	3	712254	6	9
712265	4	712264	7	11
712267	5	712266	8	13
712270	10	712269	3	13
712272	5	712271	1	6
712290	3	712287	3	6
712291	1	225153	2	3
712296	2	712295	4	6
712299	2	712298	2	4
712316	9	712315	1	10
712325	15	712324	2	17
712334	3	712333	3	6
712349	5	712348	2	7
712352	5	712351	10	15
712357	7	712356	2	9
712368	3	712367	4	7
712371	6	712370	12	18
712376	8	712375	15	23
712382	4	712381	3	7
712384	6	712383	5	11
712391	6	712390	12	18
712392	2	225167	1	3
712397	5	712396	5	10
712399	5	712398	10	15
712402	10	712401	4	14
712410	11	712409	2	13
712412	3	712411	2	5
712417	7	712416	7	14
712428	4	712427	7	11
712432	5	225173	6	11
712434	7	712433	4	11
712439	1	712438	6	7
712447	10	712446	4	14
712451	5	712450	3	8
712466	4	712465	2	6
712476	1	225197	5	6
712479	3	712478	5	8
712480	5	225200	3	8
712482	5	712481	7	12
712485	3	712484	9	12
712494	1	712493	1	2
712498	5	712497	4	9
712500	2	712499	13	15
712503	11	712502	3	14
712509	1	948201	31	32
712510	3	350032	3	6
712512	6	712511	3	9
712520	8	712519	8	16
712526	3	712525	11	14
712529	9	712528	1	10
712532	3	225230	4	7
712538	5	712537	3	8
712540	8	712539	8	16
712542	6	712541	9	15
712546	1	948215	3	4
712547	5	948216	7	12
712553	6	712552	2	8
712561	6	712560	16	22
712563	13	225238	9	22
712565	2	225239	3	5
712569	6	712568	19	25
712583	12	712582	5	17
712585	2	712584	3	5
712591	5	712590	2	7
712601	2	712600	3	5
712608	2	225261	2	4
712631	3	712630	8	11
712634	8	712633	6	14
712640	4	712639	2	6
712648	7	712647	5	12
712651	5	712650	4	9
712656	9	712655	4	13
712658	2	712657	3	5
712671	5	712670	4	9
712677	4	712676	4	8
712679	3	712678	1	4
712682	4	712681	7	11
712703	4	225292	1	5
712708	3	712707	3	6
712712	26	712711	5	31
712725	7	712724	1	8
712727	1	712726	1	2
712734	7	712733	11	18
712737	1	712736	7	8
712740	4	712739	3	7
712751	3	712750	9	12
712753	5	712752	3	8
712755	8	712754	3	11
712757	3	712756	10	13
712759	11	712758	7	18
712760	6	350054	1	7
712788	5	225328	2	7
712790	2	712789	1	3
712798	2	712797	5	7
712800	6	712799	1	7
712822	2	712821	6	8
712824	3	712823	2	5
712827	2	712826	4	6
712831	2	712830	3	5
712835	3	712834	4	7
712840	13	712839	4	17
712858	2	712857	4	6
712860	6	712859	3	9
712865	8	712864	4	12
712871	2	712870	2	4
712872	1	350070	8	9
712878	2	225362	3	5
712883	2	712882	16	18
712889	4	712888	11	15
712894	1	712893	3	4
712905	3	712904	3	6
712940	3	712939	3	6
712943	9	712942	9	18
712944	11	225388	4	15
712946	5	712945	3	8
712949	21	712948	6	27
712953	4	712952	7	11
712956	11	712955	6	17
712961	2	712960	9	11
712963	3	712962	2	5
712966	3	712965	4	7
712970	2	712969	2	4
712975	7	712974	3	10
712984	4	712983	5	9
712987	6	225397	3	9
712997	9	712996	4	13
713014	2	713013	2	4
713016	1	713015	3	4
713018	5	713017	5	10
713020	2	713019	1	3
713023	1	713022	3	4
713027	5	713026	1	6
713029	3	948395	3	6
713031	4	713030	1	5
713033	4	713032	6	10
713034	2	350083	3	5
713042	4	713041	2	6
713048	5	713047	4	9
713050	7	713049	1	8
713076	2	713075	3	5
713092	29	713091	4	33
713095	4	225445	5	9
713104	6	713103	4	10
713111	4	713110	12	16
713117	8	713116	1	9
713126	1	225450	4	5
713133	3	713132	3	6
713141	2	948443	1	3
713145	13	713144	11	24
713162	5	713161	3	8
713172	6	225468	5	11
713179	1	713178	5	6
713188	4	713187	3	7
713191	4	713190	1	5
713194	4	713193	2	6
713207	1	713206	4	5
713210	3	713209	2	5
713212	7	713211	8	15
713219	10	713218	3	13
713225	5	713224	6	11
713229	3	713228	3	6
713244	2	713243	8	10
713252	7	713251	3	10
713256	5	713255	6	11
713260	16	713259	2	18
713270	9	713269	2	11
713272	1	713271	1	2
713275	5	713274	6	11
713281	6	948500	7	13
713288	2	713287	10	12
713292	6	713291	4	10
713295	7	948504	6	13
713304	2	713303	1	3
713306	4	713305	8	12
713311	12	713310	2	14
713314	3	713313	1	4
713318	5	713317	1	6
713325	4	713324	3	7
713328	3	713327	1	4
713330	5	713329	11	16
713334	3	713333	6	9
713337	2	713336	2	4
713340	2	713339	5	7
713348	3	713347	8	11
713361	7	713360	16	23
713366	1	713365	2	3
713368	2	713367	4	6
713373	2	713372	27	29
713375	13	713374	7	20
713381	3	713380	8	11
713384	7	713383	6	13
713398	5	713397	9	14
713401	5	713400	3	8
713414	7	713413	1	8
713427	3	713426	2	5
713435	1	713434	13	14
713438	5	713437	4	9
713440	1	713439	2	3
713442	2	713441	3	5
713450	1	713449	2	3
713453	1	713452	5	6
713458	6	713457	3	9
713463	5	713462	2	7
713472	9	713471	7	16
713486	5	713485	6	11
713500	1	713499	1	2
713502	9	713501	16	25
713517	1	713516	10	11
713521	13	713520	6	19
713522	2	225608	3	5
713531	10	713530	3	13
713532	3	225610	2	5
713552	3	713551	4	7
713561	8	713560	4	12
713585	5	713584	1	6
713588	7	713587	6	13
713594	2	713593	11	13
713622	4	948633	6	10
713630	8	713629	2	10
713634	2	713633	2	4
713636	3	713635	3	6
713643	4	713642	3	7
713647	2	225651	1	3
713652	1	713651	2	3
713663	4	713662	2	6
713675	1	225655	1	2
713684	1	713683	3	4
713687	8	713686	6	14
713689	5	713688	5	10
713693	5	713692	3	8
713695	2	713694	2	4
713699	51	713698	4	55
713707	5	713706	1	6
713709	4	713708	5	9
713716	4	948668	8	12
713727	1	713726	1	2
713733	2	713732	2	4
713750	6	713749	1	7
713755	1	713754	4	5
713775	2	713774	4	6
713778	1	713777	4	5
713793	2	713792	2	4
713795	5	713794	6	11
713798	4	713797	1	5
713813	4	713812	6	10
713817	8	713816	3	11
713827	2	350153	4	6
713830	1	713829	5	6
713832	2	713831	4	6
713835	7	713834	2	9
713837	2	713836	3	5
713840	5	713839	5	10
713850	5	713849	6	11
713865	2	713864	5	7
713868	7	713867	4	11
713875	8	713874	5	13
713879	2	713878	3	5
713882	4	713881	5	9
713884	2	713883	4	6
713886	2	713885	2	4
713892	5	713891	1	6
713896	4	713895	2	6
713908	5	713907	4	9
713910	4	713909	9	13
713912	1	713911	3	4
713918	5	713917	5	10
713939	7	713938	3	10
713940	4	225726	2	6
713944	2	713943	6	8
713946	4	713945	1	5
713948	5	713947	5	10
713951	12	713950	7	19
713957	5	713956	10	15
713967	3	713966	2	5
713973	3	225747	5	8
713979	1	713978	1	2
713981	3	713980	3	6
713989	5	713988	3	8
713993	4	713992	2	6
714020	2	714019	3	5
714022	4	714021	3	7
714025	5	714024	4	9
714028	7	714027	4	11
714040	2	714039	2	4
714055	10	714054	3	13
714061	8	714060	4	12
714074	2	714073	2	4
714080	1	714079	8	9
714088	4	714087	2	6
714091	1	714090	3	4
714116	5	714115	3	8
714117	2	225806	8	10
714120	5	714119	4	9
714133	3	714132	2	5
714143	2	714142	8	10
714146	8	225831	4	12
714152	7	714151	2	9
714161	10	714160	9	19
714166	7	714165	6	13
714168	10	714167	8	18
714195	1	714194	3	4
714201	4	714200	2	6
714206	2	225857	3	5
714218	1	714217	3	4
714227	4	714226	4	8
714235	1	714234	1	2
714247	1	714246	3	4
714257	2	714256	1	3
714258	2	225878	7	9
714262	3	714261	4	7
714264	1	714263	1	2
714267	3	714266	6	9
714269	2	714268	2	4
714271	2	714270	5	7
714278	4	714277	3	7
714284	5	714283	3	8
714287	1	714286	3	4
714300	1	714299	1	2
714315	8	714314	3	11
714318	9	714317	4	13
714328	4	714327	5	9
714334	4	714333	6	10
714340	1	714339	2	3
714342	2	714341	2	4
714347	3	714346	1	4
714353	3	225922	5	8
714354	6	225925	4	10
714372	6	714371	7	13
714376	1	714375	5	6
714385	4	714384	6	10
714387	10	714386	1	11
714390	32	714389	1	33
714399	4	714398	1	5
714408	2	714407	3	5
714434	6	714433	11	17
714438	3	714437	7	10
714440	6	714439	6	12
714445	6	714444	3	9
714454	3	714453	3	6
714482	10	714481	3	13
714486	6	714485	14	20
714488	3	714487	2	5
714500	1	714499	1	2
714509	11	714508	5	16
714512	1	714511	6	7
714513	1	226018	3	4
714518	12	714517	3	15
714523	8	714522	5	13
714532	2	714531	5	7
714534	4	714533	3	7
714541	1	714540	3	4
714546	7	714545	6	13
714567	2	226061	3	5
714573	1	714572	5	6
714588	5	714587	1	6
714590	4	714589	9	13
714597	7	714596	2	9
714602	3	714601	8	11
714627	50	714626	3	53
714629	4	714628	6	10
714636	17	714635	2	19
714645	7	714644	2	9
714654	4	714653	8	12
714658	5	714657	2	7
714677	7	714676	3	10
714682	6	226144	1	7
714684	7	714683	4	11
714692	4	714691	3	7
714693	3	949008	3	6
714695	5	226150	2	7
714698	5	714697	1	6
714701	1	714700	4	5
714706	4	714705	5	9
714715	4	226158	2	6
714717	5	714716	2	7
714718	6	226161	4	10
714728	4	350274	2	6
714733	2	714732	7	9
714737	3	714736	1	4
714746	3	714745	2	5
714765	4	714764	12	16
714769	6	226181	4	10
714780	1	714779	3	4
714782	2	714781	4	6
714785	1	714784	4	5
714795	3	714794	3	6
714805	10	714804	4	14
714809	3	714808	3	6
714811	3	714810	3	6
714814	8	226219	2	10
714819	6	714818	2	8
714827	5	714826	4	9
714829	3	714828	6	9
714831	14	714830	4	18
714850	14	714849	7	21
714852	3	714851	6	9
714860	5	226252	4	9
714866	11	714865	2	13
714870	7	714869	10	17
714872	12	714871	11	23
714885	6	226272	3	9
714888	5	714887	6	11
714896	6	714895	4	10
714901	4	714900	5	9
714920	2	949098	1	3
714923	4	714922	5	9
714958	3	714957	6	9
714962	5	714961	7	12
714977	2	714976	6	8
714982	3	714981	5	8
714984	1	714983	4	5
715008	3	715007	6	9
715013	3	949125	1	4
715017	7	715016	2	9
715028	3	715027	2	5
715037	6	715036	3	9
715045	1	715044	4	5
715060	7	715059	3	10
715063	3	715062	2	5
715082	2	715081	2	4
715086	11	715085	3	14
715088	1	715087	3	4
715099	9	715098	1	10
715104	2	715103	4	6
715107	2	715106	1	3
715112	3	226379	3	6
715120	12	715119	3	15
715122	3	715121	2	5
715125	6	715124	2	8
715127	3	715126	7	10
715136	3	715135	17	20
715143	2	715142	1	3
715155	1	715154	1	2
715158	1	715157	2	3
715162	4	715161	4	8
715166	1	715165	3	4
715172	3	715171	2	5
715179	3	715178	7	10
715184	9	715183	3	12
715201	2	715200	5	7
715210	3	715209	1	4
715212	4	226439	1	5
715214	8	715213	4	12
715215	4	226442	5	9
715218	3	715217	3	6
715233	1	715232	2	3
715240	1	715239	2	3
715246	2	715245	2	4
715250	1	715249	1	2
715255	9	715254	2	11
715259	10	715258	3	13
715263	5	715262	2	7
715300	1	715299	3	4
715309	5	715308	3	8
715320	2	715319	2	4
715323	3	715322	3	6
715336	4	226558	2	6
715337	5	226561	2	7
715346	3	715345	1	4
715352	2	715351	4	6
715357	4	715356	5	9
715359	5	715358	1	6
715366	1	715365	4	5
715367	4	226579	3	7
715373	3	715372	4	7
715376	1	715375	4	5
715378	3	715377	2	5
715385	1	715384	2	3
715388	2	715387	3	5
715390	4	715389	4	8
715401	1	715400	2	3
715416	5	715415	4	9
715443	4	715442	2	6
715450	5	715449	2	7
715459	4	715458	1	5
715474	1	715473	1	2
715476	3	715475	6	9
715482	2	715481	5	7
715490	2	715489	4	6
715493	2	715492	4	6
715507	3	715506	4	7
715509	1	226736	5	6
715512	1	715511	1	2
715516	1	715515	2	3
715518	4	715517	9	13
715520	1	715519	4	5
715522	4	715521	1	5
715539	9	715538	6	15
715541	2	715540	3	5
715544	4	226767	5	9
715549	8	715548	12	20
715554	2	715553	1	3
715564	4	226779	1	5
715567	5	226786	2	7
715571	5	715570	2	7
715591	1	715590	1	2
715606	3	715605	5	8
715618	7	715617	1	8
715625	7	226821	1	8
715627	2	715626	2	4
715629	3	715628	5	8
715634	1	715633	8	9
715636	9	715635	5	14
715657	3	715656	4	7
715665	4	715664	1	5
715673	4	715672	3	7
715676	1	715675	1	2
715680	3	715679	2	5
715686	3	226847	2	5
715689	2	715688	2	4
715693	3	715692	9	12
715711	1	715710	1	2
715716	10	715715	5	15
715720	6	715719	7	13
715721	1	226851	1	2
715723	9	715722	8	17
715735	1	715734	2	3
715739	2	715738	2	4
715741	8	715740	5	13
715757	10	949415	2	12
715759	4	715758	2	6
715780	2	715779	2	4
715786	4	715785	12	16
715807	5	715806	2	7
715811	5	715810	4	9
715824	3	715823	1	4
715829	1	715828	2	3
715839	4	715838	1	5
715843	5	715842	31	36
715847	1	715846	1	2
715852	2	715851	2	4
715865	3	715864	3	6
715869	2	715868	1	3
715871	2	226963	2	4
715880	9	715879	5	14
715883	3	226975	6	9
715890	1	715889	2	3
715895	5	715894	2	7
715920	8	715919	5	13
715926	4	715925	22	26
715937	1	715936	3	4
715940	2	227020	4	6
715945	3	227027	1	4
715947	3	715946	3	6
715951	3	715950	14	17
715956	6	715955	10	16
715966	3	715965	3	6
715968	1	715967	1	2
715976	4	715975	1	5
715978	3	949492	1	4
715983	3	715982	2	5
715986	2	227058	3	5
716001	2	716000	7	9
716026	2	716025	3	5
716028	1	227087	1	2
716035	1	716034	1	2
716043	2	227095	3	5
716053	3	716052	2	5
716057	2	350485	4	6
716064	3	716063	2	5
716080	3	227133	2	5
716084	4	716083	9	13
716093	1	227145	2	3
716104	3	716103	4	7
716121	2	350493	1	3
716130	4	716129	5	9
716158	2	716157	2	4
716173	3	716172	3	6
716185	5	716184	6	11
716190	4	716189	2	6
716199	1	716198	2	3
716201	1	716200	2	3
716208	3	716207	3	6
716213	1	716212	1	2
716226	2	716225	1	3
716233	3	716232	2	5
716239	8	716238	1	9
716255	3	716254	3	6
716262	4	716261	10	14
716276	3	716275	2	5
716278	2	716277	2	4
716280	3	716279	1	4
716303	1	716302	2	3
716305	1	716304	2	3
716315	5	227314	1	6
716344	1	949613	2	3
716346	5	716345	11	16
716351	1	716350	3	4
716355	1	716354	2	3
716358	2	716357	7	9
716368	19	227347	4	23
716371	6	716370	7	13
716383	1	716382	1	2
716400	1	716399	1	2
716413	1	716412	3	4
716422	1	716421	5	6
716435	1	227417	2	3
716444	1	716443	1	2
716451	2	716450	1	3
716456	1	716455	2	3
716458	11	716457	7	18
716470	1	716469	1	2
716483	3	716482	2	5
716501	2	716500	2	4
716523	1	716522	4	5
716531	2	716530	1	3
716560	15	716559	2	17
716562	3	716561	3	6
716565	6	716564	3	9
716578	2	716577	24	26
716580	20	716579	1	21
716585	5	716584	7	12
716590	10	716589	6	16
716619	3	716618	1	4
716626	5	716625	1	6
716631	3	716630	7	10
716632	5	227576	3	8
716635	2	716634	1	3
716638	2	716637	4	6
716644	2	227595	1	3
716646	5	716645	7	12
716649	3	716648	2	5
716652	5	716651	4	9
716680	3	716679	3	6
716691	2	716690	1	3
716694	3	716693	4	7
716697	2	716696	2	4
716701	6	716700	2	8
716716	1	716715	2	3
716718	2	716717	3	5
716720	2	716719	1	3
716739	2	716738	2	4
716770	1	716769	3	4
716772	2	716771	5	7
716775	1	716774	3	4
716777	1	227725	1	2
716784	7	716783	5	12
716790	6	716789	8	14
716793	16	716792	4	20
716796	3	716795	4	7
716798	1	716797	3	4
716800	6	716799	4	10
716803	5	716802	2	7
716807	9	716806	19	28
716820	1	716819	5	6
716828	3	716827	3	6
716831	2	716830	1	3
716835	1	716834	8	9
716837	1	350633	3	4
716839	1	227766	1	2
716847	2	716846	1	3
716849	3	716848	5	8
716851	1	716850	1	2
716880	7	716879	7	14
716891	1	716890	3	4
716894	3	716893	3	6
716905	2	227820	3	5
716907	2	716906	2	4
716912	2	716911	2	4
716914	19	716913	2	21
716930	2	716929	4	6
716940	1	716939	6	7
716941	3	227854	2	5
716943	6	716942	6	12
716945	1	716944	2	3
716963	6	716962	2	8
716964	2	227868	3	5
716967	2	716966	1	3
716980	4	227894	4	8
716983	21	716982	6	27
716996	1	716995	2	3
717006	15	717005	14	29
717021	4	717020	6	10
717023	9	717022	7	16
717036	15	717035	6	21
717038	4	717037	3	7
717043	2	717042	11	13
717069	3	717068	1	4
717074	1	717073	2	3
717091	1	717090	1	2
717096	2	717095	1	3
717121	2	717120	1	3
717123	2	717122	1	3
717139	8	717138	12	20
717154	4	717153	2	6
717169	1	717168	1	2
717172	1	228043	2	3
717175	1	717174	1	2
717185	2	717184	1	3
717197	4	717188	1	5
717206	1	717205	3	4
717212	3	228071	2	5
717216	1	717215	1	2
717221	7	717220	11	18
717237	16	717236	5	21
717246	3	717245	2	5
717257	4	949969	12	16
717266	10	717265	6	16
717278	5	717277	1	6
717280	1	717279	7	8
717285	7	717284	3	10
717287	3	717286	24	27
717292	2	717291	8	10
717304	1	717303	1	2
717306	8	717305	12	20
717333	5	717332	15	20
717335	1	717334	1	2
717337	2	717336	5	7
717348	2	717347	3	5
717353	10	350746	7	17
717356	5	717355	1	6
717373	2	717372	1	3
717376	1	717375	3	4
717386	1	717385	1	2
717389	4	717388	16	20
717390	5	950013	4	9
717392	2	717391	5	7
717393	4	228268	3	7
717396	3	717395	2	5
717410	2	717409	2	4
717428	3	717427	1	4
717430	3	717429	10	13
717456	1	717455	1	2
717463	2	717462	1	3
717474	2	717473	1	3
717482	3	717481	8	11
717487	1	950034	2	3
717493	5	717492	6	11
717495	2	717494	2	4
717500	5	717499	2	7
717511	7	717510	7	14
717519	5	717518	10	15
717545	6	717544	2	8
717552	2	717551	4	6
717557	3	717556	2	5
717559	12	717558	8	20
717572	1	717571	1	2
717578	1	717577	1	2
717586	5	717585	2	7
717590	5	717589	5	10
717606	2	950072	4	6
717640	3	717639	2	5
717660	7	717659	5	12
717665	10	717664	2	12
717669	10	717668	3	13
717673	2	717672	4	6
717682	2	717681	74	76
717684	1	717683	2	3
717709	1	717708	1	2
717711	1	717710	1	2
717716	3	717715	2	5
717726	5	717725	7	12
717734	2	717733	3	5
717739	9	717738	13	22
717743	19	717742	8	27
717753	1	717752	6	7
717761	3	717760	1	4
717763	3	717762	1	4
717777	1	717776	4	5
717785	3	228570	3	6
717793	3	717792	2	5
717795	4	717794	1	5
717798	1	717797	1	2
717814	1	717813	3	4
717821	5	228589	5	10
717834	1	228609	2	3
717836	1	717835	1	2
717841	1	717840	2	3
717857	5	717856	8	13
717859	3	717858	2	5
717862	1	717861	1	2
717885	2	717884	2	4
717891	1	717890	15	16
717895	2	717894	2	4
717901	6	717900	3	9
717911	1	717910	2	3
717927	2	717926	3	5
717929	3	717928	3	6
717932	2	717931	2	4
717941	1	717940	2	3
717962	4	717961	1	5
717967	6	717966	5	11
717987	2	717986	2	4
718003	2	718002	1	3
718029	3	718028	1	4
718032	1	718031	2	3
718046	2	718045	2	4
718053	2	718052	2	4
718055	1	718054	1	2
718067	1	350875	2	3
718075	2	718074	1	3
718085	3	718084	2	5
718089	2	718088	1	3
718100	4	718099	1	5
718123	3	718122	3	6
718128	2	718127	1	3
718144	3	228782	1	4
718146	1	718145	2	3
718169	1	718168	2	3
718173	2	718172	4	6
718200	2	718199	3	5
718206	1	718205	1	2
718210	1	718209	1	2
718256	2	718255	4	6
718261	3	228870	2	5
718273	1	718272	2	3
718317	1	718316	1	2
718398	1	718397	1	2
718418	1	718417	2	3
718469	2	718468	1	3
718517	1	718516	4	5
718540	4	229106	6	10
718551	2	718550	3	5
718563	4	718562	8	12
718565	2	718564	2	4
718576	2	718575	2	4
718596	10	229153	4	14
718601	51	350967	2	53
718604	3	718603	10	13
718610	2	718609	2	4
718614	6	718613	3	9
718617	3	350971	3	6
718628	2	718627	1	3
718631	2	718630	4	6
718634	2	718633	2	4
718638	3	718637	2	5
718645	4	718644	3	7
718666	7	718665	7	14
718676	2	718675	6	8
718692	2	229244	1	3
718732	2	950571	2	4
718739	10	718738	9	19
718751	2	718750	1	3
718756	10	229305	2	12
718760	4	718759	1	5
718765	3	718764	2	5
718767	5	718766	3	8
718782	8	718781	4	12
718794	6	718793	12	18
718800	8	718799	1	9
718822	3	718821	2	5
718830	5	718829	1	6
718836	5	718835	1	6
718838	1	718837	2	3
718841	2	718840	2	4
718844	4	351002	4	8
718847	4	718846	2	6
718851	1	718850	2	3
718866	2	718865	2	4
718871	3	718870	3	6
718879	7	718878	3	10
718886	3	718885	5	8
718902	7	718901	7	14
718905	3	718904	7	10
718919	6	718918	4	10
718925	6	718924	3	9
718930	5	718929	4	9
718931	6	718928	9	15
718933	6	718932	4	10
718950	2	718949	5	7
718955	6	718954	6	12
718965	5	718964	4	9
718966	2	351022	7	9
718968	10	718967	5	15
718992	2	718991	2	4
719005	3	719004	3	6
719009	6	229441	3	9
719011	3	950677	2	5
719031	3	719030	5	8
719034	7	719033	5	12
719035	3	229463	1	4
719040	3	719039	2	5
719048	6	719047	13	19
719059	3	719058	2	5
719063	12	719062	8	20
719066	9	719065	2	11
719072	12	719071	5	17
719075	2	719074	2	4
719099	3	719098	5	8
719110	4	719109	7	11
719112	12	719111	8	20
719114	5	719113	2	7
719123	6	719122	6	12
719125	1	719124	5	6
719130	1	719129	3	4
719133	1	719132	1	2
719138	2	719137	1	3
719141	5	719140	15	20
719148	4	719147	5	9
719151	2	719150	2	4
719156	3	719155	3	6
719157	3	229560	3	6
719162	1	229574	2	3
719177	3	229584	1	4
719181	1	719180	4	5
719196	10	719195	5	15
719201	5	719200	8	13
719221	8	719220	5	13
719246	5	229664	5	10
719251	3	719250	5	8
719261	2	719260	3	5
719266	1	719265	1	2
719269	1	719268	2	3
719284	1	719283	2	3
719294	1	719293	8	9
719298	5	351085	8	13
719307	2	719306	1	3
719323	2	719322	4	6
719325	2	719324	2	4
719330	3	719329	6	9
719334	7	719333	6	13
719342	10	719341	3	13
719348	6	719347	5	11
719365	2	229743	4	6
719367	5	719366	4	9
719371	4	719370	2	6
719381	5	719380	2	7
719385	6	229770	2	8
719389	6	719388	4	10
719392	3	719391	1	4
719400	4	719399	3	7
719403	5	719402	11	16
719411	9	719410	2	11
719417	1	719416	5	6
719428	3	719427	11	14
719431	1	719430	3	4
719451	4	719450	7	11
719452	5	229852	5	10
719457	2	719456	1	3
719463	6	229860	2	8
719465	3	719464	6	9
719470	3	719469	4	7
719472	2	719471	6	8
719478	7	719477	3	10
719481	9	719480	4	13
719488	5	719487	2	7
719490	4	719489	6	10
719493	1	229882	9	10
719497	13	719491	4	17
719516	1	229908	1	2
719517	1	950894	2	3
719538	2	719537	3	5
719544	1	719543	3	4
719555	7	719554	8	15
719568	2	719567	1	3
719574	4	719573	5	9
719596	1	719595	2	3
719600	1	719599	2	3
719604	11	719603	4	15
719614	3	719613	3	6
719617	3	719616	1	4
719624	11	719623	1	12
719642	10	719641	3	13
719648	1	719647	2	3
719679	1	230115	2	3
719698	3	719697	2	5
719710	3	719709	1	4
719717	6	719716	3	9
719723	1	719722	6	7
719728	2	719727	2	4
719730	2	351225	1	3
719733	2	719732	5	7
719736	2	719735	1	3
719739	2	719738	7	9
719741	2	230162	1	3
719746	1	719745	1	2
719749	1	719748	4	5
719752	2	719751	2	4
719759	3	719758	2	5
719764	5	719763	3	8
719767	3	719766	2	5
719777	3	719776	3	6
719784	3	719783	1	4
719798	7	719797	2	9
719821	3	719820	2	5
719827	1	719826	4	5
719835	4	719834	1	5
719846	1	719845	2	3
719851	7	719850	6	13
719861	4	719860	8	12
719883	4	230263	3	7
719890	2	719889	1	3
719900	1	719899	1	2
719914	1	230286	2	3
719917	2	719916	2	4
719946	2	719945	1	3
719948	3	719947	6	9
719956	13	719955	3	16
719968	2	230334	6	8
719974	3	719973	4	7
719979	2	719978	4	6
719988	4	719987	4	8
719993	2	719992	2	4
719996	6	230355	4	10
720003	3	720002	10	13
720011	6	720010	2	8
720014	1	720013	1	2
720020	3	720019	7	10
720037	3	720036	3	6
720052	1	230408	3	4
720061	1	720060	3	4
720073	2	720072	6	8
720075	6	720074	3	9
720079	6	720078	2	8
720082	3	720081	1	4
720084	4	720083	21	25
720087	2	720086	3	5
720093	1	720092	1	2
720108	2	720107	3	5
720112	4	720111	1	5
720114	2	720113	1	3
720116	1	720115	15	16
720120	5	230475	5	10
720129	1	351303	2	3
720132	1	720131	2	3
720134	3	720133	2	5
720136	1	720135	2	3
720147	7	720146	3	10
720148	1	720144	19	20
720151	1	720150	2	3
720159	2	230528	1	3
720162	3	230534	3	6
720165	1	720164	3	4
720167	2	720166	3	5
720170	1	351312	4	5
720174	1	230547	2	3
720204	2	720203	1	3
720207	5	720206	2	7
720219	5	720218	1	6
720229	5	720228	6	11
720231	2	720230	10	12
720242	5	230640	2	7
720246	1	720245	3	4
720250	3	720249	2	5
720254	2	720253	1	3
720257	5	720256	2	7
720259	1	720258	4	5
720272	4	720271	5	9
720274	8	720273	6	14
720279	1	720278	2	3
720294	1	720293	4	5
720296	2	720295	1	3
720309	1	720308	4	5
720312	1	720311	2	3
720316	3	720315	2	5
720329	3	720328	5	8
720333	1	230742	8	9
720336	1	720335	3	4
720345	4	720344	2	6
720347	5	720346	16	21
720349	2	720348	1	3
720357	3	720356	3	6
720372	1	230780	3	4
720380	4	720379	4	8
720383	1	720382	1	2
720392	3	720391	1	4
720396	2	720395	4	6
720405	1	720404	1	2
720408	1	720407	1	2
720414	4	720413	5	9
720423	12	720422	6	18
720429	1	720428	2	3
720441	1	720440	1	2
720446	3	720445	2	5
720455	2	720454	3	5
720457	4	720456	1	5
720461	5	720460	15	20
720467	6	720466	4	10
720469	8	720468	3	11
720473	1	720472	3	4
720479	4	720478	5	9
720482	2	720481	1	3
720494	4	230910	1	5
720496	5	720495	1	6
720501	2	720500	2	4
720503	6	720502	3	9
720509	4	720508	8	12
720526	2	720525	1	3
720531	3	720530	2	5
720550	2	720549	4	6
720563	7	720562	2	9
720578	3	720577	3	6
720582	2	720581	6	8
720589	1	230990	1	2
720593	6	720592	1	7
720596	3	720595	6	9
720597	5	230993	4	9
720599	2	720598	3	5
720618	3	231017	2	5
720632	3	720629	3	6
720647	3	720646	2	5
720658	3	720657	2	5
720668	2	720667	3	5
720670	2	720669	1	3
720682	1	720681	2	3
720689	2	231097	3	5
720692	5	720691	6	11
720700	3	720699	1	4
720706	4	351449	1	5
720710	5	720709	1	6
720714	5	720713	1	6
720726	1	720725	3	4
720728	4	720727	2	6
720739	1	720738	1	2
720742	2	720741	1	3
720762	2	720761	4	6
720766	4	720765	4	8
720769	5	720768	4	9
720787	6	720786	5	11
720797	3	720796	2	5
720798	4	231184	1	5
720801	5	231186	3	8
720804	4	720803	2	6
720806	3	720805	5	8
720809	5	720808	7	12
720815	2	720814	5	7
720820	2	720819	1	3
720827	5	720826	1	6
720837	1	720836	1	2
720843	1	720842	2	3
720845	4	720844	3	7
720851	4	231242	3	7
720853	3	720852	2	5
720856	1	720855	2	3
720858	2	720857	3	5
720862	4	231248	1	5
720866	6	720865	2	8
720870	3	720869	2	5
720878	1	720877	4	5
720888	5	720887	4	9
720898	5	231268	1	6
720900	1	720899	2	3
720905	2	720904	2	4
720907	2	720906	1	3
720908	4	231272	1	5
720922	7	231283	1	8
720925	4	720924	3	7
720934	2	231301	2	4
720939	1	231305	1	2
720949	1	720948	3	4
720952	1	720951	4	5
720969	2	720968	1	3
720974	3	720973	1	4
720977	3	720976	4	7
720982	4	720981	1	5
720987	5	720986	1	6
720989	5	720988	4	9
721005	6	721004	3	9
721014	2	721013	2	4
721016	7	721015	9	16
721019	1	721018	1	2
721021	2	721020	1	3
721027	5	721026	5	10
721030	1	231443	2	3
721032	2	721031	2	4
721041	3	721040	6	9
721046	6	721045	9	15
721067	3	721066	5	8
721069	6	721068	2	8
721071	1	951479	2	3
721089	5	721088	3	8
721092	1	721091	7	8
721098	5	231483	4	9
721104	3	721103	4	7
721108	4	721107	3	7
721112	4	721111	6	10
721121	1	721120	8	9
721125	1	721124	2	3
721131	4	721130	2	6
721141	5	721140	5	10
721145	3	231518	1	4
721155	1	721154	4	5
721162	4	721161	2	6
721167	4	721166	1	5
721182	2	721181	2	4
721187	2	721186	1	3
721194	6	231572	3	9
721196	1	721195	1	2
721198	2	721197	2	4
721200	3	721199	1	4
721203	9	231581	1	10
721222	3	721221	5	8
721236	5	721235	10	15
721238	9	721237	3	12
721252	2	721251	4	6
721254	3	721253	7	10
721257	3	721256	2	5
721261	1	231620	1	2
721268	1	721267	3	4
721282	6	721281	7	13
721307	4	721306	11	15
721309	5	951583	12	17
721311	2	721310	1	3
721316	2	721315	4	6
721321	4	721320	1	5
721323	3	721322	1	4
721328	2	231678	2	4
721339	1	721338	4	5
721348	1	721347	1	2
721356	2	721355	3	5
721363	6	231712	4	10
721365	2	721364	3	5
721370	7	721369	9	16
721372	4	721371	2	6
721382	2	721381	2	4
721386	2	721385	2	4
721408	2	721407	3	5
721429	1	721428	4	5
721432	2	721431	4	6
721437	7	721436	1	8
721459	5	351587	3	8
721479	1	721478	14	15
721485	12	721484	8	20
721491	2	951658	4	6
721496	5	721495	2	7
721513	7	721512	2	9
721516	7	231801	3	10
721520	1	721519	2	3
721539	3	721538	7	10
721550	3	721549	1	4
721552	2	721551	2	4
721559	3	721558	1	4
721590	3	721589	39	42
721594	1	721593	2	3
721597	2	721596	2	4
721604	6	721603	4	10
721608	34	721607	25	59
721617	7	721616	1	8
721621	3	721620	2	5
721623	3	721622	3	6
721626	3	721625	1	4
721631	2	721630	4	6
721652	4	721651	20	24
721654	2	721653	3	5
721661	1	721660	2	3
721663	6	721662	4	10
721672	49	721671	1	50
721675	3	721674	1	4
721677	2	721676	2	4
721693	12	231865	2	14
721698	4	721697	2	6
721722	4	721721	6	10
721732	1	231918	1	2
721740	1	721739	1	2
721758	22	721757	4	26
721767	3	721766	3	6
721778	2	721777	1	3
721783	6	721782	7	13
721797	2	721796	4	6
721799	5	721798	1	6
721803	2	721802	2	4
721810	1	721809	7	8
721812	3	232018	5	8
721814	7	721813	2	9
721818	1	721817	4	5
721822	10	721821	5	15
721824	2	721823	4	6
721827	3	721826	4	7
721831	10	721830	5	15
721836	12	721835	3	15
721840	5	721839	4	9
721842	1	721841	1	2
721853	5	721852	4	9
721855	3	232042	8	11
721857	2	721856	1	3
721876	4	721875	11	15
721880	2	721879	6	8
721882	3	232068	5	8
721884	1	721883	1	2
721886	8	721885	9	17
721889	9	721888	3	12
721891	7	721890	3	10
721896	1	721895	6	7
721899	4	721898	8	12
721904	1	721903	1	2
721906	2	721905	5	7
721911	3	721910	1	4
721919	2	721918	1	3
721921	3	721920	1	4
721925	2	721924	1	3
721927	7	721926	14	21
721931	3	232102	1	4
721944	2	721943	1	3
721950	2	721949	2	4
721960	2	951856	3	5
721968	3	721967	2	5
721976	5	721975	12	17
721978	2	351672	1	3
721986	3	721985	2	5
721989	1	721988	9	10
721999	1	232180	2	3
722001	2	722000	3	5
722009	2	232194	7	9
722024	5	722023	2	7
722026	1	232207	4	5
722032	1	722031	1	2
722034	5	722033	5	10
722037	3	722036	3	6
722042	1	722041	8	9
722055	3	722054	5	8
722062	4	722061	8	12
722063	9	232228	1	10
722089	1	232248	2	3
722091	7	722090	6	13
722109	5	722108	3	8
722111	2	722110	2	4
722115	1	722114	1	2
722122	1	722121	4	5
722140	5	232278	3	8
722150	2	722149	4	6
722152	2	722151	1	3
722153	1	232287	1	2
722163	4	722162	2	6
722165	1	722164	3	4
722174	1	232297	3	4
722190	7	722189	4	11
722204	5	722203	4	9
722207	2	722206	2	4
722247	2	722246	3	5
722254	7	722253	8	15
722256	1	722255	1	2
722274	1	722273	1	2
722288	4	722287	6	10
722295	7	722294	2	9
722303	1	951958	3	4
722312	3	232408	1	4
722320	1	232415	1	2
722331	1	722330	1	2
722334	1	722333	1	2
722336	1	722335	1	2
722343	4	722342	4	8
722346	3	722345	1	4
722355	2	722354	3	5
722364	1	722363	1	2
722373	3	722372	5	8
722374	10	232467	1	11
722377	4	722376	3	7
722379	3	722378	12	15
722388	3	722387	5	8
722393	3	722392	4	7
722403	3	722402	3	6
722409	3	722408	3	6
722416	2	722415	48	50
722417	5	232491	2	7
722420	4	722419	2	6
722423	2	722422	6	8
722430	3	722429	2	5
722434	2	232499	2	4
722437	1	722436	3	4
722444	1	722443	6	7
722446	5	722445	2	7
722452	2	722451	7	9
722454	4	722453	6	10
722459	2	722458	5	7
722462	6	722461	8	14
722469	4	722468	1	5
722478	7	722477	9	16
722480	4	722479	5	9
722483	2	722482	7	9
722496	1	232536	2	3
722504	5	722503	7	12
722512	4	722511	5	9
722515	4	722514	4	8
722517	1	722516	1	2
722524	9	722523	12	21
722526	11	232548	6	17
722529	5	722528	10	15
722532	6	722531	2	8
722538	3	722537	7	10
722541	7	952036	5	12
722544	3	722543	8	11
722556	15	722555	14	29
722563	2	722562	3	5
722576	8	722575	8	16
722585	1	722584	4	5
722587	3	722586	5	8
722588	12	351752	8	20
722598	10	722597	17	27
722601	1	722600	4	5
722613	3	722612	4	7
722620	4	952069	4	8
722623	3	952072	3	6
722635	2	722634	1	3
722637	2	722636	2	4
722645	3	722644	6	9
722659	4	722658	3	7
722684	3	722683	10	13
722694	3	722693	6	9
722696	4	722695	3	7
722708	2	722707	1	3
722711	4	722710	1	5
722723	5	722722	2	7
722728	4	952120	2	6
722734	4	722733	4	8
722738	5	232709	2	7
722745	4	351788	2	6
722753	3	722752	2	5
722758	1	722757	3	4
722761	3	722760	11	14
722770	1	232737	3	4
722772	1	232739	4	5
722779	29	722777	10	39
722782	5	722781	2	7
722793	30	722792	8	38
722797	3	722796	2	5
722803	9	1095925	1	10
722831	6	722830	8	14
722833	8	232785	9	17
722846	2	232791	5	7
722847	6	232792	1	7
722852	6	722851	7	13
722854	6	232804	5	11
722859	6	722858	9	15
722862	4	722861	3	7
722867	4	952188	7	11
722873	11	952196	2	13
722876	2	722875	3	5
722878	10	722877	2	12
722884	1	722883	4	5
722902	5	722901	5	10
722907	19	722905	10	29
722912	2	232858	1	3
722915	3	722914	3	6
722922	4	722921	2	6
722926	4	722925	3	7
722940	1	722939	5	6
722945	15	722944	1	16
722948	2	722947	1	3
722951	1	722950	1	2
722957	2	722956	3	5
722960	1	722959	4	5
722979	4	232894	1	5
722983	4	722982	1	5
722993	3	722992	3	6
722998	4	722997	5	9
723000	2	722999	3	5
723006	7	723005	5	12
723009	5	723008	1	6
723011	2	723010	6	8
723026	4	723025	1	5
723030	2	723029	2	4
723032	5	232936	2	7
723036	1	723035	1	2
723044	1	723043	5	6
723052	3	723051	5	8
723054	2	723053	1	3
723055	3	232956	2	5
723058	15	723057	11	26
723069	9	232961	2	11
723081	3	723080	3	6
723083	1	723082	6	7
723085	5	232965	5	10
723089	1	1096014	5	6
723099	5	723096	2	7
723105	6	723104	3	9
723109	1	723108	2	3
723114	5	723113	1	6
723123	11	351849	1	12
723125	7	723124	2	9
723129	5	723128	3	8
723151	33	723150	5	38
723155	4	233026	5	9
723158	3	723156	2	5
723163	2	723162	10	12
723167	3	723166	2	5
723172	11	723171	7	18
723174	8	723173	2	10
723176	3	1096038	2	5
723183	7	723182	3	10
723185	3	723184	1	4
723211	5	723210	1	6
723216	1	723215	4	5
723218	7	723217	5	12
723229	2	723228	1	3
723236	1	723235	8	9
723242	8	723241	7	15
723249	4	723248	3	7
723256	1	723255	1	2
723267	2	723266	7	9
723273	5	723272	4	9
723279	5	723278	5	10
723287	1	723286	3	4
723289	5	233098	5	10
723301	5	723300	1	6
723304	2	723303	7	9
723306	3	351878	73	76
723318	6	723317	2	8
723321	5	723320	2	7
723323	3	723322	2	5
723325	2	723324	4	6
723327	4	723326	2	6
723333	3	723332	5	8
723346	10	723345	2	12
723348	1	723347	6	7
723353	23	723352	6	29
723366	4	723365	2	6
723369	6	723368	6	12
723374	2	723373	3	5
723376	7	723375	1	8
723391	7	723390	5	12
723400	3	723399	1	4
723415	3	723414	12	15
723419	1	723418	2	3
723421	7	723420	5	12
723435	4	723434	4	8
723442	4	233221	1	5
723449	3	723448	1	4
723453	3	723452	2	5
723457	1	233230	1	2
723464	4	723463	4	8
723469	6	723468	7	13
723472	7	723471	1	8
723475	1	233247	2	3
723480	4	723479	6	10
723490	13	723489	5	18
723496	2	723495	1	3
723506	4	952439	1	5
723511	4	351917	6	10
723513	1	723512	4	5
723520	3	723519	2	5
723531	6	723530	2	8
723543	35	723542	8	43
723545	1	723544	4	5
723547	9	723546	9	18
723549	5	723548	7	12
723556	3	233305	2	5
723560	2	723559	2	4
723572	4	723571	4	8
723576	3	723575	4	7
723577	4	233338	8	12
723592	9	723591	6	15
723596	19	233350	19	38
723600	14	233355	9	23
723603	13	723602	13	26
723611	14	723610	3	17
723619	5	723618	13	18
723623	8	723622	15	23
723625	6	723624	10	16
723633	10	723632	1	11
723636	6	723635	7	13
723641	2	723640	5	7
723650	10	351946	14	24
723653	16	723652	25	41
723666	19	723665	21	40
723686	13	723685	3	16
723699	7	723698	6	13
723702	6	723701	5	11
723705	3	723704	1	4
723707	1	233408	1	2
723709	2	723708	7	9
723714	6	723713	4	10
723719	3	723718	7	10
723733	20	723732	4	24
723755	2	723754	5	7
723759	1	723758	4	5
723766	2	723765	2	4
723768	5	723767	3	8
723772	1	723771	3	4
723774	6	351959	4	10
723776	1	723775	3	4
723779	1	723778	7	8
723781	1	723780	6	7
723789	5	723788	4	9
723791	6	723790	8	14
723798	2	723797	4	6
723801	3	723800	4	7
723804	2	723803	2	4
723807	3	233458	1	4
723818	2	723817	1	3
723827	4	723826	1	5
723833	15	723832	7	22
723837	4	723836	6	10
723839	3	723838	9	12
723840	5	952567	3	8
723845	10	723844	4	14
723848	6	723847	2	8
723850	5	723849	3	8
723853	5	723852	6	11
723855	8	233488	2	10
723860	7	723859	4	11
723870	1	723869	4	5
723873	3	723872	4	7
723876	11	723875	4	15
723879	3	723878	1	4
723883	6	723882	5	11
723889	2	723888	6	8
723894	1	723893	3	4
723896	6	723895	2	8
723898	6	723897	9	15
723900	2	723899	2	4
723903	4	723902	7	11
723909	1	723908	2	3
723910	3	351982	4	7
723915	3	723914	1	4
723931	3	723930	2	5
723940	5	952600	7	12
723942	7	723941	4	11
723951	4	723950	3	7
723954	8	723953	5	13
723955	5	351986	4	9
723957	2	723956	4	6
723960	4	723959	2	6
723969	2	723968	3	5
723976	3	723975	1	4
723988	5	723987	4	9
723996	1	233559	3	4
724005	6	724004	1	7
724006	2	351992	1	3
724017	1	724016	4	5
724024	1	233584	1	2
724028	13	352000	5	18
724031	1	724030	3	4
724032	4	952636	1	5
724041	2	724040	2	4
724044	1	724043	8	9
724048	3	724047	3	6
724051	3	724050	4	7
724055	2	233610	2	4
724059	3	724058	2	5
724064	3	724063	4	7
724068	5	724067	4	9
724072	6	724071	6	12
724075	3	724074	3	6
724079	3	724078	4	7
724081	3	724080	3	6
724091	12	352008	24	36
724095	3	724094	5	8
724098	5	233630	3	8
724100	27	233631	4	31
724110	5	724109	4	9
724115	2	724114	3	5
724126	2	724125	1	3
724140	5	724139	5	10
724150	4	724149	16	20
724160	5	233669	3	8
724168	2	352025	1	3
724184	7	724183	4	11
724186	4	724185	14	18
724191	2	724190	8	10
724193	2	724192	3	5
724209	13	724208	3	16
724213	6	724212	6	12
724220	5	724219	1	6
724222	1	724221	4	5
724225	3	724224	3	6
724226	1	233707	1	2
724229	3	724228	1	4
724232	1	724231	3	4
724237	4	952727	5	9
724239	4	724238	8	12
724243	7	724242	3	10
724245	9	724244	7	16
724249	9	724248	1	10
724252	5	724251	5	10
724254	5	724253	3	8
724265	1	233721	3	4
724270	3	724269	1	4
724279	8	233732	6	14
724281	6	724280	4	10
724285	7	233735	1	8
724288	5	724287	5	10
724293	2	724292	2	4
724298	3	724297	9	12
724300	4	724299	4	8
724305	9	724304	3	12
724310	4	724309	3	7
724320	3	352040	6	9
724325	2	724324	3	5
724333	1	724332	13	14
724339	5	724338	3	8
724347	2	724346	2	4
724362	2	724361	1	3
724373	1	724372	1	2
724379	3	724378	2	5
724381	2	724380	2	4
724384	2	724383	2	4
724391	2	724390	2	4
724394	6	724393	3	9
724397	3	724396	1	4
724410	6	233768	3	9
724425	5	352049	6	11
724433	4	724432	6	10
724435	5	724434	5	10
724451	3	233799	6	9
724462	3	724461	3	6
724466	8	233822	4	12
724468	7	724467	2	9
724474	7	724473	5	12
724476	5	724475	9	14
724485	2	724484	2	4
724488	5	724487	7	12
724491	5	724490	3	8
724508	4	724507	6	10
724511	5	724510	7	12
724517	2	724516	15	17
724522	3	724521	9	12
724528	3	724527	7	10
724532	1	952831	14	15
724533	11	952832	9	20
724537	3	724536	5	8
724550	1	724549	1	2
724552	2	724551	2	4
724560	4	724559	3	7
724566	4	724565	3	7
724570	4	724569	1	5
724575	4	724574	1	5
724577	2	724576	7	9
724583	5	724582	3	8
724586	5	724585	3	8
724592	21	724591	5	26
724598	4	724597	5	9
724602	3	724601	4	7
724607	12	724606	5	17
724610	8	724609	11	19
724612	6	724611	7	13
724615	6	724614	14	20
724625	4	724624	16	20
724627	6	724626	5	11
724630	3	724629	2	5
724640	6	233889	2	8
724652	1	724651	7	8
724656	3	724655	10	13
724658	8	724657	5	13
724666	5	724665	3	8
724673	3	724672	2	5
724675	7	724674	4	11
724679	1	724678	6	7
724685	6	233909	4	10
724689	3	233910	4	7
724695	1	352081	2	3
724701	2	724700	5	7
724707	3	724706	7	10
724714	1	724713	4	5
724720	3	724719	8	11
724722	4	724721	5	9
724728	4	724727	2	6
724735	5	724734	3	8
724742	23	352084	1	24
724744	8	724743	12	20
724746	10	724745	6	16
724753	7	724752	7	14
724759	9	724758	3	12
724768	6	233943	1	7
724775	2	724774	2	4
724781	6	724780	1	7
724786	3	724785	2	5
724806	6	233965	3	9
724808	1	724807	3	4
724811	1	724810	5	6
724812	5	352091	2	7
724814	3	724813	2	5
724817	3	724816	3	6
724819	5	724818	2	7
724821	1	724820	5	6
724828	1	724827	8	9
724830	2	724829	1	3
724836	2	724835	1	3
724839	4	724838	2	6
724841	1	724840	4	5
724843	1	724842	3	4
724848	5	233991	2	7
724852	2	724851	1	3
724854	2	724853	5	7
724864	8	724863	9	17
724869	7	724868	9	16
724875	32	724874	1	33
724880	7	724879	1	8
724884	7	724883	3	10
724886	4	724885	3	7
724889	2	724888	7	9
724894	3	234003	1	4
724896	2	724895	3	5
724913	4	234022	2	6
724919	3	352105	5	8
724926	7	724925	3	10
724928	6	352109	7	13
724934	7	724933	3	10
724942	7	724941	3	10
724948	4	724947	5	9
724950	4	724949	2	6
724952	3	724951	4	7
724954	8	724953	4	12
724957	1	724956	6	7
724962	5	724961	19	24
724972	5	724971	4	9
724974	4	724973	4	8
724982	3	724981	1	4
724989	2	724988	3	5
724991	7	724990	7	14
725002	8	725001	3	11
725004	1	725003	2	3
725006	1	725005	9	10
725014	1	725013	6	7
725022	4	234050	2	6
725028	4	725027	4	8
725029	4	234054	1	5
725031	3	725030	5	8
725033	4	725032	2	6
725037	8	234057	3	11
725038	1	352118	7	8
725041	2	725040	7	9
725042	2	953004	4	6
725051	2	725050	5	7
725056	6	725055	1	7
725063	6	725062	1	7
725077	1	725076	4	5
725097	2	953017	7	9
725101	5	725100	2	7
725114	7	725113	7	14
725115	3	953028	7	10
725118	5	725117	11	16
725119	7	953030	19	26
725123	8	953032	6	14
725125	8	725124	4	12
725141	4	725140	9	13
725155	2	725154	23	25
725170	23	725169	10	33
725190	5	725189	4	9
725194	11	725193	6	17
725215	8	725214	3	11
725218	2	725217	5	7
725220	1	725219	3	4
725222	1	725221	2	3
725224	2	725223	8	10
725229	4	725228	2	6
725240	6	725239	5	11
725246	6	725245	5	11
725258	5	725257	3	8
725263	9	234137	2	11
725269	8	725268	11	19
725278	8	725277	10	18
725300	6	725299	5	11
725302	6	725301	2	8
725307	3	725306	4	7
725309	2	725308	4	6
725311	4	725310	2	6
725313	2	725312	4	6
725350	7	725349	2	9
725354	2	234187	1	3
725356	1	725355	3	4
725360	1	725359	1	2
725363	3	725362	4	7
725394	4	725393	6	10
725398	8	725397	10	18
725403	1	725402	4	5
725405	5	725404	1	6
725407	6	234222	1	7
725408	5	234223	1	6
725412	2	725411	3	5
725415	3	234226	2	5
725417	4	725416	2	6
725420	1	725419	1	2
725427	9	725426	2	11
725432	1	725431	1	2
725436	2	725435	7	9
725438	4	725437	1	5
725440	5	725439	6	11
725449	5	725448	2	7
725455	6	725454	2	8
725457	1	725456	4	5
725461	20	725460	5	25
725465	9	725464	6	15
725487	1	725486	6	7
725490	5	725489	6	11
725492	12	725491	5	17
725494	5	725493	30	35
725498	3	725497	19	22
725502	3	725501	6	9
725506	6	725505	4	10
725508	2	725507	4	6
725512	7	725511	13	20
725537	3	725536	3	6
725562	9	725561	8	17
725564	13	725563	23	36
725566	1	725565	5	6
725571	2	725570	5	7
725577	2	725576	1	3
725580	1	725579	1	2
725601	36	725600	5	41
725624	4	725623	2	6
725638	7	725637	3	10
725648	12	725647	10	22
725651	8	725650	7	15
725654	5	725653	4	9
725681	8	725680	1	9
725700	23	725699	10	33
725702	9	725701	1	10
725706	1	725705	2	3
725714	2	352185	2	4
725717	4	725716	6	10
725719	1	725718	1	2
725721	5	234313	4	9
725739	9	725738	5	14
725742	7	725741	2	9
725744	5	725743	4	9
725747	3	725746	8	11
725764	6	352197	2	8
725767	1	725766	3	4
725772	1	725771	16	17
725776	4	725775	5	9
725780	5	725779	4	9
725783	7	725782	8	15
725798	3	725797	3	6
725801	7	352201	1	8
725807	2	725806	1	3
725811	2	725810	2	4
725825	21	725824	3	24
725830	2	234389	6	8
725833	4	725832	5	9
725835	7	725834	6	13
725842	4	725841	10	14
725847	4	725846	7	11
725856	2	725855	6	8
725863	9	725862	7	16
725866	4	725865	5	9
725869	1	725868	5	6
725873	4	725872	3	7
725893	8	725892	3	11
725895	5	953271	2	7
725905	5	725904	8	13
725910	4	725909	2	6
725912	8	725911	2	10
725920	3	234413	2	5
725922	3	725921	1	4
725934	8	725933	6	14
725944	9	725943	4	13
725967	1	352218	5	6
725973	11	725972	5	16
725978	7	725977	3	10
725981	6	725980	8	14
725984	4	725983	3	7
725998	18	725997	28	46
726014	40	726013	27	67
726019	6	726018	2	8
726039	9	726038	5	14
726052	7	726051	10	17
726064	8	726063	7	15
726072	6	726071	6	12
726077	10	726076	7	17
726080	3	726079	4	7
726084	2	726083	3	5
726097	6	726096	2	8
726099	5	726098	12	17
726106	1	726105	7	8
726110	6	726109	8	14
726122	11	726121	2	13
726128	4	726127	1	5
726130	2	726129	6	8
726142	9	726141	4	13
726147	2	726146	4	6
726164	2	726163	14	16
726176	1	953378	1	2
726179	7	726178	9	16
726198	3	726197	1	4
726202	3	726201	2	5
726212	1	726211	2	3
726237	1	726236	10	11
726239	15	352258	1	16
726240	3	234551	1	4
726244	9	234554	2	11
726248	4	726247	4	8
726251	7	726250	2	9
726255	8	726254	8	16
726261	6	726260	10	16
726270	4	726269	4	8
726277	17	726276	8	25
726279	4	726278	11	15
726296	3	726295	6	9
726297	4	234571	8	12
726305	6	726304	3	9
726332	5	726331	6	11
726342	5	726341	8	13
726344	5	726343	8	13
726345	5	234579	4	9
726347	5	234580	3	8
726356	4	726355	6	10
726363	5	726362	25	30
726366	9	726365	9	18
726375	4	726374	10	14
726378	11	726377	4	15
726396	7	726395	6	13
726398	5	953480	6	11
726401	8	726400	5	13
726403	10	726402	3	13
726407	3	726406	2	5
726416	7	726415	3	10
726452	4	726451	14	18
726456	3	726455	7	10
726461	19	726460	3	22
726478	1	726477	11	12
726481	5	726480	5	10
726493	5	234631	4	9
726496	1	726495	6	7
726499	4	726498	6	10
726502	3	726501	7	10
726508	1	953527	12	13
726521	1	726520	3	4
726522	75	352291	1	76
726525	5	726524	3	8
726531	8	726530	7	15
726539	3	726538	6	9
726545	8	726544	6	14
726547	1	726546	7	8
726552	5	726551	5	10
726554	1	352293	8	9
726557	8	726556	6	14
726563	5	726562	6	11
726567	21	726566	8	29
726578	11	953555	2	13
726586	5	352299	1	6
726588	4	726587	2	6
726591	2	726590	6	8
726595	7	726594	4	11
726598	1	234678	6	7
726600	14	726599	5	19
726601	2	234679	5	7
726605	9	726604	4	13
726611	8	726610	10	18
726627	2	726626	3	5
726635	1	726634	2	3
726637	1	726636	2	3
726640	3	726639	1	4
726651	1	726650	4	5
726673	1	726672	6	7
726678	5	726677	5	10
726686	6	726685	7	13
726704	7	726703	16	23
726706	8	726705	4	12
726723	1	726722	7	8
726725	6	726724	4	10
726731	12	726730	14	26
726732	7	953625	1	8
726738	4	726737	12	16
726741	1	726740	5	6
726750	6	726749	4	10
726755	6	726754	3	9
726758	12	726757	7	19
726760	6	726759	11	17
726763	12	726762	5	17
726772	12	726771	6	18
726778	4	726777	7	11
726785	6	726784	2	8
726799	4	726798	4	8
726819	8	726818	5	13
726823	95	726822	1	96
726825	8	726824	6	14
726833	5	726832	3	8
726842	2	726841	5	7
726847	4	726846	6	10
726879	7	726878	3	10
726881	7	726880	9	16
726896	2	726895	2	4
726898	1	726897	4	5
726900	1	726899	1	2
726903	5	726902	2	7
726921	3	726920	9	12
726923	10	726922	6	16
726925	5	953693	2	7
726937	9	726936	1	10
726940	1	726939	3	4
726942	9	234797	3	12
726958	1	726957	1	2
726964	4	234806	1	5
726977	11	726976	8	19
726988	4	953724	3	7
726993	3	953727	6	9
727003	3	727002	9	12
727016	12	727015	3	15
727025	11	727024	8	19
727034	5	234834	1	6
727042	8	727041	10	18
727051	2	727050	2	4
727053	2	352362	5	7
727059	3	727058	1	4
727070	3	727069	3	6
727078	8	727077	8	16
727083	4	727082	5	9
727087	8	727086	2	10
727097	6	727096	12	18
727100	12	727099	11	23
727103	4	727102	3	7
727105	4	727104	6	10
727108	6	727107	5	11
727117	2	727116	6	8
727128	1	727127	8	9
727140	7	727139	3	10
727150	8	727149	6	14
727160	4	727159	19	23
727177	1	727176	12	13
727184	4	727183	8	12
727191	4	727190	6	10
727200	11	727199	5	16
727202	4	727201	8	12
727208	2	727207	5	7
727210	4	953817	3	7
727217	1	727216	5	6
727221	8	727220	8	16
727224	27	727223	6	33
727230	6	727229	1	7
727234	6	727233	1	7
727245	7	727244	1	8
727247	11	727246	3	14
727254	6	727253	6	12
727258	5	727257	7	12
727264	11	727263	2	13
727273	6	727272	4	10
727280	7	727279	8	15
727289	1	727288	3	4
727291	7	727290	5	12
727298	5	727297	4	9
727300	3	727299	3	6
727306	4	727305	7	11
727332	2	727331	13	15
727334	2	727333	6	8
727349	8	727348	6	14
727351	8	727350	4	12
727355	7	727354	2	9
727363	4	727362	8	12
727375	2	727374	9	11
727380	9	727379	3	12
727388	8	727387	2	10
727399	3	727398	5	8
727406	9	235025	11	20
727411	6	727410	4	10
727417	5	727416	13	18
727420	7	727419	15	22
727428	6	727427	3	9
727450	42	727449	1	43
727453	13	727452	8	21
727456	15	727455	5	20
727472	4	727471	5	9
727481	9	727480	5	14
727489	10	727488	5	15
727497	3	727496	14	17
727511	1	727510	2	3
727516	4	727515	5	9
727519	13	727518	9	22
727530	17	727529	7	24
727534	8	727533	2	10
727545	2	727544	9	11
727565	8	235083	2	10
727577	12	727576	2	14
727588	2	727587	5	7
727598	14	727597	16	30
727614	14	727613	3	17
727660	2	727659	1	3
727665	3	727664	1	4
727693	11	727692	8	19
727695	21	727694	23	44
727705	10	235133	99	109
727709	3	727708	1	4
727713	8	727712	3	11
727719	7	727718	3	10
727740	21	727739	17	38
727788	9	954057	5	14
727789	5	954059	4	9
727795	3	727794	8	11
727805	4	727804	7	11
727809	13	727808	17	30
727812	3	727811	8	11
727819	8	727818	11	19
727821	18	727820	3	21
727826	9	727825	7	16
727828	4	727827	24	28
727832	11	235215	4	15
727834	4	727833	9	13
727837	47	727836	15	62
727839	4	727838	3	7
727847	4	727846	11	15
727849	6	727848	8	14
727852	8	727851	8	16
727855	7	727854	2	9
727857	4	727856	5	9
727866	7	235238	5	12
727870	1	727869	5	6
727880	10	727879	5	15
727882	1	727881	3	4
727883	6	954086	9	15
727886	7	727885	6	13
727893	3	727892	6	9
727895	5	727894	8	13
727897	42	727896	7	49
727907	11	727906	6	17
727910	4	727909	7	11
727914	9	727913	7	16
727916	7	727915	19	26
727927	12	727926	5	17
727933	10	727932	7	17
727957	8	727956	1	9
727971	9	235270	3	12
727973	3	727972	8	11
727976	2	727975	6	8
727988	3	727987	9	12
727992	9	727991	8	17
727993	25	235273	3	28
727999	9	727998	15	24
728001	13	728000	37	50
728005	2	728004	5	7
728013	7	728012	9	16
728026	9	728025	5	14
728034	9	728033	10	19
728046	7	728045	3	10
728049	3	728048	4	7
728058	7	728057	5	12
728060	14	1097408	1	15
728069	11	728068	33	44
728072	26	728071	4	30
728074	4	728073	6	10
728081	11	728080	14	25
728098	11	728097	5	16
728101	19	728100	8	27
728114	11	235308	1	12
728117	7	728116	4	11
728125	14	728124	7	21
728131	12	728130	11	23
728133	8	954158	3	11
728137	5	728136	9	14
728148	1	728147	10	11
728165	5	235321	9	14
728172	6	728171	16	22
728187	4	728186	3	7
728188	113	954183	7	120
728192	5	728191	9	14
728246	11	235384	5	16
728248	9	728247	63	72
728251	4	728250	2	6
728256	10	728255	3	13
728271	19	728270	4	23
728275	2	728274	12	14
728281	2	728280	15	17
728283	4	728282	4	8
728298	6	728297	8	14
728307	4	728306	1	5
728319	4	728318	7	11
728322	15	728321	8	23
728327	10	235429	10	20
728329	8	728328	7	15
728343	10	728342	9	19
728362	9	728361	2	11
728382	7	728381	13	20
728393	15	352519	15	30
728405	6	728404	15	21
728406	8	352522	44	52
728453	8	352541	2	10
728457	44	728456	15	59
728460	10	728459	35	45
728466	20	728465	11	31
728483	11	728482	28	39
728494	18	728493	25	43
728504	5	728503	23	28
728517	4	728516	3	7
728537	7	728536	5	12
728546	11	728545	9	20
728554	5	728553	7	12
728567	1	728565	3	4
728569	6	235566	3	9
728577	3	728576	3	6
728583	8	728582	6	14
728588	1	728587	3	4
728595	1	728594	3	4
728598	4	235571	5	9
728600	1	728599	1	2
728605	10	728604	1	11
728611	4	728610	5	9
728614	4	728613	1	5
728618	3	728617	2	5
728623	3	728622	7	10
728627	2	728626	3	5
728630	1	728628	5	6
728633	9	728632	7	16
728640	5	728639	3	8
728642	11	728641	3	14
728647	11	728646	3	14
728652	5	728651	9	14
728660	6	235589	2	8
728664	8	728663	12	20
728678	6	728677	8	14
728696	9	235601	3	12
728699	4	728698	6	10
728703	6	728702	8	14
728707	1	728706	9	10
728709	10	728708	3	13
728713	31	728712	7	38
728732	6	728731	5	11
728748	4	728747	6	10
728753	11	728752	3	14
728766	8	728765	3	11
728769	10	728768	2	12
728770	6	235656	3	9
728786	2	728785	14	16
728831	3	728830	9	12
728835	14	728834	1	15
728839	8	235699	2	10
728851	4	728850	2	6
728856	8	728855	5	13
728887	2	728886	8	10
728891	1	728890	6	7
728896	5	235738	5	10
728898	2	728897	6	8
728903	18	728902	10	28
728914	24	728913	8	32
728918	4	728917	5	9
728935	1	728934	4	5
728953	3	235769	2	5
728956	7	728955	1	8
728959	3	728958	1	4
728961	7	728960	11	18
728974	11	728973	5	16
728981	3	728980	9	12
728993	3	728992	11	14
728995	5	728994	7	12
729006	21	729005	5	26
729012	5	729011	5	10
729016	13	729015	7	20
729018	7	729017	4	11
729019	1	235794	3	4
729021	6	729020	8	14
729032	4	729031	8	12
729034	2	729033	5	7
729038	7	729037	4	11
729055	6	729054	4	10
729058	6	729057	3	9
729060	9	235801	6	15
729067	5	729066	10	15
729069	1	729068	7	8
729075	7	729074	4	11
729078	6	729077	6	12
729098	1	729097	3	4
729113	7	729112	4	11
729115	9	729114	14	23
729128	9	729127	6	15
729130	8	729129	14	22
729135	5	729134	4	9
729138	2	729137	6	8
729139	1	235816	3	4
729141	3	729140	4	7
729145	4	729144	2	6
729146	11	235818	3	14
729156	8	729155	5	13
729158	17	729157	5	22
729167	12	729166	1	13
729176	5	729175	6	11
729204	8	235845	7	15
729237	6	729236	4	10
729239	5	729238	7	12
729250	5	729249	1	6
729259	3	729258	10	13
729278	4	729277	6	10
729289	2	729288	2	4
729295	4	729294	4	8
729304	1	729303	1	2
729314	2	729313	2	4
729316	3	729315	7	10
729324	5	729323	1	6
729333	7	954690	3	10
729337	2	729336	5	7
729348	3	729347	19	22
729351	8	729350	5	13
729374	3	729373	1	4
729408	3	729407	1	4
729411	1	729410	2	3
729443	1	729442	1	2
729466	3	729465	1	4
729472	7	235994	5	12
729479	2	729478	4	6
729483	4	729482	1	5
729485	1	729484	2	3
729501	1	236015	2	3
729553	1	729552	2	3
729564	1	729563	2	3
729567	1	236125	1	2
729588	1	729587	4	5
729592	1	729591	6	7
729595	3	729594	3	6
729658	1	729657	1	2
729664	1	729663	1	2
729666	1	729665	8	9
729690	1	729689	1	2
729701	10	729700	11	21
729714	3	729713	2	5
729721	36	729720	4	40
729727	1	729726	1	2
729737	1	729736	10	11
729741	3	729740	1	4
729767	1	729766	12	13
729806	2	729805	1	3
729810	2	729809	2	4
729813	2	729812	2	4
729825	3	729824	2	5
729842	6	729839	5	11
729861	2	729860	5	7
729868	1	729867	2	3
729870	4	729869	2	6
729874	5	236387	2	7
729901	5	729900	1	6
729918	4	729917	4	8
729952	36	729951	4	40
729955	1	729954	3	4
729960	2	236533	1	3
729991	6	729990	5	11
730004	6	730003	9	15
730008	2	730007	7	9
730021	1	730020	4	5
730071	3	730070	5	8
730079	2	730078	2	4
730100	2	730099	7	9
730112	8	730111	4	12
730116	6	730115	3	9
730132	1	730131	2	3
730134	8	730133	21	29
730143	7	730142	12	19
730154	41	730153	1	42
730160	2	730159	6	8
730162	3	730161	1	4
730169	6	730167	4	10
730170	1	236609	1	2
730190	1	730189	2	3
730192	10	236618	3	13
730197	3	730196	8	11
730205	2	730204	10	12
730226	2	730225	5	7
730238	9	730237	8	17
730255	3	730254	6	9
730263	1	730262	10	11
730268	7	236661	1	8
730271	40	730270	3	43
730273	2	236673	1	3
730275	4	730274	1	5
730277	1	730276	9	10
730290	9	730289	6	15
730299	10	730298	5	15
730305	4	730304	2	6
730311	5	730310	5	10
730321	17	730320	7	24
730323	4	730322	2	6
730327	2	730326	2	4
730330	4	236712	4	8
730334	7	352916	10	17
730336	8	730335	21	29
730347	3	730346	1	4
730352	8	730351	1	9
730354	4	730353	4	8
730358	4	730357	5	9
730361	3	730360	1	4
730365	5	730364	1	6
730368	9	730367	14	23
730377	4	730376	3	7
730385	7	730384	10	17
730404	4	955116	4	8
730411	1	730410	1	2
730417	1	236735	1	2
730436	2	730435	2	4
730447	13	236761	7	20
730451	1	730450	5	6
730458	1	730457	3	4
730460	6	730459	4	10
730464	2	730463	1	3
730471	8	730470	7	15
730475	1	730474	1	2
730479	2	730478	1	3
730481	7	730480	2	9
730483	1	730482	2	3
730496	1	730495	4	5
730500	5	730499	1	6
730503	1	730502	3	4
730528	2	730527	6	8
730539	1	730538	2	3
730542	2	730541	3	5
730544	4	730543	2	6
730547	6	236793	3	9
730549	2	730548	2	4
730551	5	730550	1	6
730553	8	730552	3	11
730557	1	730556	2	3
730573	4	730572	4	8
730584	3	730583	5	8
730587	6	236819	7	13
730589	5	730588	4	9
730591	5	730590	5	10
730601	6	730600	14	20
730611	1	236838	4	5
730630	4	730629	9	13
730632	1	730631	5	6
730635	2	730634	9	11
730637	6	730636	2	8
730640	2	730639	6	8
730647	2	730646	4	6
730655	9	730654	3	12
730660	6	730659	2	8
730662	12	730661	6	18
730671	1	730670	4	5
730673	2	730672	3	5
730675	1	730674	5	6
730683	3	730682	2	5
730684	10	352962	7	17
730687	14	730686	3	17
730689	12	352963	4	16
730692	4	730691	2	6
730705	2	730704	5	7
730708	6	730707	5	11
730711	6	730710	7	13
730714	5	730713	8	13
730720	7	236917	1	8
730722	3	730721	1	4
730737	1	730736	1	2
730745	4	730744	10	14
730747	8	730746	2	10
730751	7	730750	2	9
730757	9	730756	7	16
730759	12	236933	1	13
730766	4	730765	3	7
730776	4	730775	4	8
730780	4	730779	2	6
730789	6	730788	3	9
730792	3	730791	3	6
730794	3	730793	2	5
730799	3	730798	3	6
730801	10	730800	5	15
730816	13	730815	3	16
730827	3	730826	16	19
730832	9	730831	18	27
730836	1	730835	5	6
730838	4	730837	7	11
730840	4	236984	5	9
730844	2	730843	5	7
730847	3	730846	5	8
730861	5	730860	5	10
730871	1	730870	3	4
730877	5	730876	18	23
730881	6	237029	2	8
730894	2	730893	7	9
730896	9	237053	3	12
730904	8	730903	2	10
730907	5	730906	4	9
730911	3	730910	4	7
730918	7	730917	8	15
730939	6	730938	1	7
730942	5	730941	15	20
730945	8	237079	4	12
730947	2	730946	6	8
730950	7	730949	3	10
730952	2	730951	5	7
730957	3	730956	6	9
730961	1	730960	3	4
730962	2	237094	1	3
730969	10	730968	11	21
730975	3	730974	5	8
730977	7	730976	1	8
730980	6	730979	7	13
730982	5	730981	2	7
730995	4	955352	1	5
730997	7	730996	5	12
730999	4	730998	2	6
731002	6	731001	9	15
731007	8	731006	5	13
731024	2	731023	4	6
731034	2	237139	4	6
731037	9	955364	8	17
731053	7	731052	8	15
731068	9	731067	1	10
731072	5	237164	3	8
731075	1	731074	12	13
731079	8	731078	7	15
731084	9	731083	4	13
731091	5	955380	8	13
731093	1	731092	4	5
731119	1	731118	4	5
731128	2	731127	3	5
731155	1	731154	5	6
731158	1	731157	9	10
731167	9	731166	1	10
731180	4	731179	2	6
731185	5	731184	6	11
731190	1	731189	4	5
731192	24	731191	3	27
731194	2	731193	5	7
731207	4	237269	10	14
731215	7	731214	4	11
731221	8	731220	1	9
731225	3	731224	7	10
731233	3	731232	3	6
731236	2	731235	2	4
731242	2	731241	12	14
731259	1	731258	1	2
731277	9	731276	5	14
731288	4	731287	3	7
731291	7	731290	3	10
731297	1	731296	3	4
731307	6	731306	13	19
731311	3	731310	3	6
731319	2	237342	2	4
731343	4	731342	3	7
731347	5	731346	8	13
731352	3	731351	7	10
731355	1	237376	1	2
731371	8	731370	5	13
731378	3	731377	2	5
731392	6	731391	6	12
731400	8	731399	2	10
731405	4	731404	3	7
731408	3	731407	4	7
731412	6	731411	5	11
731434	6	731433	9	15
731440	3	731439	4	7
731443	11	731442	9	20
731446	6	731445	10	16
731449	5	731448	6	11
731453	4	731452	10	14
731461	5	731460	2	7
731470	1	731469	3	4
731472	16	731471	19	35
731474	8	731473	4	12
731476	16	237433	6	22
731490	7	731489	4	11
731509	6	731508	5	11
731514	5	731513	6	11
731516	3	731515	7	10
731522	8	731521	4	12
731525	2	731524	2	4
731532	6	353100	4	10
731534	5	731533	2	7
731536	3	731535	10	13
731543	2	731542	6	8
731545	3	731544	8	11
731551	14	731550	11	25
731554	3	731553	24	27
731566	5	731565	6	11
731577	7	731576	7	14
731581	16	731580	5	21
731583	3	731582	3	6
731584	1	237478	4	5
731588	8	731587	9	17
731590	6	731589	4	10
731618	7	731617	6	13
731623	3	731622	3	6
731627	4	731626	3	7
731629	3	731628	1	4
731633	3	731632	6	9
731643	6	237521	5	11
731646	2	731645	14	16
731664	5	731663	2	7
731670	5	731669	4	9
731679	1	731678	5	6
731683	1	955626	8	9
731685	7	731684	1	8
731695	9	731694	1	10
731702	3	731701	4	7
731707	3	731706	7	10
731710	5	731709	2	7
731711	2	237561	3	5
731724	4	731723	4	8
731729	11	731728	12	23
731739	1	731738	2	3
731749	10	731748	8	18
731752	7	731751	5	12
731754	4	731753	5	9
731758	10	731757	3	13
731763	4	731762	5	9
731780	3	731779	2	5
731783	5	731782	2	7
731785	32	731784	2	34
731808	5	731807	6	11
731809	3	353143	2	5
731816	2	731815	3	5
731823	8	731822	1	9
731828	6	731827	9	15
731837	13	731836	2	15
731842	3	731841	6	9
731857	4	731856	8	12
731861	2	731860	2	4
731868	9	731867	6	15
731871	11	237677	6	17
731873	1	731872	8	9
731891	2	955721	6	8
731897	1	731896	4	5
731900	1	731899	2	3
731902	1	237724	1	2
731906	2	353160	2	4
731920	1	731919	3	4
731926	5	731925	7	12
731928	5	731927	3	8
731930	7	731929	3	10
731932	11	731931	5	16
731933	5	237760	1	6
731945	6	237775	8	14
731948	4	731947	3	7
731949	6	237780	4	10
731975	4	731974	1	5
731980	4	731979	8	12
731983	1	731982	1	2
731999	7	731998	1	8
732003	1	732002	2	3
732007	8	732006	8	16
732008	2	955761	2	4
732016	1	732015	5	6
732019	1	732018	3	4
732024	3	732023	6	9
732033	3	732032	3	6
732035	5	732034	2	7
732054	8	732053	4	12
732057	2	732056	2	4
732061	3	732060	2	5
732081	2	732080	5	7
732085	7	732084	2	9
732092	2	732091	1	3
732093	1	732090	1	2
732096	4	732095	1	5
732098	2	732097	2	4
732109	3	732108	3	6
732114	6	732113	2	8
732116	7	732115	7	14
732123	7	732122	9	16
732128	7	732127	11	18
732130	4	732129	3	7
732136	6	732135	9	15
732144	6	237906	4	10
732153	12	732152	16	28
732164	4	732163	1	5
732170	8	732169	7	15
732178	61	732177	7	68
732183	1	732182	5	6
732187	3	732186	7	10
732195	11	732194	5	16
732199	4	732198	2	6
732202	1	732201	6	7
732220	5	237951	3	8
732223	6	732222	9	15
732227	6	732226	6	12
732230	1	732229	14	15
732238	8	732237	6	14
732256	7	732255	2	9
732262	2	732261	18	20
732274	8	732273	6	14
732278	7	732277	5	12
732295	80	732294	2	82
732298	1	732297	8	9
732325	4	732324	15	19
732327	7	732326	5	12
732329	13	732328	3	16
732332	5	732331	9	14
732337	5	732336	2	7
732347	1	732346	8	9
732349	4	732348	2	6
732351	1	732350	5	6
732354	5	732353	9	14
732369	4	732367	12	16
732375	6	732374	10	16
732378	4	732377	4	8
732383	2	353213	6	8
732387	2	732386	4	6
732416	14	353221	9	23
732418	11	732417	2	13
732420	4	732419	6	10
732429	3	732428	8	11
732432	1	732431	4	5
732456	5	732455	7	12
732469	6	732468	4	10
732473	4	732472	4	8
732479	3	732478	10	13
732482	4	238058	1	5
732487	4	732486	2	6
732491	4	732490	2	6
732493	2	732492	10	12
732494	7	238063	5	12
732500	7	732499	4	11
732506	1	732505	8	9
732512	5	732511	11	16
732515	2	732514	3	5
732520	5	732519	9	14
732525	10	732524	3	13
732527	2	732526	5	7
732532	1	732531	9	10
732534	12	732533	12	24
732536	3	732535	7	10
732540	4	732539	1	5
732543	5	732542	6	11
732545	4	732544	5	9
732553	3	955964	7	10
732563	8	238094	1	9
732565	1	732564	6	7
732575	10	732574	7	17
732578	3	732577	9	12
732580	2	732579	10	12
732582	6	732581	10	16
732585	3	732584	1	4
732590	8	732589	3	11
732594	7	732593	2	9
732598	6	732597	6	12
732600	1	732599	10	11
732606	3	732605	16	19
732607	4	353244	2	6
732618	6	732617	6	12
732622	41	732621	18	59
732627	11	732626	17	28
732632	10	732631	9	19
732634	1	732633	1	2
732636	1	732635	1	2
732637	10	238148	1	11
732638	21	238152	12	33
732640	2	732639	7	9
732654	2	732653	14	16
732657	41	955998	3	44
732663	11	732662	3	14
732669	2	732668	5	7
732672	7	732671	9	16
732675	9	353254	4	13
732690	12	732689	2	14
732693	7	732692	8	15
732698	3	732697	5	8
732712	3	238185	3	6
732715	4	732714	3	7
732721	1	732720	2	3
732723	11	732722	2	13
732727	8	732726	4	12
732734	1	732733	14	15
732739	5	732738	8	13
732741	6	732740	24	30
732747	3	732746	2	5
732749	6	732748	7	13
732751	13	732750	4	17
732757	4	732756	1	5
732759	5	732758	7	12
732761	2	956040	2	4
732763	4	732762	4	8
732769	2	732768	3	5
732771	6	732770	2	8
732773	6	732772	3	9
732777	5	732776	13	18
732782	5	732781	9	14
732784	5	732783	6	11
732791	4	732790	6	10
732802	6	732801	3	9
732808	5	732807	4	9
732813	2	732812	1	3
732815	1	732814	4	5
732831	8	353267	2	10
732841	2	732840	3	5
732852	1	732851	4	5
732856	1	238230	1	2
732858	1	238231	1	2
732860	2	732859	2	4
732867	2	238247	4	6
732870	2	732869	1	3
732874	2	238249	6	8
732886	10	732885	11	21
732899	3	732898	2	5
732911	11	732910	10	21
732920	6	732919	16	22
732932	8	732931	4	12
732936	1	732935	1	2
732939	19	732938	3	22
732953	3	732952	6	9
732958	3	732957	1	4
732965	2	732964	6	8
732971	2	238302	5	7
732973	8	238304	4	12
732990	1	732989	1	2
732992	2	732991	2	4
732998	2	732997	6	8
733005	1	733004	1	2
733018	8	733017	2	10
733022	4	733021	4	8
733031	2	733030	3	5
733045	2	733044	2	4
733050	5	733049	8	13
733053	4	733052	4	8
733061	3	733060	3	6
733082	5	733081	3	8
733089	2	733088	9	11
733091	6	238344	3	9
733093	6	733092	5	11
733098	3	733097	5	8
733106	2	733105	2	4
733109	2	733108	2	4
733117	6	733116	8	14
733126	12	238354	6	18
733129	2	733128	3	5
733132	2	733131	6	8
733143	9	733142	2	11
733145	4	733144	5	9
733148	4	733147	1	5
733150	4	733149	4	8
733157	4	733156	5	9
733171	5	733170	5	10
733176	6	733175	6	12
733178	3	733177	7	10
733183	1	733182	6	7
733192	1	733191	11	12
733193	2	238389	2	4
733195	4	733194	1	5
733197	2	238400	2	4
733199	2	733198	6	8
733200	2	238405	5	7
733210	4	733209	4	8
733222	4	733221	6	10
733227	4	238414	2	6
733230	8	733229	6	14
733233	10	956240	1	11
733240	5	733239	2	7
733252	1	956242	4	5
733255	8	733254	7	15
733259	2	733258	4	6
733279	2	733278	3	5
733287	6	733286	1	7
733293	2	733292	3	5
733297	7	733296	15	22
733304	4	733303	3	7
733306	6	733305	13	19
733309	4	733308	4	8
733315	2	733314	4	6
733317	7	733316	10	17
733321	7	733320	7	14
733323	2	733322	8	10
733337	3	733336	8	11
733339	5	733338	10	15
733346	8	733345	8	16
733349	12	733348	9	21
733392	7	733391	8	15
733399	1	733398	3	4
733401	15	733400	7	22
733407	5	733406	11	16
733415	4	238457	1	5
733422	7	733421	10	17
733424	75	733423	1	76
733430	27	733429	3	30
733442	8	733441	8	16
733444	9	733443	8	17
733457	6	733456	6	12
733469	7	733468	6	13
733501	6	733500	9	15
733524	8	733523	8	16
733527	2	733526	3	5
733537	11	733536	8	19
733583	12	733582	5	17
733592	2	956357	1	3
733621	1	733620	8	9
733626	1	733625	3	4
733632	1	733631	2	3
733637	1	238517	1	2
733639	7	733638	1	8
733650	3	238525	2	5
733654	3	733653	1	4
733655	1	238531	1	2
733672	1	733671	1	2
733685	1	733684	2	3
733686	2	238540	1	3
733688	2	733687	5	7
733691	3	956396	2	5
733695	1	733694	3	4
733702	3	733701	4	7
733704	8	733703	6	14
733707	2	733706	1	3
733709	4	733708	3	7
733711	5	733710	7	12
733716	2	733715	1	3
733720	1	733719	5	6
733734	3	733733	4	7
733752	7	733751	2	9
733761	2	733760	1	3
733767	3	733766	5	8
733772	2	733771	3	5
733775	3	733774	1	4
733797	12	733796	3	15
733805	3	733804	3	6
733807	3	733806	4	7
733820	2	733819	7	9
733832	1	733831	5	6
733845	3	733844	1	4
733859	1	733858	6	7
733873	3	733872	1	4
733882	3	733881	2	5
733884	1	733883	1	2
733889	2	733888	4	6
733896	5	733895	2	7
733905	4	733904	3	7
733909	8	733908	1	9
733916	4	238659	3	7
733919	5	733918	3	8
733929	5	733928	2	7
733933	1	238675	1	2
733937	6	733936	3	9
733947	4	733946	4	8
733950	2	956484	3	5
733956	1	733955	5	6
733960	3	733959	3	6
733968	2	956488	7	9
733970	2	733969	2	4
733972	3	733971	4	7
733982	5	733981	6	11
733984	2	733983	5	7
733989	2	238693	3	5
733996	1	733995	2	3
734000	2	733999	5	7
734002	8	238701	4	12
734017	1	734016	1	2
734025	3	734024	1	4
734046	1	956523	7	8
734059	1	734058	2	3
734061	2	734060	1	3
734073	3	734072	3	6
734075	3	734074	3	6
734097	4	734096	1	5
734104	2	238742	1	3
734111	5	734110	9	14
734113	3	734112	4	7
734119	5	734118	3	8
734135	1	734134	1	2
734140	1	734139	7	8
734145	1	734144	2	3
734148	1	734147	1	2
734154	6	734153	2	8
734156	1	734155	1	2
734158	5	734157	4	9
734160	1	734159	2	3
734179	1	956558	7	8
734187	3	734186	2	5
734194	2	734193	1	3
734198	2	734197	3	5
734199	1	956563	1	2
734202	4	238779	1	5
734208	1	734207	1	2
734224	2	238785	2	4
734231	3	734230	6	9
734234	3	734233	3	6
734237	1	734236	3	4
734239	4	734238	11	15
734252	2	734251	4	6
734261	2	734260	1	3
734264	3	734263	3	6
734267	3	734266	6	9
734273	2	734272	2	4
734274	4	353449	7	11
734293	2	238792	6	8
734299	5	734298	1	6
734303	6	734302	2	8
734312	2	734311	2	4
734314	4	734313	7	11
734316	8	734315	1	9
734320	3	734319	2	5
734322	3	734321	6	9
734327	1	734326	1	2
734335	12	734334	14	26
734337	6	734336	5	11
734340	3	238819	2	5
734351	6	734350	2	8
734354	2	734353	6	8
734357	2	734356	3	5
734361	5	734360	3	8
734367	1	734366	3	4
734384	5	238847	2	7
734388	7	734387	6	13
734392	1	734391	2	3
734397	4	238858	3	7
734401	2	734400	3	5
734411	4	956652	6	10
734417	9	734416	9	18
734421	4	734420	6	10
734437	4	734436	4	8
734442	10	734441	2	12
734444	7	238898	1	8
734447	4	734446	3	7
734449	7	734448	15	22
734450	2	956663	3	5
734451	8	238902	4	12
734459	1	734458	3	4
734461	3	734460	2	5
734464	1	734463	6	7
734469	8	734468	3	11
734489	5	238917	4	9
734505	5	734504	3	8
734508	8	734507	3	11
734511	5	734510	5	10
734517	2	734516	1	3
734520	1	734519	5	6
734530	4	734529	2	6
734532	2	734531	2	4
734551	7	734550	1	8
734557	6	734556	1	7
734568	4	734567	2	6
734572	3	734571	1	4
734590	25	734589	1	26
734595	6	734594	1	7
734598	3	734597	2	5
734603	2	956714	1	3
734606	2	734605	1	3
734607	1	238955	1	2
734610	1	734609	4	5
734612	2	734611	1	3
734617	1	734616	1	2
734620	6	734619	6	12
734622	7	734621	3	10
734639	5	238965	5	10
734642	6	734641	2	8
734644	2	734643	6	8
734646	5	956727	2	7
734648	10	734647	11	21
734650	1	734649	4	5
734653	4	734652	5	9
734656	3	734655	4	7
734659	5	734658	2	7
734661	5	238970	5	10
734664	1	734663	2	3
734673	1	734672	2	3
734681	2	734680	12	14
734684	2	734683	2	4
734689	2	734688	1	3
734692	2	734691	4	6
734694	6	238981	7	13
734697	1	734696	1	2
734699	5	734698	5	10
734705	5	238985	3	8
734707	1	734706	5	6
734714	1	734713	4	5
734718	4	734717	2	6
734722	2	734721	5	7
734726	2	734725	4	6
734728	3	734727	2	5
734735	5	734734	2	7
734742	7	239001	3	10
734747	3	239008	7	10
734752	7	734751	8	15
734755	7	734754	9	16
734774	2	734773	9	11
734779	5	239026	12	17
734785	5	734784	1	6
734790	1	734789	4	5
734797	6	734796	3	9
734805	6	734804	8	14
734813	1	734812	3	4
734820	3	734819	1	4
734825	2	734824	1	3
734839	1	734838	1	2
734841	2	734840	1	3
734845	2	734844	3	5
734866	3	734865	1	4
734874	3	956788	6	9
734882	7	734881	3	10
734900	2	734899	1	3
734902	4	734901	6	10
734904	2	734903	3	5
734907	3	734906	4	7
734910	2	734909	2	4
734913	4	734912	4	8
734917	4	734916	1	5
734920	1	734919	1	2
734934	3	734933	2	5
734948	2	956815	25	27
734952	1	734951	7	8
734956	1	734955	1	2
734965	1	734964	2	3
734968	2	734967	1	3
734990	1	734989	1	2
735004	1	735003	1	2
735018	2	735017	2	4
735024	1	735023	3	4
735029	2	735028	1	3
735038	3	735037	2	5
735044	6	735043	5	11
735050	2	735049	3	5
735054	1	735053	1	2
735060	1	735059	2	3
735067	3	735066	2	5
735070	2	735069	4	6
735072	5	735071	2	7
735075	4	735074	5	9
735077	4	239228	6	10
735085	11	735084	2	13
735090	2	735089	1	3
735092	3	239240	1	4
735094	1	735093	2	3
735096	1	735095	4	5
735110	3	735109	14	17
735115	2	735114	1	3
735121	5	735120	2	7
735124	4	735123	4	8
735126	1	735125	1	2
735130	4	735129	13	17
735143	4	239268	2	6
735145	4	735144	4	8
735154	2	735153	6	8
735168	2	735167	6	8
735170	1	735169	14	15
735175	18	239277	10	28
735179	5	239282	7	12
735185	2	239294	4	6
735204	3	735203	3	6
735207	2	735206	6	8
735212	1	735211	2	3
735214	1	239328	1	2
735219	5	735218	2	7
735223	2	735222	2	4
735225	3	239339	5	8
735230	1	353563	8	9
735235	7	735234	9	16
735249	23	353566	8	31
735252	5	735251	7	12
735273	2	735272	2	4
735277	4	735276	4	8
735294	8	239383	2	10
735299	3	735298	1	4
735305	1	239391	1	2
735313	2	735312	2	4
735317	6	956955	4	10
735321	4	735320	4	8
735327	2	735326	4	6
735328	11	239420	6	17
735330	2	239430	3	5
735333	11	735332	5	16
735338	2	735337	9	11
735340	7	735339	2	9
735345	22	735344	4	26
735350	21	735349	2	23
735356	1	735355	7	8
735361	5	735360	6	11
735364	1	735363	4	5
735367	3	735366	4	7
735370	3	735369	2	5
735376	2	735375	3	5
735381	9	735380	4	13
735385	6	735384	5	11
735394	1	735393	1	2
735422	1	735421	3	4
735426	5	735425	2	7
735428	1	956990	5	6
735433	3	735432	4	7
735437	4	239466	2	6
735443	1	735442	1	2
735446	1	735445	5	6
735449	4	735448	8	12
735464	6	735463	9	15
735466	4	735465	6	10
735473	3	239482	1	4
735476	2	735475	18	20
735479	1	735478	3	4
735483	4	735482	3	7
735485	4	735484	3	7
735487	15	735486	7	22
735489	3	957015	6	9
735500	11	735499	4	15
735505	4	735504	5	9
735507	11	735506	12	23
735512	2	735511	5	7
735515	7	735514	5	12
735518	1	735517	3	4
735520	2	735519	2	4
735523	5	957027	4	9
735531	6	735530	8	14
735534	2	735533	3	5
735538	3	735537	3	6
735543	3	735542	2	5
735549	8	735548	145	153
735552	1	735551	2	3
735568	9	735567	3	12
735579	5	735578	10	15
735582	1	735580	1	2
735589	8	735588	10	18
735596	16	735595	6	22
735602	8	735601	3	11
735610	13	735609	4	17
735613	1	735612	4	5
735615	1	735614	2	3
735635	3	735634	1	4
735646	7	735645	1	8
735651	7	735650	9	16
735653	18	735652	5	23
735656	3	735655	3	6
735659	5	353614	7	12
735668	2	735667	6	8
735670	6	735669	6	12
735674	4	735673	12	16
735680	6	239581	3	9
735688	4	353623	8	12
735690	7	735689	9	16
735693	5	735692	3	8
735701	3	735700	2	5
735742	2	735741	4	6
735744	1	735743	6	7
735749	1	735748	4	5
735751	3	735750	3	6
735768	11	735767	4	15
735772	4	735771	3	7
735778	2	735777	3	5
735782	2	735781	4	6
735790	6	735789	2	8
735792	1	735791	1	2
735796	6	735795	1	7
735801	2	735800	1	3
735803	4	735802	2	6
735805	4	735804	4	8
735811	1	735810	9	10
735818	6	735817	3	9
735824	2	735823	3	5
735827	4	735826	2	6
735830	4	735829	11	15
735833	2	735832	2	4
735841	3	735840	2	5
735843	5	353642	4	9
735848	2	735847	3	5
735854	1	239686	1	2
735856	1	735855	3	4
735858	1	735857	1	2
735871	1	735870	1	2
735873	3	735872	3	6
735878	2	239695	1	3
735892	6	735891	3	9
735898	5	735897	3	8
735901	5	735900	1	6
735916	1	735915	2	3
735924	3	735923	5	8
735928	1	239757	1	2
735933	2	735932	2	4
735935	3	239759	5	8
735937	4	735936	3	7
735939	1	735938	4	5
735960	2	239772	1	3
735964	2	735963	3	5
735967	8	735966	3	11
735968	1	957168	2	3
735979	6	735978	6	12
735981	2	239791	7	9
735989	4	735988	3	7
735991	3	735990	2	5
735993	4	735992	3	7
736009	2	736008	2	4
736021	2	736020	2	4
736026	2	736025	5	7
736030	3	736029	2	5
736034	5	736033	2	7
736037	3	736036	2	5
736041	1	239835	3	4
736062	2	736061	2	4
736070	2	353671	3	5
736073	3	736072	4	7
736074	3	239858	1	4
736077	3	736076	5	8
736080	1	736079	24	25
736084	8	736083	2	10
736090	1	957207	3	4
736092	1	736091	2	3
736102	2	736101	3	5
736114	4	736113	3	7
736117	3	736116	1	4
736124	1	736123	2	3
736126	4	239894	2	6
736128	2	239898	2	4
736132	2	736131	2	4
736133	2	239901	2	4
736140	1	239905	2	3
736142	1	736141	1	2
736144	5	353688	5	10
736155	3	353690	1	4
736181	1	736180	1	2
736185	3	736184	2	5
736198	2	957258	3	5
736204	3	736203	1	4
736209	3	736208	1	4
736213	2	736212	1	3
736220	7	736218	4	11
736221	5	239986	1	6
736228	2	736227	3	5
736230	4	736229	3	7
736240	4	736239	2	6
736252	1	736251	1	2
736259	2	736258	1	3
736263	3	736262	3	6
736268	2	736267	2	4
736279	1	736278	4	5
736284	5	736283	2	7
736285	1	240021	2	3
736292	7	736291	4	11
736294	5	736293	2	7
736307	5	736306	4	9
736330	1	736329	3	4
736333	1	240063	4	5
736334	1	240064	5	6
736336	3	736335	5	8
736340	4	736339	2	6
736344	1	736343	6	7
736351	2	736350	3	5
736355	3	736354	9	12
736365	2	736364	4	6
736370	6	736369	3	9
736377	3	736376	4	7
736386	3	736385	1	4
736393	5	736392	1	6
736402	5	240132	4	9
736404	5	736403	4	9
736412	3	736411	2	5
736416	2	736415	2	4
736424	1	736423	3	4
736444	6	736443	17	23
736453	10	736452	3	13
736461	2	736460	9	11
736469	2	736468	4	6
736472	2	736471	7	9
736481	2	736480	3	5
736483	4	736482	9	13
736485	2	736484	2	4
736490	5	736489	7	12
736499	3	736498	2	5
736505	2	736504	1	3
736510	3	736509	2	5
736519	4	736518	3	7
736521	4	736520	3	7
736524	6	957380	1	7
736526	3	240220	29	32
736532	2	736531	8	10
736535	4	736534	11	15
736537	3	957388	1	4
736544	5	240230	2	7
736546	1	736545	3	4
736548	5	240234	2	7
736558	21	736557	3	24
736563	3	736562	3	6
736565	4	736564	1	5
736569	3	736568	2	5
736572	4	736571	2	6
736575	3	736574	16	19
736577	2	736576	2	4
736589	1	736588	7	8
736595	3	736594	11	14
736598	12	736597	9	21
736608	2	736607	4	6
736614	8	736613	2	10
736619	5	736618	3	8
736625	4	736624	9	13
736634	4	240291	4	8
736638	27	736637	17	44
736640	3	736639	2	5
736646	1	240299	3	4
736657	2	736656	4	6
736674	9	736673	8	17
736676	4	736675	16	20
736693	17	736692	4	21
736697	7	240332	1	8
736711	5	736710	3	8
736714	3	736713	3	6
736719	9	736718	1	10
736725	3	736724	12	15
736727	5	736726	8	13
736729	3	736728	3	6
736731	5	736730	8	13
736741	1	736740	1	2
736747	5	240386	1	6
736748	2	240389	2	4
736757	2	736756	7	9
736761	4	240409	2	6
736768	2	736767	9	11
736773	3	736772	1	4
736775	3	240417	4	7
736776	10	240419	6	16
736779	2	736778	1	3
736796	5	736795	2	7
736803	8	736802	22	30
736810	3	736809	5	8
736813	2	736812	1	3
736815	9	240447	1	10
736817	3	736816	5	8
736819	6	736818	9	15
736831	5	736830	3	8
736838	2	736837	3	5
736847	2	736846	2	4
736852	1	736851	2	3
736860	5	957520	4	9
736863	2	957524	2	4
736869	4	736868	3	7
736885	1	736884	3	4
736891	1	736890	5	6
736900	2	736899	3	5
736905	4	736904	2	6
736911	5	736910	4	9
736917	3	736916	3	6
736922	2	736921	2	4
736931	2	957557	2	4
736935	3	736934	3	6
736941	1	736940	1	2
736949	2	736948	1	3
736962	6	240547	3	9
736968	4	736967	14	18
736987	5	736986	1	6
736991	2	736990	1	3
737000	4	736999	5	9
737002	7	737001	3	10
737004	3	737003	5	8
737005	1	240570	3	4
737008	3	737007	3	6
737012	4	737011	6	10
737018	1	737017	3	4
737021	10	737020	2	12
737023	2	737022	4	6
737029	7	737028	1	8
737037	1	737036	4	5
737042	9	737041	3	12
737050	1	737049	4	5
737063	2	737062	1	3
737069	6	737068	9	15
737071	3	737070	1	4
737077	1	737076	4	5
737081	1	240625	2	3
737084	3	737083	5	8
737087	1	737086	5	6
737091	7	737090	3	10
737095	2	737094	2	4
737110	25	737109	10	35
737115	1	737114	4	5
737119	5	737118	5	10
737120	5	240648	3	8
737122	9	737121	3	12
737126	4	240655	6	10
737136	4	737135	6	10
737139	4	737138	1	5
737147	2	737146	1	3
737149	7	737148	4	11
737157	8	240684	2	10
737161	3	737160	7	10
737165	1	737164	5	6
737168	2	737167	1	3
737172	1	737171	4	5
737174	3	737173	3	6
737191	8	240712	2	10
737192	2	240713	3	5
737194	5	737193	2	7
737199	4	737198	3	7
737210	2	737209	2	4
737222	4	240760	1	5
737227	3	737226	4	7
737235	2	737234	6	8
737249	5	737248	6	11
737251	4	957671	2	6
737256	1	737255	1	2
737262	2	737261	2	4
737269	2	737268	2	4
737271	2	737270	2	4
737273	4	737272	2	6
737278	1	737277	3	4
737279	2	240773	3	5
737282	1	737281	5	6
737291	5	737290	7	12
737301	6	737300	3	9
737306	1	737305	5	6
737307	2	240809	1	3
737310	2	737309	1	3
737316	7	240828	4	11
737324	2	737323	6	8
737326	2	737325	3	5
737327	4	240842	4	8
737335	4	957705	1	5
737340	8	240856	1	9
737343	28	737342	6	34
737355	9	737354	16	25
737359	6	737358	9	15
737361	3	737360	5	8
737386	7	737385	3	10
737391	8	737390	4	12
737393	2	737392	2	4
737399	7	737398	1	8
737411	5	737410	2	7
737421	1	737420	31	32
737432	29	737431	7	36
737434	2	737433	4	6
737451	8	240933	9	17
737454	1	353924	3	4
737474	2	737473	13	15
737483	6	737482	1	7
737487	1	737486	3	4
737488	18	240957	10	28
737493	14	737492	19	33
737496	27	737495	16	43
737499	9	737498	16	25
737502	3	737501	8	11
737535	3	737534	29	32
737541	31	737540	16	47
737546	8	737545	25	33
737548	14	737547	63	77
737559	24	240975	17	41
737564	8	737563	9	17
737566	13	737565	6	19
737575	3	737574	9	12
737577	10	737576	10	20
737579	4	737578	1	5
737587	4	737586	2	6
737590	11	957804	21	32
737594	7	737593	3	10
737629	18	737628	6	24
737631	4	737630	1	5
737635	8	737634	12	20
737638	15	737637	14	29
737640	13	737639	10	23
737650	13	737649	8	21
737652	8	737651	23	31
737665	3	737664	3	6
737673	8	737672	2	10
737675	9	241007	2	11
737679	12	737678	3	15
737685	1	737684	3	4
737691	6	737690	15	21
737697	1	737696	1	2
737700	2	737699	4	6
737702	3	737701	3	6
737706	3	737705	4	7
737718	5	737717	6	11
737720	1	737719	1	2
737724	3	737723	4	7
737731	2	737730	1	3
737740	9	737739	8	17
737744	5	737743	4	9
737748	1	737747	3	4
737753	1	737752	1	2
737759	11	737758	20	31
737762	3	737761	1	4
737767	1	737766	2	3
737774	2	737773	6	8
737776	4	737775	3	7
737781	8	737780	2	10
737791	9	737790	3	12
737792	2	241112	2	4
737794	8	737793	3	11
737799	1	737798	11	12
737815	9	737814	15	24
737817	6	737816	13	19
737824	7	737823	2	9
737832	4	737831	1	5
737835	1	737834	3	4
737844	1	737843	1	2
737845	4	241135	4	8
737849	3	737848	5	8
737861	3	737860	4	7
737866	4	737865	9	13
737871	2	737870	11	13
737889	5	737888	8	13
737892	1	737891	2	3
737894	3	957912	2	5
737896	1	737895	4	5
737899	4	241162	4	8
737906	4	737905	1	5
737919	2	737918	5	7
737922	2	737921	5	7
737924	2	737923	8	10
737930	5	241172	3	8
737940	3	737939	3	6
737942	4	737941	4	8
737948	5	737947	8	13
737954	4	737953	2	6
737956	1	737955	2	3
737961	5	241190	1	6
737970	7	354009	12	19
737973	18	737972	20	38
737976	7	737975	4	11
737989	4	737988	19	23
738000	9	737999	5	14
738005	2	738004	4	6
738017	1	738016	3	4
738019	1	738018	7	8
738021	5	738020	1	6
738023	5	738022	2	7
738025	2	738024	2	4
738043	2	241243	3	5
738047	7	738046	3	10
738049	2	738048	1	3
738051	6	241245	1	7
738061	6	738060	4	10
738065	5	738064	3	8
738072	1	738071	1	2
738084	3	738083	2	5
738087	1	738086	2	3
738101	1	738100	12	13
738112	1	738111	3	4
738121	4	738120	1	5
738129	9	738128	1	10
738132	3	738131	5	8
738134	4	241279	1	5
738139	8	241283	2	10
738141	6	738140	1	7
738143	2	738142	3	5
738147	2	241297	3	5
738149	1	738148	2	3
738151	3	738150	2	5
738153	4	738152	5	9
738155	5	738154	1	6
738157	1	738156	1	2
738160	2	738159	1	3
738162	7	738161	4	11
738165	2	738164	8	10
738169	5	738168	2	7
738172	2	738171	4	6
738174	1	738173	1	2
738176	1	738175	1	2
738178	6	738177	3	9
738180	2	738179	1	3
738182	3	738181	2	5
738199	13	738198	14	27
738204	4	738203	10	14
738208	2	738207	5	7
738210	5	958041	4	9
738224	1	241352	2	3
738226	3	738225	1	4
738242	3	738241	3	6
738265	2	738264	9	11
738267	4	738266	4	8
738271	2	738270	2	4
738277	8	241396	1	9
738296	5	738295	6	11
738303	13	738302	1	14
738306	2	738305	5	7
738311	2	738310	1	3
738313	1	241423	5	6
738315	3	738314	3	6
738329	2	738328	5	7
738331	3	354059	1	4
738333	2	738332	3	5
738367	1	738366	1	2
738368	2	354064	5	7
738370	2	738369	2	4
738377	3	738376	3	6
738380	1	738379	1	2
738384	3	738383	1	4
738393	3	738392	1	4
738402	5	738401	4	9
738408	1	738407	1	2
738416	3	738415	1	4
738424	2	738423	1	3
738428	4	738427	3	7
738434	4	738433	1	5
738453	3	738452	3	6
738455	1	738454	5	6
738468	4	738467	5	9
738473	2	738472	1	3
738476	3	738475	3	6
738487	27	354083	1	28
738495	1	738494	2	3
738498	5	738497	3	8
738502	4	738501	6	10
738505	1	738504	3	4
738507	5	738506	1	6
738519	4	738518	2	6
738523	3	241566	1	4
738526	9	738525	4	13
738529	4	738528	4	8
738538	4	738537	3	7
738543	7	738542	5	12
738548	5	738547	4	9
738551	2	738550	1	3
738553	8	738552	3	11
738555	2	738554	2	4
738562	1	738561	2	3
738588	2	738587	2	4
738591	2	958187	3	5
738597	3	241636	1	4
738612	2	738611	2	4
738618	2	738617	1	3
738620	1	738619	1	2
738636	4	738635	10	14
738640	4	738639	1	5
738646	6	738645	1	7
738648	8	738647	3	11
738653	2	738652	1	3
738676	5	738675	5	10
738679	4	738678	2	6
738689	2	241715	2	4
738693	5	738692	2	7
738696	1	738695	3	4
738697	3	241729	2	5
738703	3	738702	2	5
738709	6	738708	4	10
738713	4	738712	2	6
738715	2	738714	2	4
738726	2	738725	1	3
738733	1	354142	1	2
738744	5	738743	1	6
738746	10	241773	7	17
738754	2	738753	2	4
738762	4	738761	3	7
738765	1	738764	2	3
738778	1	738777	5	6
738780	2	738779	8	10
738787	1	738786	3	4
738798	3	738797	4	7
738803	3	738802	3	6
738807	2	738806	6	8
738810	2	738808	1	3
738815	4	738814	7	11
738819	3	738818	2	5
738822	4	241805	10	14
738824	1	738823	2	3
738832	1	738831	2	3
738838	4	738837	3	7
738843	4	738842	7	11
738852	7	738851	5	12
738854	4	354160	2	6
738861	2	738860	8	10
738867	2	738866	7	9
738869	1	738868	4	5
738885	2	738884	2	4
738887	1	241841	2	3
738890	2	738889	1	3
738897	3	738896	3	6
738899	3	738898	3	6
738909	1	738908	1	2
738917	3	738916	3	6
738923	5	738922	4	9
738956	4	241905	2	6
738958	9	738957	10	19
738966	2	241916	2	4
738973	7	738972	4	11
738985	12	738984	12	24
738987	12	241938	1	13
738990	10	738989	6	16
738993	7	738992	9	16
739007	8	739006	9	17
739012	1	739011	1	2
739020	1	739019	3	4
739022	2	739021	1	3
739025	2	739024	2	4
739050	44	739049	2	46
739055	1	739054	12	13
739058	1	739057	3	4
739064	1	739063	2	3
739079	1	739078	1	2
739083	1	739082	1	2
739097	2	739096	3	5
739105	4	739104	7	11
739107	3	739106	4	7
739120	1	739119	1	2
739140	3	739139	2	5
739150	6	739149	5	11
739168	4	739167	1	5
739178	6	739177	3	9
739199	4	739198	1	5
739200	1	242078	1	2
739220	1	739219	3	4
739223	2	739222	7	9
739228	1	739227	1	2
739236	2	739235	1	3
739242	3	739241	3	6
739247	1	242118	31	32
739251	3	739250	4	7
739254	6	354249	10	16
739260	2	242125	4	6
739269	1	739268	2	3
739275	1	739274	1	2
739282	2	739281	1	3
739284	3	739283	5	8
739292	2	739291	4	6
739295	3	739294	2	5
739297	1	739296	2	3
739299	1	739298	2	3
739302	2	739301	2	4
739322	8	242189	1	9
739339	5	739338	7	12
739341	4	739340	12	16
739358	5	739357	2	7
739371	3	739370	1	4
739374	123	739373	5	128
739380	5	739379	3	8
739385	4	242250	7	11
739412	2	739411	3	5
739417	2	739416	5	7
739420	2	242298	6	8
739438	1	739437	3	4
739461	7	739460	2	9
739463	2	739462	1	3
739467	7	242347	5	12
739469	3	739468	3	6
739473	2	242348	1	3
739478	2	739477	3	5
739480	8	242351	2	10
739492	3	739491	2	5
739494	7	242359	1	8
739497	4	739496	6	10
739507	14	739506	10	24
739561	2	739560	3	5
739570	6	739569	4	10
739573	2	739572	1	3
739575	4	739574	5	9
739577	5	739576	3	8
739581	2	739580	7	9
739583	7	739582	3	10
739588	3	739587	12	15
739594	6	242445	7	13
739596	2	739595	8	10
739606	4	242454	3	7
739616	7	739615	4	11
739631	4	739630	4	8
739639	5	739638	1	6
739641	1	739640	3	4
739651	6	739650	3	9
739666	5	739665	2	7
739671	11	739670	7	18
739679	7	739678	4	11
739695	5	739694	4	9
739709	2	739708	1	3
739718	3	739717	6	9
739726	2	739725	6	8
739729	1	739728	1	2
739735	10	739734	5	15
739742	4	242590	9	13
739745	1	739744	2	3
739747	5	739746	1	6
739750	2	739749	2	4
739753	6	739752	5	11
739754	1	242609	1	2
739755	2	242613	5	7
739763	3	354378	3	6
739767	2	739766	3	5
739797	3	739796	5	8
739800	7	739799	2	9
739802	4	739801	1	5
739820	3	739819	3	6
739831	3	739830	1	4
739841	5	739837	6	11
739846	4	739845	4	8
739853	4	739852	30	34
739864	3	739863	4	7
739868	14	739867	4	18
739873	2	242688	1	3
739875	10	739874	10	20
739885	1	739884	4	5
739887	5	739886	2	7
739891	6	739890	2	8
739893	3	739892	2	5
739899	3	739898	1	4
739905	3	739904	2	5
739915	3	739914	6	9
739921	4	739920	6	10
739922	2	242723	1	3
739925	1	739924	2	3
739935	4	739934	3	7
739938	1	739937	2	3
739941	3	739940	8	11
739945	7	739944	5	12
739955	1	739954	3	4
739959	12	739958	2	14
739985	5	739984	8	13
739987	2	739986	4	6
739988	4	354425	3	7
739996	1	739995	3	4
740000	5	739999	2	7
740004	4	242764	7	11
740007	4	740006	3	7
740013	1	740012	1	2
740015	1	242773	4	5
740021	1	740020	2	3
740023	7	242781	1	8
740025	3	740024	7	10
740039	1	242809	1	2
740045	7	740044	2	9
740059	4	242835	6	10
740071	5	740070	7	12
740075	3	740074	2	5
740080	2	354438	1	3
740082	2	740081	13	15
740086	5	958762	1	6
740088	6	740087	5	11
740098	6	740097	8	14
740102	4	740101	4	8
740112	2	740111	2	4
740114	7	740113	9	16
740123	1	740122	3	4
740126	2	740125	6	8
740143	5	740142	1	6
740144	4	242924	3	7
740148	1	740147	3	4
740152	2	740151	1	3
740166	3	740165	83	86
740174	12	740173	9	21
740179	3	740178	7	10
740187	5	740186	5	10
740189	7	740188	1	8
740196	4	354464	16	20
740207	6	740206	9	15
740210	9	740209	4	13
740212	3	740211	3	6
740222	4	354472	5	9
740227	4	740226	2	6
740232	5	740231	2	7
740237	5	740236	5	10
740247	1	740220	6	7
740268	3	740267	2	5
740271	2	740270	4	6
740275	1	243045	1	2
740288	2	740287	2	4
740292	6	740291	2	8
740304	4	740303	3	7
740309	3	740308	6	9
740311	5	740310	4	9
740322	5	740321	6	11
740324	4	740323	6	10
740326	3	740325	3	6
740329	7	740328	2	9
740340	3	958861	4	7
740343	3	740342	4	7
740345	1	243115	2	3
740352	3	740351	4	7
740361	5	740360	7	12
740363	2	740362	4	6
740365	2	243126	3	5
740372	3	243128	3	6
740393	3	740392	2	5
740395	2	354504	2	4
740397	3	740396	2	5
740400	2	740399	2	4
740402	1	243160	2	3
740404	2	740403	1	3
740428	3	740427	9	12
740434	9	243170	4	13
740438	2	740437	3	5
740440	1	740439	3	4
740441	4	958901	4	8
740447	7	740446	3	10
740449	1	740448	1	2
740468	5	740467	5	10
740486	4	740485	6	10
740488	1	740487	8	9
740490	1	740489	5	6
740496	2	740495	3	5
740511	2	740510	1	3
740516	5	740515	1	6
740522	8	740521	8	16
740532	8	740531	5	13
740538	7	958954	4	11
740541	2	740540	1	3
740543	2	740542	5	7
740550	6	740549	4	10
740565	7	740564	6	13
740576	1	354527	2	3
740588	4	740587	3	7
740606	6	740605	13	19
740612	4	740611	17	21
740633	4	740632	1	5
740636	10	740635	15	25
740639	12	740638	1	13
740648	14	740647	2	16
740649	1	243321	13	14
740657	2	243322	2	4
740665	7	740664	4	11
740667	1	740666	3	4
740683	2	243355	1	3
740689	2	740688	5	7
740694	7	740693	5	12
740700	3	740699	3	6
740704	1	740703	1	2
740708	6	740707	5	11
740712	2	740711	9	11
740715	4	740714	6	10
740732	9	243367	3	12
740739	2	740738	1	3
740743	2	740742	2	4
740745	6	740744	2	8
740747	11	740746	4	15
740752	1	740751	1	2
740765	5	243419	8	13
740778	1	740777	6	7
740782	2	740781	2	4
740799	4	740798	10	14
740802	5	740801	1	6
740805	3	740804	2	5
740806	7	959052	4	11
740813	3	740812	5	8
740835	7	740834	2	9
740855	2	243481	5	7
740859	3	243490	2	5
740898	4	740897	8	12
740903	4	243538	3	7
740910	2	740909	5	7
740921	3	740920	3	6
740926	4	740925	5	9
740938	3	740937	4	7
740942	3	740941	6	9
740950	12	740949	1	13
740952	2	740951	3	5
740955	3	740954	5	8
740967	3	740966	5	8
740977	5	740976	3	8
740982	2	740981	1	3
740985	7	740984	7	14
740991	4	740990	7	11
740994	2	740993	3	5
740996	2	740995	1	3
741009	1	741008	3	4
741014	8	243652	2	10
741024	2	243677	2	4
741038	6	741037	1	7
741067	2	243786	4	6
741071	2	741070	10	12
741088	5	741087	6	11
741091	4	741090	4	8
741096	3	741095	1	4
741110	2	243809	1	3
741116	4	741115	5	9
741123	1	741122	3	4
741126	10	243845	12	22
741139	4	741138	3	7
741143	4	741142	1	5
741146	10	741145	6	16
741150	11	243867	3	14
741174	6	741173	4	10
741179	3	741178	2	5
741186	6	741185	3	9
741193	1	741191	2	3
741199	4	741198	1	5
741206	3	741205	7	10
741210	4	741209	3	7
741216	2	741215	3	5
741220	2	741219	2	4
741225	7	741224	7	14
741232	1	741231	1	2
741248	2	741247	5	7
741249	2	959257	3	5
741253	4	741252	8	12
741267	4	741266	3	7
741275	5	243953	8	13
741281	5	741280	6	11
741286	2	741285	1	3
741292	5	741291	5	10
741295	1	741294	2	3
741304	2	741303	3	5
741319	2	741318	7	9
741322	2	741321	2	4
741324	3	741323	3	6
741326	5	741325	4	9
741329	3	741328	8	11
741337	2	741336	2	4
741339	3	741338	3	6
741340	2	354710	10	12
741348	4	741347	6	10
741351	8	741350	6	14
741357	3	244006	1	4
741359	30	354711	4	34
741361	7	741360	6	13
741369	5	741368	5	10
741373	12	741372	7	19
741394	1	741393	4	5
741396	3	741395	6	9
741409	4	244054	2	6
741411	7	741410	11	18
741413	1	741412	4	5
741417	5	741416	6	11
741419	4	244071	8	12
741422	8	741421	3	11
741448	5	959321	1	6
741455	1	741454	1	2
741464	2	741463	2	4
741476	1	741475	6	7
741478	2	741477	1	3
741482	2	741481	2	4
741494	1	741493	1	2
741508	1	741507	8	9
741510	7	741509	5	12
741514	2	741513	3	5
741518	1	959350	2	3
741526	15	741524	5	20
741535	5	741534	3	8
741557	2	741556	1	3
741571	3	741570	4	7
741573	1	741572	5	6
741576	3	959373	2	5
741583	5	741582	4	9
741586	3	741585	3	6
741587	1	244212	3	4
741589	3	741588	4	7
741593	7	741592	10	17
741600	6	741599	3	9
741635	2	741634	16	18
741639	1	741638	4	5
741644	10	741643	11	21
741646	2	741645	9	11
741648	3	741647	4	7
741651	3	959416	1	4
741656	8	741655	6	14
741664	3	741663	1	4
741666	4	741665	9	13
741669	4	741668	2	6
741681	9	741680	2	11
741685	1	741684	6	7
741691	2	244300	2	4
741702	3	741701	5	8
741708	6	244313	1	7
741725	27	741724	5	32
741726	12	354799	3	15
741735	3	741734	5	8
741737	1	741736	4	5
741741	9	741740	3	12
741743	6	244341	1	7
741755	4	741754	7	11
741767	3	741766	5	8
741769	1	244354	10	11
741772	5	741771	4	9
741774	4	741773	7	11
741776	2	741775	4	6
741790	16	741789	7	23
741805	1	741804	3	4
741813	2	741812	1	3
741828	2	741827	6	8
741833	1	741832	1	2
741849	3	741848	4	7
741853	6	741852	15	21
741858	6	741857	8	14
741867	2	741866	3	5
741874	2	741873	3	5
741877	9	741876	5	14
741879	4	741878	4	8
741881	7	741880	3	10
741890	1	741889	4	5
741892	3	244397	6	9
741896	4	741895	4	8
741898	2	741897	2	4
741902	5	741901	3	8
741911	11	741910	2	13
741914	35	741913	3	38
741926	3	741925	3	6
741929	6	741928	4	10
741934	4	741933	5	9
741938	4	741937	2	6
741943	2	244423	1	3
741948	3	741947	2	5
741953	10	741952	6	16
741976	2	741975	6	8
741987	12	244463	1	13
741989	4	741988	6	10
742001	13	742000	4	17
742004	9	742003	3	12
742013	3	742012	7	10
742018	3	742017	7	10
742022	7	742021	3	10
742028	3	742027	6	9
742039	5	742038	3	8
742041	3	742040	1	4
742052	9	742051	4	13
742064	2	742063	2	4
742081	1	244546	3	4
742086	6	742085	2	8
742095	17	742094	5	22
742097	2	742096	11	13
742103	6	742102	5	11
742108	1	742107	2	3
742114	1	742113	25	26
742117	11	244602	3	14
742126	4	742125	1	5
742140	1	959595	7	8
742146	5	742145	5	10
742156	5	742155	5	10
742160	2	742159	1	3
742162	4	742161	4	8
742169	8	244673	3	11
742177	4	244677	8	12
742185	6	742184	1	7
742197	8	742196	13	21
742204	1	742203	1	2
742206	3	742205	3	6
742217	7	742216	3	10
742226	3	959636	13	16
742235	3	742234	1	4
742243	4	742242	4	8
742257	1	742256	2	3
742278	3	742277	69	72
742280	5	742279	1	6
742286	6	742285	5	11
742292	3	244785	1	4
742294	4	742293	3	7
742299	11	742297	5	16
742305	5	742304	4	9
742306	3	244797	1	4
742315	4	742314	3	7
742326	3	742325	1	4
742330	1	742329	3	4
742347	1	742346	7	8
742349	5	742348	3	8
742360	2	742359	6	8
742370	9	244834	4	13
742384	9	742383	3	12
742388	5	742387	1	6
742391	3	244849	3	6
742396	4	244853	4	8
742403	3	742402	3	6
742410	4	742409	5	9
742413	3	742412	4	7
742423	10	742422	7	17
742430	2	742429	9	11
742432	3	742431	3	6
742435	1	742434	4	5
742440	1	742439	1	2
742447	6	742446	4	10
742450	7	742449	11	18
742474	3	742473	2	5
742484	5	742483	8	13
742497	9	742496	1	10
742503	5	742502	3	8
742506	8	742505	2	10
742513	7	742512	2	9
742517	14	244898	5	19
742520	12	742519	3	15
742523	1	742522	2	3
742526	4	742525	4	8
742531	4	742530	3	7
742535	1	742534	4	5
742540	2	742539	2	4
742542	4	742541	1	5
742545	3	742544	4	7
742553	1	354948	3	4
742563	1	742562	3	4
742571	2	742570	4	6
742576	3	742575	1	4
742585	4	742584	3	7
742593	2	742592	4	6
742601	29	742600	2	31
742608	3	742607	1	4
742612	7	742611	1	8
742620	7	742619	5	12
742625	8	742624	15	23
742628	2	742627	9	11
742632	12	742631	6	18
742644	6	742643	1	7
742647	3	742646	1	4
742651	5	244948	1	6
742659	6	742658	8	14
742663	4	742662	2	6
742672	2	354963	1	3
742677	1	742676	6	7
742683	3	742682	3	6
742688	4	244956	4	8
742689	4	244957	3	7
742692	13	742691	2	15
742695	6	742694	2	8
742713	5	742712	4	9
742716	4	742715	4	8
742719	4	742718	4	8
742734	2	742733	3	5
742736	3	742735	1	4
742738	11	742737	12	23
742741	5	742740	1	6
742745	4	742744	7	11
742752	20	742751	2	22
742754	9	742753	2	11
742761	4	244978	3	7
742763	14	742762	5	19
742765	6	742764	4	10
742774	1	742773	5	6
742784	1	742783	3	4
742789	2	742788	7	9
742792	13	959827	8	21
742795	6	742794	2	8
742798	1	742797	3	4
742817	2	742816	3	5
742818	2	244983	3	5
742820	5	742819	1	6
742822	2	742821	4	6
742826	1	742825	3	4
742829	1	742828	2	3
742856	3	742855	5	8
742869	3	742868	9	12
742884	7	245007	2	9
742897	3	959855	4	7
742905	13	742904	6	19
742907	6	742906	6	12
742912	2	742911	3	5
742916	4	354977	7	11
742921	2	742920	3	5
742926	2	742925	2	4
742928	5	742927	1	6
742932	2	742931	1	3
742941	2	742940	10	12
742944	3	742943	3	6
742948	2	742947	10	12
742965	7	742964	8	15
742968	1	742967	2	3
742974	6	742973	5	11
742977	89	742976	4	93
742979	4	742978	4	8
742982	8	742981	6	14
742986	2	245039	2	4
742990	3	742989	1	4
742992	17	245042	2	19
743002	1	743001	1	2
743005	2	743004	6	8
743009	3	245051	4	7
743015	1	743014	5	6
743022	4	743021	3	7
743025	2	743024	5	7
743027	4	743026	6	10
743031	1	743030	11	12
743039	5	743038	1	6
743041	33	743040	2	35
743044	2	743043	1	3
743046	1	1101911	19	20
743047	5	959909	4	9
743055	15	743054	1	16
743059	2	743058	2	4
743080	3	743079	5	8
743087	2	743086	5	7
743089	10	743088	15	25
743095	10	743094	4	14
743099	1	743098	4	5
743103	4	743102	13	17
743105	6	743104	2	8
743107	4	743106	4	8
743110	2	245094	3	5
743115	3	743114	3	6
743117	2	743116	2	4
743119	13	743118	4	17
743122	9	743121	7	16
743125	2	743124	5	7
743127	6	743126	4	10
743128	2	245099	5	7
743134	5	743133	3	8
743136	10	743135	5	15
743154	14	743153	11	25
743165	7	743164	6	13
743169	4	743168	23	27
743171	6	245129	4	10
743174	3	743173	5	8
743175	10	245134	4	14
743177	7	743176	10	17
743179	1	743178	5	6
743190	5	743189	6	11
743196	3	743195	6	9
743200	3	743199	3	6
743205	1	355019	1	2
743224	4	743223	4	8
743232	4	743231	8	12
743239	2	743238	2	4
743242	1	743241	4	5
743244	5	743243	5	10
743245	3	245210	3	6
743248	2	743247	3	5
743255	2	743254	3	5
743257	1	743256	3	4
743277	6	743276	5	11
743287	4	245264	1	5
743298	3	743297	2	5
743300	1	743299	5	6
743313	3	743312	4	7
743319	2	743318	1	3
743320	3	245287	3	6
743328	1	743327	7	8
743330	1	245298	1	2
743340	2	743339	1	3
743345	4	743344	6	10
743362	3	743361	2	5
743370	2	743369	5	7
743375	2	743374	5	7
743378	3	743377	12	15
743381	1	743380	3	4
743386	4	743385	2	6
743391	3	245365	1	4
743402	3	743401	4	7
743425	3	743424	7	10
743433	4	743432	3	7
743435	1	743434	22	23
743445	2	743444	6	8
743457	2	960067	3	5
743463	3	743462	2	5
743472	3	743471	20	23
743474	4	245465	1	5
743480	11	355096	2	13
743485	1	743484	2	3
743487	2	743486	6	8
743499	4	743498	1	5
743502	6	743501	4	10
743506	5	743505	4	9
743528	4	743527	1	5
743531	1	743530	1	2
743533	2	743532	1	3
743535	1	355100	1	2
743538	1	743537	13	14
743558	2	743557	3	5
743560	10	743559	7	17
743562	2	743561	1	3
743567	2	743566	1	3
743572	2	743571	11	13
743576	3	743575	2	5
743578	6	245530	4	10
743584	9	743583	1	10
743586	5	743585	7	12
743594	4	743593	3	7
743596	3	743595	1	4
743598	2	743597	2	4
743604	3	743603	1	4
743619	6	743618	1	7
743632	3	743631	1	4
743637	1	743636	18	19
743639	5	743638	4	9
743641	8	743640	1	9
743644	3	743643	3	6
743647	1	743646	1	2
743653	6	743652	3	9
743655	2	743654	3	5
743661	2	743660	2	4
743670	7	743669	4	11
743672	2	743671	3	5
743678	1	743677	6	7
743684	3	743683	2	5
743688	5	743687	5	10
743690	2	743689	1	3
743691	1	245574	7	8
743698	4	743697	9	13
743702	4	743701	3	7
743705	14	743704	3	17
743709	3	743708	2	5
743715	2	743714	4	6
743724	1	743723	2	3
743743	4	743742	1	5
743751	1	743750	1	2
743754	5	743753	2	7
743757	1	743756	4	5
743770	4	743769	3	7
743772	2	245631	1	3
743777	2	743776	3	5
743782	4	960202	9	13
743792	4	743791	1	5
743795	4	743794	4	8
743827	2	743826	1	3
743839	4	743838	1	5
743841	1	743840	3	4
743845	3	960227	1	4
743851	3	743850	1	4
743854	2	743853	8	10
743857	1	743856	2	3
743859	2	743858	1	3
743862	6	743861	5	11
743864	2	743863	3	5
743866	3	743865	1	4
743876	2	743875	6	8
743884	3	743883	3	6
743885	1	355151	1	2
743887	14	743886	9	23
743888	3	245694	2	5
743891	2	743890	6	8
743897	4	743896	2	6
743899	6	743898	7	13
743919	5	355158	2	7
743932	4	743931	2	6
743936	3	743935	3	6
743940	1	743939	2	3
743948	3	743947	4	7
743951	2	743950	2	4
743953	1	743952	4	5
743961	6	743960	2	8
743966	1	743965	2	3
743971	6	743970	1	7
743973	4	743972	1	5
743981	2	743980	2	4
743985	1	743984	2	3
743996	4	743995	1	5
743999	2	743998	1	3
744001	1	744000	1	2
744012	2	744011	1	3
744015	1	744014	1	2
744021	3	744020	3	6
744025	5	744024	1	6
744028	2	744027	1	3
744030	1	744029	1	2
744034	3	744033	1	4
744040	2	744039	13	15
744053	1	744052	1	2
744065	4	744064	1	5
744070	6	744069	7	13
744085	1	744084	2	3
744116	4	744115	3	7
744127	1	744126	1	2
744159	3	744158	1	4
744166	5	744165	4	9
744180	2	245827	7	9
744186	13	744185	1	14
744190	4	744189	1	5
744195	3	744194	3	6
744210	1	744209	3	4
744232	6	245862	1	7
744234	1	744233	1	2
744245	2	744244	2	4
744292	1	744291	1	2
744293	2	245872	2	4
744295	1	744294	1	2
744304	4	744303	1	5
744315	6	744314	5	11
744325	1	744324	2	3
744330	5	744329	4	9
744332	6	744331	3	9
744334	1	744333	1	2
744341	1	744340	3	4
744342	5	355198	2	7
744347	1	744346	1	2
744361	4	744360	8	12
744415	2	744414	1	3
744426	1	744425	3	4
744428	2	744427	4	6
744434	1	744433	6	7
744440	1	245984	4	5
744470	1	744469	2	3
744481	3	744480	2	5
744508	1	744507	1	2
744510	6	744509	3	9
744559	1	744558	1	2
744565	14	744564	2	16
744569	2	744568	1	3
744592	1	744591	1	2
744596	1	960491	2	3
744604	1	744603	1	2
744612	1	744611	1	2
744621	1	744620	1	2
744628	4	744627	2	6
744645	12	744644	3	15
744666	10	744665	2	12
744709	1	744708	3	4
744735	6	744734	1	7
744742	1	246167	1	2
744746	1	744745	2	3
744799	1	744798	1	2
744809	2	744808	3	5
744812	1	744811	1	2
744821	1	744820	3	4
744829	1	744828	3	4
744850	1	960591	5	6
744865	2	744864	1	3
744868	6	744867	2	8
744907	4	744906	1	5
744909	7	246259	1	8
744916	6	744915	3	9
744930	1	744929	1	2
744962	1	744961	3	4
744970	4	744969	2	6
744972	1	744971	1	2
744978	1	744977	8	9
744980	1	744979	1	2
744987	6	744986	5	11
744993	3	744992	6	9
744996	4	744995	1	5
745002	6	246297	3	9
745017	1	745016	1	2
745019	1	745018	3	4
745021	5	745020	1	6
745037	2	745036	1	3
745041	4	246324	4	8
745053	3	745052	3	6
745057	3	745056	2	5
745066	1	745065	4	5
745068	1	246340	1	2
745074	5	745073	2	7
745077	3	745076	2	5
745079	2	745078	8	10
745082	7	745081	2	9
745087	11	960671	2	13
745092	2	745091	5	7
745094	5	745093	1	6
745100	4	745099	2	6
745104	1	246351	2	3
745109	5	246352	4	9
745130	2	745129	5	7
745142	31	745141	13	44
745150	6	745149	19	25
745153	6	745152	2	8
745159	7	745158	4	11
745165	5	745164	2	7
745174	5	745173	8	13
745177	4	745176	6	10
745180	1	745179	4	5
745183	5	745182	3	8
745185	3	745184	5	8
745187	1	745186	2	3
745208	4	745207	6	10
745210	13	745209	5	18
745215	1	745214	3	4
745217	6	745216	30	36
745233	1	745232	6	7
745250	4	246438	1	5
745253	5	745252	2	7
745256	3	745255	2	5
745258	4	960735	2	6
745264	2	745263	5	7
745269	1	745268	2	3
745271	1	745270	1	2
745275	5	745274	8	13
745278	6	745277	5	11
745281	2	745280	8	10
745283	7	745282	2	9
745285	9	745284	5	14
745295	2	745294	3	5
745308	6	246468	2	8
745310	1	355357	6	7
745322	6	246480	2	8
745324	7	246481	3	10
745328	6	745327	4	10
745334	1	745333	16	17
745335	5	246482	2	7
745337	4	745336	3	7
745340	10	745339	2	12
745347	1	745346	2	3
745348	5	355367	2	7
745352	2	745351	4	6
745365	3	745364	2	5
745402	3	745401	4	7
745408	2	960779	3	5
745411	5	745410	1	6
745414	3	745413	1	4
745418	5	745417	3	8
745423	11	745422	7	18
745443	3	745442	1	4
745448	3	745447	8	11
745451	3	745450	4	7
745457	5	745456	1	6
745459	7	745458	10	17
745461	10	745460	10	20
745466	4	745465	5	9
745473	1	745472	3	4
745476	7	745475	4	11
745487	6	745486	4	10
745489	1	745488	1	2
745492	17	745491	3	20
745500	9	745499	8	17
745509	1	745508	8	9
745511	2	745510	2	4
745515	3	745514	1	4
745518	5	745517	6	11
745532	6	960821	5	11
745535	4	745534	22	26
745542	3	745541	1	4
745558	3	745557	2	5
745559	4	355406	6	10
745564	5	745563	9	14
745565	5	246592	1	6
745567	9	745566	3	12
745571	2	745570	15	17
745577	10	745576	6	16
745583	4	745582	3	7
745591	3	960844	6	9
745593	5	745592	3	8
745598	2	745597	4	6
745601	1	745600	1	2
745605	8	745604	5	13
745613	8	246628	1	9
745623	3	745622	3	6
745636	4	246649	1	5
745638	2	745637	2	4
745640	7	745639	6	13
745644	5	745643	6	11
745654	13	745653	14	27
745669	4	745668	97	101
745673	4	745672	7	11
745675	5	246669	4	9
745693	4	745692	12	16
745697	3	745696	9	12
745719	3	246685	5	8
745721	9	246687	5	14
745723	6	745722	16	22
745739	11	745738	2	13
745741	2	355429	3	5
745744	17	745743	3	20
745748	6	745747	2	8
745758	8	745757	5	13
745780	3	745779	6	9
745793	12	745792	9	21
745799	5	745798	2	7
745813	1	745812	1	2
745834	5	745833	5	10
745839	9	745838	12	21
745843	10	745842	2	12
745856	19	745855	2	21
745866	4	246740	1	5
745872	2	745871	7	9
745875	7	745874	3	10
745878	5	745877	3	8
745885	6	745884	3	9
745889	2	745888	7	9
745898	10	745897	4	14
745901	1	246752	1	2
745922	1	745921	1	2
745925	10	745924	61	71
745927	1	745926	1	2
745929	10	745928	9	19
745936	2	745935	6	8
745941	5	745940	1	6
745952	3	745951	7	10
745955	6	745954	2	8
745958	2	745957	4	6
745960	4	745959	10	14
745962	2	745961	1	3
745964	1	745963	6	7
745969	3	745968	1	4
745975	1	745974	2	3
745978	19	745977	1	20
745982	2	745981	2	4
745985	3	745984	5	8
745990	2	745989	7	9
745991	2	355444	4	6
745994	26	745993	9	35
745996	6	745995	4	10
746000	5	745999	7	12
746005	7	746004	12	19
746008	1	746007	8	9
746010	6	746009	1	7
746015	8	746014	1	9
746024	4	746023	1	5
746032	3	746031	4	7
746052	1	746051	4	5
746057	5	1102808	3	8
746059	6	746058	14	20
746062	5	746061	3	8
746075	1	746074	4	5
746081	1	746080	5	6
746088	1	746087	1	2
746091	5	746090	2	7
746094	1	746093	2	3
746096	5	746095	8	13
746101	2	746100	1	3
746117	1	746116	18	19
746124	1	746123	2	3
746128	17	746127	7	24
746132	1	746131	1	2
746135	1	746134	1	2
746137	9	746136	5	14
746139	1	746138	3	4
746141	2	746140	4	6
746146	1	746145	4	5
746148	4	746147	2	6
746158	5	746157	5	10
746160	37	746159	1	38
746164	7	746163	11	18
746173	3	746172	1	4
746175	2	746174	1	3
746182	3	746181	1	4
746184	6	746183	1	7
746185	2	246833	6	8
746187	3	746186	7	10
746194	4	746193	2	6
746208	4	746207	5	9
746216	4	746215	6	10
746219	2	746218	3	5
746221	2	746220	13	15
746223	12	746222	6	18
746225	12	746224	4	16
746229	2	746228	3	5
746230	3	246863	5	8
746233	3	746232	5	8
746249	1	746248	3	4
746252	1	746251	1	2
746254	5	746253	3	8
746256	3	246874	44	47
746260	14	746259	4	18
746262	7	746261	7	14
746273	8	746272	3	11
746276	2	746275	4	6
746278	8	746277	7	15
746286	7	746285	6	13
746290	1	746289	4	5
746295	2	746294	2	4
746304	4	746303	8	12
746331	6	746330	7	13
746334	2	746333	1	3
746340	1	746339	6	7
746344	2	246924	2	4
746353	13	746352	124	137
746355	7	746354	2	9
746359	11	746358	5	16
746361	4	746360	2	6
746366	3	746365	10	13
746385	2	746384	7	9
746395	9	746394	8	17
746398	2	961123	2	4
746406	3	746405	6	9
746408	5	746407	2	7
746410	5	746409	4	9
746418	2	961132	4	6
746421	1	746420	8	9
746438	5	746437	5	10
746463	12	746462	6	18
746468	6	746467	5	11
746471	8	746470	4	12
746473	9	246992	1	10
746476	2	746475	8	10
746480	22	746479	8	30
746486	5	746485	5	10
746502	2	746501	2	4
746507	1	746506	1	2
746509	3	746508	1	4
746511	2	746510	3	5
746516	7	746515	5	12
746522	2	746521	5	7
746524	7	746523	3	10
746529	7	746528	1	8
746547	12	746546	8	20
746549	2	746548	3	5
746555	4	961187	2	6
746557	4	746556	7	11
746567	3	746566	20	23
746570	4	746569	2	6
746572	5	746571	2	7
746578	2	746577	6	8
746580	4	746579	5	9
746585	2	247030	1	3
746590	5	746589	11	16
746592	4	746591	9	13
746610	1	746609	3	4
746612	8	746611	8	16
746614	5	247051	2	7
746617	1	746616	1	2
746623	15	746622	3	18
746625	11	746624	3	14
746627	2	746626	9	11
746631	9	746630	3	12
746638	3	247072	3	6
746641	6	746640	10	16
746644	3	746643	3	6
746648	1	746647	6	7
746649	7	961221	1	8
746651	1	746650	5	6
746652	11	247077	3	14
746659	8	746658	5	13
746667	5	746666	3	8
746670	3	746669	9	12
746675	5	961231	2	7
746677	2	746676	5	7
746678	9	961232	3	12
746682	6	746681	6	12
746684	1	746683	5	6
746686	8	746685	9	17
746688	20	746687	6	26
746690	9	746689	1	10
746692	3	746691	8	11
746703	8	746702	8	16
746705	6	746704	8	14
746709	2	746708	5	7
746712	16	746711	12	28
746715	34	746714	7	41
746718	10	746717	9	19
746726	9	746725	2	11
746728	4	746727	7	11
746730	5	746729	8	13
746734	7	746733	15	22
746736	18	746735	17	35
746738	2	746737	12	14
746750	3	746749	2	5
746752	6	247103	8	14
746754	2	247104	3	5
746757	6	746756	2	8
746760	2	746759	3	5
746762	1	746761	3	4
746768	6	746767	1	7
746771	2	746770	7	9
746781	2	355538	1	3
746784	5	746783	5	10
746790	11	746789	6	17
746793	28	746792	6	34
746801	3	746800	7	10
746804	43	746803	1	44
746810	2	746809	2	4
746812	4	746811	2	6
746824	3	746823	4	7
746830	6	746829	9	15
746843	5	746842	5	10
746846	8	746845	6	14
746849	10	746848	3	13
746852	6	746851	3	9
746857	3	746856	6	9
746859	11	746858	3	14
746865	3	746828	1	4
746869	4	746868	3	7
746876	19	746875	3	22
746888	5	746887	1	6
746890	10	746889	5	15
746897	7	746896	6	13
746900	8	746899	5	13
746902	4	746901	1	5
746906	5	746905	4	9
746909	2	746908	3	5
746911	8	746910	5	13
746916	2	746915	2	4
746918	1	746917	5	6
746923	3	746922	3	6
746934	2	746933	6	8
746936	5	247165	5	10
746939	31	746938	3	34
746943	6	746942	9	15
746961	5	746960	15	20
746963	3	746962	6	9
746970	1	746969	1	2
746971	1	247185	1	2
746973	2	746972	1	3
746983	14	746982	1	15
746985	4	746984	3	7
746991	4	746990	2	6
746994	4	746993	4	8
746996	5	746995	3	8
747005	5	747004	13	18
747010	3	747009	3	6
747018	1	747017	1	2
747023	5	247198	4	9
747027	1	961359	1	2
747032	2	747031	2	4
747035	5	747034	1	6
747039	6	747038	3	9
747061	1	747060	4	5
747063	5	747062	13	18
747072	1	747071	3	4
747075	5	747074	4	9
747083	2	747082	4	6
747090	10	747089	6	16
747096	3	747095	7	10
747099	3	747098	2	5
747105	17	355578	12	29
747114	1	747113	2	3
747135	2	747134	4	6
747141	3	747140	6	9
747152	3	247236	5	8
747155	3	747154	6	9
747157	2	747156	4	6
747165	3	747164	5	8
747167	7	747166	1	8
747171	6	747170	2	8
747182	12	747180	6	18
747190	6	747189	4	10
747196	3	747195	2	5
747198	2	247260	2	4
747200	2	747199	4	6
747204	2	747203	4	6
747225	2	747224	3	5
747228	5	747227	2	7
747232	4	247288	4	8
747237	3	747236	1	4
747239	6	747238	3	9
747253	5	747252	2	7
747269	1	747268	6	7
747270	1	247306	2	3
747279	7	747278	3	10
747284	7	747283	9	16
747295	9	747294	4	13
747311	4	247315	1	5
747319	3	747318	2	5
747321	12	747320	8	20
747323	1	747322	2	3
747328	3	747327	6	9
747330	3	747329	8	11
747332	4	747331	6	10
747339	5	747338	6	11
747346	2	747345	3	5
747348	6	247325	2	8
747359	1	747358	1	2
747363	1	747362	4	5
747365	4	747364	2	6
747379	2	747378	3	5
747388	10	747387	15	25
747392	2	247346	1	3
747399	3	747398	5	8
747422	5	747421	2	7
747425	2	747424	1	3
747431	2	747430	2	4
747433	3	747432	1	4
747462	1	747461	1	2
747467	2	747466	1	3
747475	17	747474	3	20
747478	2	747477	3	5
747480	1	747479	6	7
747498	3	747497	1	4
747502	1	747501	1	2
747520	3	747517	5	8
747542	4	747541	1	5
747546	2	747545	1	3
747551	3	747550	9	12
747563	2	747562	3	5
747565	6	747564	4	10
747568	4	747567	3	7
747573	4	747572	3	7
747576	2	747575	2	4
747581	3	747580	2	5
747591	5	747590	1	6
747594	1	747593	2	3
747598	3	747597	2	5
747605	1	747604	2	3
747616	3	247449	1	4
747618	5	747617	4	9
747664	3	747663	3	6
747671	5	747670	17	22
747676	4	747675	2	6
747684	1	747683	2	3
747689	3	747688	6	9
747692	2	747691	1	3
747704	2	747703	1	3
747710	1	747709	1	2
747717	1	747716	5	6
747721	1	747720	4	5
747722	4	247476	7	11
747723	11	247478	17	28
747725	9	247481	3	12
747728	7	747727	11	18
747731	5	747730	4	9
747733	2	747732	2	4
747738	7	747737	2	9
747746	3	747745	6	9
747752	1	747751	5	6
747767	4	747766	3	7
747781	1	747780	2	3
747783	4	747782	2	6
747797	11	747796	6	17
747802	12	747801	8	20
747831	22	747830	5	27
747833	4	747832	1	5
747840	4	747839	7	11
747849	11	747848	1	12
747865	4	747864	6	10
747870	3	747869	5	8
747876	2	247524	3	5
747878	4	747877	4	8
747880	2	747879	2	4
747898	3	247540	1	4
747910	12	247550	2	14
747914	1	747913	6	7
747916	4	747915	8	12
747920	3	747919	5	8
747925	8	747924	4	12
747935	2	747934	2	4
747942	14	747941	10	24
747944	6	747943	2	8
747947	2	355688	5	7
747963	3	747962	7	10
747965	45	747964	4	49
747978	28	747977	1	29
747986	8	961673	2	10
748000	7	747999	12	19
748002	9	247609	11	20
748009	12	748008	2	14
748014	6	748013	7	13
748022	9	748021	4	13
748034	2	748033	3	5
748058	3	748057	2	5
748082	4	748081	9	13
748088	1	748087	4	5
748095	22	748094	10	32
748109	9	748108	5	14
748113	7	748112	8	15
748121	5	748120	5	10
748124	8	748123	4	12
748127	4	748126	7	11
748133	2	748132	3	5
748136	3	748135	2	5
748165	10	748164	4	14
748170	4	748169	7	11
748174	4	748173	4	8
748176	5	748175	3	8
748179	3	961748	2	5
748183	16	247688	3	19
748190	14	748189	8	22
748193	5	748192	8	13
748209	4	748208	8	12
748215	7	961765	5	12
748221	6	748220	2	8
748226	7	748225	9	16
748242	5	748241	19	24
748245	7	748244	6	13
748254	7	748253	14	21
748266	4	748265	18	22
748268	3	748267	8	11
748272	11	748271	7	18
748285	3	748284	10	13
748288	2	748287	7	9
748298	8	748297	2	10
748314	4	247750	5	9
748319	5	748318	4	9
748321	7	247761	4	11
748334	10	748333	2	12
748336	1	748335	7	8
748339	3	748338	3	6
748368	11	748367	6	17
748374	2	748373	4	6
748384	8	748383	7	15
748389	6	748388	12	18
748398	2	748397	3	5
748401	2	748400	4	6
748410	6	748409	3	9
748412	5	748411	5	10
748421	5	748420	2	7
748430	8	748429	4	12
748432	2	748431	8	10
748434	5	748433	4	9
748444	2	748443	4	6
748446	7	748445	10	17
748454	2	748453	1	3
748457	8	748456	11	19
748462	7	748461	9	16
748468	12	748467	8	20
748474	4	748473	2	6
748476	2	748475	1	3
748479	4	748478	1	5
748483	2	748482	7	9
748486	10	748485	12	22
748492	5	748491	5	10
748495	4	748494	9	13
748506	1	748505	7	8
748507	3	247847	6	9
748509	4	748508	8	12
748519	1	748518	8	9
748539	3	748538	7	10
748549	6	247865	4	10
748554	2	247867	2	4
748558	7	748557	10	17
748563	3	748562	5	8
748566	10	748565	5	15
748571	2	748570	2	4
748583	7	748582	3	10
748592	8	748591	2	10
748600	8	748599	5	13
748606	4	748605	4	8
748610	12	748609	3	15
748612	8	748611	5	13
748618	5	748617	6	11
748624	8	748623	7	15
748627	7	748626	4	11
748631	9	247909	2	11
748640	6	748639	2	8
748642	1	748641	8	9
748646	2	748645	3	5
748657	7	748656	1	8
748667	1	748666	1	2
748672	8	748671	5	13
748675	5	748674	8	13
748677	4	748676	7	11
748701	7	748700	4	11
748703	1	247929	5	6
748714	3	748713	1	4
748717	5	748716	2	7
748727	2	748726	5	7
748738	3	748737	5	8
748750	2	748749	5	7
748762	7	748761	3	10
748765	16	355797	3	19
748767	7	748766	4	11
748777	11	748776	11	22
748787	5	748786	3	8
748796	14	748795	5	19
748800	5	748799	1	6
748802	3	748801	33	36
748808	2	748807	7	9
748820	3	748819	3	6
748822	3	748821	3	6
748832	9	961981	3	12
748837	1	748836	3	4
748845	5	748844	10	15
748849	9	748848	14	23
748853	3	748852	10	13
748862	6	748861	2	8
748868	2	748867	2	4
748871	6	748870	9	15
748877	3	748876	6	9
748882	6	748881	5	11
748884	1	748883	3	4
748893	3	748892	3	6
748900	8	748899	12	20
748904	1	748903	4	5
748919	3	748918	8	11
748927	3	748926	3	6
748932	4	748931	5	9
748936	4	248018	3	7
748956	3	748955	4	7
748974	11	748973	19	30
748977	18	748976	1	19
748981	5	748980	3	8
748989	6	748988	4	10
748991	6	748990	5	11
748993	18	748992	3	21
749001	2	749000	3	5
749010	2	749009	7	9
749011	8	962056	2	10
749014	1	749013	3	4
749017	15	749016	1	16
749023	5	749022	3	8
749027	14	749026	5	19
749033	2	749032	9	11
749035	4	749034	6	10
749036	2	962064	5	7
749044	6	749043	6	12
749057	6	749056	5	11
749058	2	962071	6	8
749067	1	749066	5	6
749073	4	749072	3	7
749082	4	749081	13	17
749086	15	749085	4	19
749098	5	749097	7	12
749120	8	248075	4	12
749127	7	749126	5	12
749130	5	749129	5	10
749137	1	749136	5	6
749152	1	248094	4	5
749156	7	749155	6	13
749160	1	749159	2	3
749167	5	248111	5	10
749174	4	749173	6	10
749176	3	749175	6	9
749178	2	749177	4	6
749185	5	248123	8	13
749200	4	749199	3	7
749205	3	248145	4	7
749216	6	749215	2	8
749219	5	749218	9	14
749221	8	749220	2	10
749243	16	749242	7	23
749258	2	749257	11	13
749280	6	749279	10	16
749282	4	749281	1	5
749291	10	749290	6	16
749295	3	749294	2	5
749296	5	248191	7	12
749299	4	749298	1	5
749301	1	248197	2	3
749307	11	749306	8	19
749313	15	749312	2	17
749342	2	749341	3	5
749344	1	749343	4	5
749356	9	749355	2	11
749358	4	749357	3	7
749361	3	749360	9	12
749364	10	749363	4	14
749379	3	248228	1	4
749390	6	749389	1	7
749393	2	248233	8	10
749399	1	749398	2	3
749401	3	749400	3	6
749419	5	749418	11	16
749424	1	749423	1	2
749440	7	749439	3	10
749457	13	749456	9	22
749459	5	749458	2	7
749463	2	749462	1	3
749474	7	749473	8	15
749482	3	749481	2	5
749484	7	749483	7	14
749488	5	749487	1	6
749517	7	749516	1	8
749519	1	248263	1	2
749523	9	749522	10	19
749535	3	749534	11	14
749538	5	749537	4	9
749541	4	749540	4	8
749543	3	749542	1	4
749544	21	248287	5	26
749548	1	248288	1	2
749556	5	749555	4	9
749558	4	749557	4	8
749580	2	749579	3	5
749584	5	749583	3	8
749586	3	248314	1	4
749598	12	248324	2	14
749615	3	749614	4	7
749630	2	749629	2	4
749639	4	749638	2	6
749644	3	749643	10	13
749659	3	749658	3	6
749660	2	962288	2	4
749665	10	749664	5	15
749668	8	749667	6	14
749670	5	749669	7	12
749673	14	749672	5	19
749675	4	749674	4	8
749678	9	749677	2	11
749689	6	248361	3	9
749697	5	749696	7	12
749699	2	749698	4	6
749703	5	749702	3	8
749705	2	749704	2	4
749712	2	749711	3	5
749713	5	248375	3	8
749715	4	749714	9	13
749718	2	749717	15	17
749727	5	749726	6	11
749729	8	749728	12	20
749731	3	749730	7	10
749733	6	749732	7	13
749739	4	749738	9	13
749742	8	749741	4	12
749748	7	749747	1	8
749751	2	749750	4	6
749758	4	248384	1	5
749762	6	749761	4	10
749782	2	749781	3	5
749786	8	749785	3	11
749797	1	749796	6	7
749816	6	749815	3	9
749820	5	749819	4	9
749828	5	749827	3	8
749835	3	749834	10	13
749839	1	248429	2	3
749852	3	749851	4	7
749860	4	749859	3	7
749862	7	749861	7	14
749869	6	749868	5	11
749872	4	749871	4	8
749899	10	749898	7	17
749901	11	749900	1	12
749912	3	749911	9	12
749919	3	749918	4	7
749922	10	749921	1	11
749929	6	248466	2	8
749936	3	749935	3	6
749944	8	749943	8	16
749949	3	749948	11	14
749954	12	749953	10	22
749996	19	749995	9	28
750003	2	750002	2	4
750011	6	248493	3	9
750014	2	750013	2	4
750018	5	750017	15	20
750020	11	750019	5	16
750033	5	750032	10	15
750035	1	750034	3	4
750040	2	750039	3	5
750041	8	248495	1	9
750049	15	750046	1	16
750053	3	750052	2	5
750056	5	750055	4	9
750070	7	750069	2	9
750075	26	750074	2	28
750077	2	750076	8	10
750080	2	750079	1	3
750082	3	750081	2	5
750098	7	355968	3	10
750102	5	750101	9	14
750112	4	750110	3	7
750114	2	750113	5	7
750125	4	750124	4	8
750129	12	750128	3	15
750139	1	750138	1	2
750146	9	750145	9	18
750153	19	750152	4	23
750158	3	750157	4	7
750161	4	750160	9	13
750167	8	750166	7	15
750170	5	750169	3	8
750207	2	750206	4	6
750217	1	750216	4	5
750224	4	750223	6	10
750228	1	248578	2	3
750237	3	750236	4	7
750257	8	750256	5	13
750259	5	750258	7	12
750262	5	750261	2	7
750271	4	750270	4	8
750276	3	962504	20	23
750281	2	750280	3	5
750290	3	750289	3	6
750293	5	750292	2	7
750311	4	750310	1	5
750317	9	750316	8	17
750327	3	750326	3	6
750334	3	750333	3	6
750344	6	750343	7	13
750345	3	248631	3	6
750364	9	750363	3	12
750369	3	750368	2	5
750385	2	750384	7	9
750408	11	750407	6	17
750417	1	248652	9	10
750421	2	750420	5	7
750424	4	248657	4	8
750446	9	750445	6	15
750466	1	750465	6	7
750470	5	750469	8	13
750473	2	750472	4	6
750485	4	750484	2	6
750499	6	750498	1	7
750501	6	750500	5	11
750508	1	750507	1	2
750510	1	750509	1	2
750511	3	248710	5	8
750513	5	750512	2	7
750523	2	750522	1	3
750545	3	750544	2	5
750554	3	750553	1	4
750558	5	248745	2	7
750560	3	750559	4	7
750565	4	750564	2	6
750566	10	248753	4	14
750573	2	356035	3	5
750578	6	750577	3	9
750580	1	750579	1	2
750593	8	750592	2	10
750595	2	750594	1	3
750598	2	750597	6	8
750615	1	750614	4	5
750619	1	750618	3	4
750626	4	750625	1	5
750633	4	750632	3	7
750636	4	750635	11	15
750649	2	750648	2	4
750664	6	750663	10	16
750679	1	750678	21	22
750686	1	750685	3	4
750690	1	962669	4	5
750701	3	750700	5	8
750703	7	356051	2	9
750709	3	750708	11	14
750720	4	750719	1	5
750733	4	750732	6	10
750744	9	750743	6	15
750746	4	248889	3	7
750767	3	248918	1	4
750771	1	750770	3	4
750780	3	750779	1	4
750782	1	750781	2	3
750783	2	248926	2	4
750794	4	356076	5	9
750797	1	750796	2	3
750806	3	248940	2	5
750812	4	750811	1	5
750834	11	750833	6	17
750836	3	962732	3	6
750842	3	248966	5	8
750857	4	750856	2	6
750868	3	750867	6	9
750878	2	750877	2	4
750885	4	750884	2	6
750902	6	750901	2	8
750910	5	750909	1	6
750928	4	249025	2	6
750932	2	750931	2	4
750937	6	750936	2	8
750943	4	750942	1	5
750952	3	750951	11	14
751022	5	751021	3	8
751024	1	751023	5	6
751037	1	751036	1	2
751039	5	249152	3	8
751050	7	751049	6	13
751052	1	751051	1	2
751068	5	751067	4	9
751070	1	751069	10	11
751073	5	751072	10	15
751080	6	751079	8	14
751084	4	751083	2	6
751094	5	751093	4	9
751099	1	751098	2	3
751105	7	751104	5	12
751106	5	962831	4	9
751109	1	751108	7	8
751119	2	751118	4	6
751122	2	249203	1	3
751130	4	751129	6	10
751136	3	249216	2	5
751148	5	751147	5	10
751158	6	751157	8	14
751164	6	751163	4	10
751166	4	751165	2	6
751173	2	249233	3	5
751187	6	356178	3	9
751191	1	249244	1	2
751195	1	751194	4	5
751200	2	249248	2	4
751207	4	751206	2	6
751219	1	356185	3	4
751221	8	751220	5	13
751229	1	751228	5	6
751233	9	751232	3	12
751242	6	751241	4	10
751259	3	751258	5	8
751262	2	751261	5	7
751272	1	751271	2	3
751278	1	751277	7	8
751295	1	751294	5	6
751296	2	356200	4	6
751328	10	751327	3	13
751330	6	751329	5	11
751339	7	751338	10	17
751348	4	751347	6	10
751350	2	751349	3	5
751359	2	751358	3	5
751368	6	356221	8	14
751380	6	751379	6	12
751383	12	751381	5	17
751388	5	751387	5	10
751389	6	249387	3	9
751402	5	751401	3	8
751406	6	751405	2	8
751409	18	249403	2	20
751410	11	249405	3	14
751412	4	751411	8	12
751415	2	751414	7	9
751434	3	751433	5	8
751436	4	751435	4	8
751444	7	751443	4	11
751445	3	249431	6	9
751450	4	751449	7	11
751454	6	751453	1	7
751456	1	751455	1	2
751461	4	751460	4	8
751473	3	751472	1	4
751474	1	249457	2	3
751479	3	249459	6	9
751487	2	751486	2	4
751492	6	751491	4	10
751509	3	751508	1	4
751513	2	751512	3	5
751521	3	751520	31	34
751548	6	751547	6	12
751549	3	249495	4	7
751560	3	751559	2	5
751571	5	751570	2	7
751582	6	751581	3	9
751587	2	751586	3	5
751594	2	356270	2	4
751605	1	751604	5	6
751615	1	751614	4	5
751618	1	751617	3	4
751621	1	751620	3	4
751623	2	751622	1	3
751628	3	1104462	4	7
751644	2	751643	3	5
751670	3	751669	3	6
751675	3	751674	2	5
751678	1	249575	5	6
751686	1	751685	1	2
751689	5	751688	13	18
751693	2	751692	1	3
751702	1	751701	2	3
751706	1	751705	4	5
751708	1	751707	6	7
751717	1	751716	2	3
751726	4	751725	1	5
751753	7	751752	6	13
751756	2	751755	2	4
751764	4	249648	1	5
751774	3	751773	2	5
751776	1	751775	6	7
751791	2	751790	6	8
751806	3	249690	2	5
751812	3	751811	5	8
751817	3	751816	2	5
751824	1	751823	5	6
751838	6	249731	2	8
751842	3	751841	1	4
751856	3	963125	7	10
751876	2	751875	1	3
751879	17	751878	4	21
751883	1	751882	1	2
751912	4	751911	3	7
751915	2	751914	1	3
751923	2	751922	3	5
751927	1	751926	1	2
751930	6	751929	4	10
751933	8	751932	6	14
751935	6	356361	9	15
751941	3	751940	3	6
751970	3	751969	1	4
751985	1	751984	3	4
751990	2	751989	11	13
751991	8	249856	4	12
751995	3	963192	2	5
752002	10	752001	8	18
752007	2	752006	3	5
752020	3	752019	4	7
752025	3	752024	2	5
752028	4	249880	1	5
752041	3	752040	1	4
752050	4	752049	3	7
752060	1	752059	5	6
752065	3	752064	5	8
752087	3	752086	2	5
752098	2	752097	3	5
752102	4	752101	1	5
752112	1	752111	6	7
752119	1	752118	2	3
752121	3	752120	3	6
752128	1	250011	3	4
752133	7	752132	4	11
752153	5	250042	2	7
752157	2	752156	9	11
752161	1	752160	4	5
752180	5	752179	2	7
752183	3	250079	4	7
752199	2	752198	3	5
752205	1	752204	10	11
752207	1	752206	5	6
752216	3	752215	2	5
752220	4	752219	7	11
752233	1	752232	2	3
752242	1	752241	3	4
752246	2	752245	2	4
752248	3	250141	2	5
752259	7	752258	5	12
752261	2	752260	1	3
752279	3	752278	3	6
752281	3	752280	2	5
752290	2	752289	2	4
752294	3	752293	5	8
752296	2	752295	8	10
752297	3	250181	3	6
752305	4	250184	7	11
752307	4	752306	1	5
752315	1	752314	3	4
752318	6	752317	3	9
752336	1	752335	4	5
752338	1	752337	3	4
752371	1	752370	7	8
752373	17	752372	8	25
752380	1	752379	7	8
752384	6	752383	4	10
752400	2	752399	2	4
752422	3	250362	2	5
752430	2	752429	4	6
752448	4	250412	4	8
752450	5	752449	3	8
752453	6	752452	1	7
752457	1	752456	1	2
752485	2	752484	6	8
752489	2	752488	4	6
752499	2	752498	7	9
752501	4	752500	4	8
752523	7	752522	9	16
752526	1	752525	2	3
752542	4	752541	2	6
752557	5	752556	2	7
752582	20	752581	1	21
752587	3	752586	3	6
752599	7	752598	3	10
752618	22	963476	17	39
752632	8	963481	2	10
752641	4	752640	2	6
752642	4	250621	3	7
752644	6	752643	5	11
752671	3	752670	8	11
752676	6	752675	6	12
752684	5	752683	1	6
752695	3	752694	1	4
752714	5	752713	3	8
752721	16	752720	5	21
752735	6	963528	1	7
752737	5	250716	1	6
752740	1	752739	4	5
752744	8	752743	3	11
752747	4	752746	1	5
752755	2	752754	3	5
752760	6	752759	8	14
752763	5	752762	8	13
752769	1	963539	3	4
752778	5	752777	2	7
752785	2	250761	2	4
752789	1	752788	1	2
752791	6	752790	1	7
752797	3	250777	4	7
752800	2	752799	4	6
752803	7	752802	5	12
752804	5	250778	4	9
752811	3	752810	7	10
752829	2	752828	1	3
752830	5	250812	5	10
752833	5	752832	3	8
752836	2	752835	4	6
752846	2	356659	7	9
752851	2	752850	2	4
752856	2	250834	2	4
752868	2	250858	1	3
752870	5	752869	2	7
752874	6	752873	13	19
752876	12	752875	9	21
752879	1	752878	1	2
752882	9	752881	4	13
752899	1	752898	2	3
752906	4	752905	3	7
752911	3	752910	3	6
752917	1	752916	2	3
752926	3	752925	1	4
752939	3	752938	1	4
752949	2	752948	2	4
752957	4	752956	4	8
752961	2	963611	1	3
752987	2	752986	2	4
752991	2	752990	2	4
752994	1	752993	3	4
752999	1	752998	5	6
753015	1	753014	3	4
753044	4	753043	8	12
753055	1	753054	1	2
753062	3	753061	1	4
753066	3	753065	2	5
753071	4	753070	1	5
753073	1	753072	4	5
753086	1	753085	6	7
753100	7	753099	3	10
753118	3	753117	1	4
753122	1	753121	3	4
753126	3	753125	5	8
753128	1	753127	2	3
753139	3	753138	24	27
753142	3	753141	1	4
753152	2	753151	5	7
753157	7	753156	28	35
753163	7	753162	1	8
753174	2	753173	1	3
753175	1	251155	1	2
753181	3	753180	6	9
753189	3	753188	2	5
753196	4	753195	2	6
753226	3	753225	1	4
753261	3	753260	2	5
753270	7	753269	12	19
753271	2	251268	5	7
753282	2	753281	4	6
753284	2	753283	3	5
753286	3	753285	1	4
753291	5	753290	3	8
753300	1	753299	1	2
753304	1	753303	10	11
753334	1	753333	4	5
753349	10	753348	6	16
753359	3	753358	3	6
753361	4	753360	5	9
753366	2	251342	3	5
753381	6	753380	1	7
753396	3	753395	5	8
753398	4	753397	6	10
753423	1	753422	3	4
753425	5	753424	2	7
753438	3	753437	2	5
753456	3	753455	1	4
753464	2	753463	3	5
753469	2	753468	2	4
753476	15	753475	1	16
753485	3	753484	5	8
753490	1	753489	1	2
753491	1	356808	1	2
753507	3	753506	1	4
753513	2	753512	5	7
753524	3	753523	3	6
753526	3	753525	2	5
753557	4	251547	1	5
753565	7	753564	3	10
753596	1	753595	3	4
753610	1	753609	2	3
753618	4	753617	6	10
753627	1	753626	2	3
753629	2	753628	8	10
753635	4	753634	4	8
753638	1	753637	2	3
753643	3	251654	2	5
753651	9	251665	4	13
753657	3	251674	1	4
753683	3	753682	4	7
753687	1	753686	1	2
753693	7	753692	1	8
753695	1	753694	8	9
753697	2	753696	4	6
753703	1	753702	3	4
753731	6	753730	5	11
753734	2	753733	8	10
753738	2	753737	3	5
753745	1	753744	4	5
753751	3	251750	6	9
753757	3	251752	2	5
753759	2	753758	4	6
753776	3	753775	5	8
753784	16	753783	19	35
753786	20	753785	4	24
753799	2	753798	1	3
753824	9	753823	3	12
753836	3	753835	4	7
753843	30	753842	6	36
753848	1	251837	1	2
753865	5	753864	3	8
753867	4	753866	2	6
753873	3	964028	2	5
753881	6	753880	2	8
753884	4	251880	3	7
753891	1	753890	7	8
753894	3	753893	4	7
753901	13	753900	4	17
753914	1	251915	1	2
753917	2	753916	10	12
753922	9	251923	3	12
753925	9	753924	8	17
753943	2	753942	2	4
753945	7	753944	3	10
753947	2	753946	1	3
753954	2	753953	7	9
753963	13	753962	3	16
753975	2	753974	1	3
753986	2	753985	7	9
753989	2	356945	5	7
753992	1	753991	2	3
753995	5	753994	7	12
754002	4	754001	5	9
754012	1	754011	6	7
754015	3	754014	5	8
754017	1	251983	5	6
754019	4	754018	1	5
754024	3	754023	1	4
754037	2	754036	4	6
754040	1	754039	3	4
754058	3	754057	2	5
754068	3	754067	2	5
754073	1	754072	3	4
754079	1	252023	5	6
754081	2	754080	1	3
754087	3	754086	12	15
754091	1	754090	2	3
754093	3	754092	3	6
754096	2	754095	3	5
754104	6	754103	12	18
754113	5	754112	6	11
754116	1	754115	1	2
754121	1	252051	1	2
754126	3	754125	1	4
754140	9	754139	4	13
754146	1	754145	1	2
754148	1	754147	1	2
754173	1	754172	1	2
754181	2	754180	2	4
754190	4	754189	6	10
754194	2	964164	1	3
754202	11	754201	7	18
754217	1	754216	6	7
754219	5	754218	3	8
754229	6	754228	3	9
754231	10	754230	4	14
754234	8	252122	1	9
754240	3	754239	1	4
754261	1	754260	2	3
754263	6	754262	3	9
754266	4	252166	1	5
754270	9	754269	3	12
754272	1	754271	2	3
754274	2	754273	5	7
754286	4	754285	1	5
754296	1	754295	2	3
754309	2	754308	3	5
754311	26	754310	5	31
754327	1	754326	1	2
754338	3	754337	1	4
754341	1	754340	2	3
754346	4	754345	3	7
754356	3	754355	4	7
754358	15	754357	11	26
754363	1	754362	3	4
754367	3	754366	2	5
754369	4	754368	4	8
754384	10	1105416	3	13
754391	2	754390	1	3
754396	3	754395	7	10
754405	1	754404	8	9
754410	5	754409	8	13
754411	1	964235	2	3
754415	5	754414	2	7
754418	3	754417	4	7
754432	4	754431	1	5
754435	7	754434	8	15
754444	5	754443	5	10
754446	4	252281	4	8
754453	4	754452	3	7
754458	3	754457	8	11
754460	3	754459	21	24
754472	1	754471	4	5
754479	6	754478	4	10
754482	6	252328	3	9
754487	6	754486	3	9
754495	1	754494	2	3
754498	5	754497	10	15
754503	1	754502	1	2
754524	3	754523	3	6
754525	3	964277	6	9
754533	7	252360	4	11
754535	4	754534	2	6
754547	1	754546	3	4
754565	1	754564	8	9
754576	9	252387	7	16
754583	10	754582	3	13
754585	2	754584	7	9
754586	3	252390	2	5
754587	4	252393	1	5
754596	4	252404	2	6
754598	6	754597	32	38
754600	10	754599	2	12
754601	6	252405	4	10
754615	1	754614	2	3
754636	3	754635	9	12
754646	6	754645	2	8
754647	2	252452	1	3
754650	1	754649	3	4
754652	1	754651	3	4
754657	1	754656	3	4
754660	2	754659	3	5
754683	3	754682	3	6
754706	11	754705	10	21
754714	6	252519	4	10
754724	1	252530	2	3
754733	4	754732	4	8
754735	5	754734	5	10
754738	3	754737	2	5
754746	4	754745	2	6
754748	1	754747	7	8
754749	4	252568	2	6
754768	5	754766	2	7
754774	8	754773	4	12
754778	3	754777	9	12
754781	6	754780	4	10
754788	5	754787	3	8
754793	8	754792	8	16
754794	2	252621	7	9
754799	1	754798	1	2
754804	4	754803	1	5
754808	1	754807	2	3
754816	1	754815	1	2
754819	4	754818	10	14
754821	3	754820	2	5
754850	11	754849	9	20
754857	11	754856	3	14
754861	5	754860	3	8
754874	3	754873	2	5
754877	4	754876	1	5
754889	1	252676	2	3
754891	32	754890	8	40
754900	2	754899	1	3
754906	8	754905	12	20
754925	2	754924	1	3
754927	1	754926	40	41
754930	4	754929	7	11
754932	7	754931	11	18
754937	1	754936	1	2
754941	6	754940	3	9
754944	3	754943	4	7
754950	1	754949	4	5
754971	1	754970	3	4
754990	1	754989	3	4
755000	2	754999	2	4
755006	5	755005	8	13
755008	4	755007	5	9
755016	1	755015	3	4
755032	1	755031	4	5
755038	2	755037	4	6
755043	4	755042	2	6
755048	2	357158	1	3
755058	1	755057	7	8
755061	7	755060	16	23
755079	7	755078	1	8
755082	1	755081	1	2
755103	2	755102	1	3
755113	2	252841	3	5
755116	3	755115	1	4
755122	1	252849	2	3
755124	1	755123	2	3
755127	5	755126	1	6
755129	3	755128	2	5
755141	3	755140	2	5
755143	1	755142	3	4
755148	4	755147	4	8
755152	2	755151	4	6
755154	7	755153	3	10
755164	3	755163	6	9
755168	4	755167	1	5
755171	2	755170	2	4
755177	2	755176	3	5
755179	4	755178	2	6
755190	4	755189	5	9
755197	7	755196	2	9
755200	4	755199	6	10
755203	1	252890	2	3
755205	1	755204	2	3
755210	1	755209	2	3
755235	4	755234	1	5
755237	1	755236	3	4
755239	2	755238	7	9
755255	1	755254	2	3
755273	2	755272	10	12
755275	4	755274	2	6
755287	2	252952	5	7
755290	4	755289	4	8
755292	12	755291	6	18
755297	3	755296	1	4
755305	5	755304	2	7
755309	3	252971	4	7
755316	3	755315	7	10
755320	1	964564	2	3
755333	6	755332	1	7
755335	18	755334	10	28
755353	4	755352	4	8
755361	1	755360	4	5
755371	3	755370	1	4
755373	2	253052	3	5
755375	1	755374	6	7
755378	4	755377	2	6
755402	4	755401	1	5
755404	2	755403	6	8
755423	2	755422	3	5
755429	1	755428	3	4
755455	7	755454	12	19
755457	2	253121	4	6
755463	3	253127	1	4
755465	3	755464	1	4
755470	9	755469	11	20
755472	1	755471	1	2
755481	2	755480	1	3
755491	3	755490	1	4
755503	11	755502	9	20
755521	2	755520	1	3
755531	2	755530	2	4
755534	4	253203	1	5
755543	2	755542	2	4
755554	1	253219	3	4
755578	2	755577	2	4
755581	10	755580	2	12
755583	8	755582	6	14
755591	2	755590	2	4
755619	2	755618	4	6
755620	2	253290	1	3
755623	1	755622	1	2
755635	3	755634	7	10
755639	10	755638	6	16
755641	2	755640	1	3
755643	1	755642	2	3
755647	9	253306	1	10
755650	1	253312	3	4
755652	3	755651	6	9
755658	3	253320	1	4
755667	1	755666	6	7
755669	4	253342	4	8
755683	2	755682	3	5
755685	4	755684	4	8
755692	5	755691	13	18
755704	7	253368	2	9
755711	13	755710	2	15
755716	3	253374	1	4
755720	1	755719	4	5
755738	1	253400	1	2
755740	6	253401	2	8
755746	25	357302	4	29
755755	2	253421	3	5
755757	2	755756	2	4
755780	8	357322	2	10
755785	5	253471	1	6
755788	1	755787	2	3
755789	10	357325	3	13
755798	4	755797	1	5
755803	3	755802	1	4
755804	7	253497	6	13
755807	6	755806	11	17
755813	11	755812	7	18
755818	2	755817	4	6
755834	2	755833	6	8
755836	2	755835	1	3
755842	1	755841	3	4
755845	1	755844	5	6
755854	4	755853	7	11
755867	5	755866	4	9
755870	3	755869	4	7
755879	2	755878	5	7
755887	3	755886	4	7
755889	6	755888	3	9
755898	7	755897	4	11
755901	6	755900	5	11
755904	12	755903	2	14
755906	3	755905	2	5
755916	3	755915	1	4
755920	6	755919	6	12
755936	2	755935	7	9
755938	1	755937	4	5
755943	1	253622	5	6
755945	2	755944	1	3
755947	2	755946	2	4
755952	5	755951	3	8
755954	4	755953	1	5
755955	7	253632	3	10
755964	1	755963	1	2
755969	1	755968	2	3
755973	8	755972	4	12
755975	1	964856	2	3
755982	3	755981	3	6
755984	6	755983	7	13
755986	8	755985	4	12
755987	6	253672	9	15
755992	2	755991	1	3
755994	5	253684	3	8
755996	3	755995	1	4
755999	4	755998	2	6
756001	1	756000	4	5
756004	4	756003	1	5
756011	3	756010	2	5
756012	3	253693	3	6
756020	3	756019	3	6
756023	2	756022	1	3
756027	3	756026	1	4
756029	11	756028	4	15
756037	3	756036	3	6
756052	4	756051	22	26
756057	3	253746	1	4
756065	2	756064	4	6
756089	2	756088	25	27
756092	4	756091	5	9
756097	1	756096	2	3
756113	1	756112	3	4
756115	3	756114	2	5
756127	2	756126	3	5
756137	1	756136	1	2
756143	1	756142	3	4
756168	1	756167	1	2
756176	3	756175	1	4
756197	2	756196	3	5
756233	2	253965	1	3
756245	6	253970	3	9
756255	4	756254	57	61
756261	22	756260	1	23
756269	6	964988	1	7
756271	1	964989	1	2
756282	4	756281	13	17
756287	12	756286	5	17
756292	5	756291	4	9
756297	4	756296	3	7
756303	10	756302	8	18
756313	6	756312	10	16
756318	3	756317	1	4
756321	4	756320	1	5
756342	29	756341	4	33
756353	3	756352	2	5
756356	5	965033	3	8
756373	3	756372	7	10
756381	1	756380	1	2
756398	3	756397	7	10
756401	7	756400	2	9
756403	4	756402	5	9
756405	5	254125	3	8
756408	6	756407	10	16
756418	2	254137	5	7
756425	1	756421	3	4
756426	10	965058	5	15
756431	4	756430	2	6
756434	5	756433	5	10
756436	2	756435	6	8
756450	3	756449	9	12
756455	1	254160	1	2
756458	2	756457	1	3
756460	6	756459	4	10
756495	6	756494	5	11
756501	2	756500	3	5
756505	1	756504	2	3
756511	9	756510	5	14
756521	2	756520	3	5
756527	1	756526	1	2
756530	3	756529	5	8
756543	4	756542	13	17
756558	12	254267	8	20
756561	13	756560	6	19
756564	6	756563	3	9
756572	6	756571	10	16
756577	8	254274	5	13
756582	5	756581	6	11
756603	16	756602	8	24
756614	6	756613	12	18
756637	8	756636	8	16
756652	13	756651	11	24
756657	4	756656	9	13
756666	12	965149	2	14
756675	8	756674	8	16
756689	11	756688	5	16
756695	11	756694	12	23
756696	1	254398	7	8
756711	7	756710	13	20
756716	11	756715	5	16
756718	4	756717	10	14
756724	5	756723	9	14
756742	8	756741	17	25
756747	13	756746	9	22
756751	10	756750	18	28
756753	15	756752	16	31
756758	4	756757	9	13
756763	4	756762	18	22
756771	4	756770	8	12
756787	2	756786	7	9
756791	6	756790	8	14
756795	7	756794	3	10
756801	15	756800	11	26
756804	8	756803	4	12
756806	7	756805	12	19
756813	7	756812	14	21
756819	10	756818	11	21
756823	8	756822	15	23
756827	8	756826	8	16
756854	12	756853	24	36
756863	12	756862	18	30
756870	7	756869	8	15
756873	4	756872	10	14
756885	8	756884	14	22
756891	10	756890	16	26
756896	14	254572	8	22
756900	11	756899	14	25
756903	15	254579	3	18
756906	8	756905	11	19
756921	9	756920	4	13
756926	4	756925	16	20
756928	5	756927	6	11
756936	7	756935	14	21
756940	7	756939	7	14
756942	11	254611	15	26
756955	9	254616	4	13
756959	6	756958	15	21
756963	1	756962	7	8
756965	5	756964	3	8
756980	4	756979	8	12
756998	11	756997	8	19
757004	11	254639	5	16
757019	7	254649	2	9
757021	6	757020	1	7
757023	14	757022	7	21
757026	3	757025	5	8
757029	10	757028	5	15
757050	10	757049	13	23
757052	14	757051	6	20
757068	8	757067	3	11
757069	7	254718	4	11
757087	5	757086	7	12
757096	6	254749	4	10
757100	7	757099	8	15
757103	9	757102	14	23
757109	10	757108	10	20
757123	9	757122	6	15
757132	2	757131	5	7
757138	4	757137	5	9
757141	5	757140	6	11
757145	10	757144	5	15
757171	6	757170	14	20
757182	8	357628	5	13
757193	11	757192	27	38
757202	10	757201	9	19
757213	1	757212	8	9
757218	15	757217	18	33
757220	13	357630	12	25
757224	4	757223	2	6
757226	5	757225	9	14
757245	11	757244	11	22
757261	8	757260	2	10
757275	16	757274	12	28
757321	6	757320	16	22
757332	15	757331	8	23
757345	7	757344	4	11
757354	14	757353	12	26
757371	21	757370	10	31
757381	8	757380	12	20
757387	10	254982	6	16
757396	9	757395	4	13
757398	10	757397	9	19
757402	16	757401	12	28
757413	16	757412	1	17
757419	3	757418	16	19
757445	8	757444	2	10
757459	8	757458	5	13
757464	7	757463	8	15
757511	5	757510	11	16
757513	6	255130	3	9
757521	10	757520	10	20
757523	12	757522	17	29
757524	9	965483	4	13
757527	9	757526	17	26
757536	10	757535	8	18
757538	16	757537	9	25
757544	1	757543	13	14
757569	7	757568	9	16
757571	4	757570	6	10
757581	11	757580	12	23
757600	17	757599	6	23
757605	17	757604	5	22
757609	7	757608	8	15
757614	4	757613	10	14
757617	4	757616	7	11
757643	9	757642	12	21
757646	5	757645	13	18
757653	5	757652	11	16
757662	13	757661	6	19
757668	5	757667	5	10
757673	19	757672	7	26
757681	8	757680	9	17
757699	10	757698	13	23
757701	5	757700	10	15
757716	3	757715	13	16
757718	7	757717	5	12
757722	8	965570	6	14
757725	7	757724	20	27
757729	9	757728	4	13
757742	6	757741	13	19
757756	9	757755	8	17
757764	8	757763	9	17
757773	9	757772	13	22
757782	9	757781	7	16
757795	5	965592	3	8
757799	11	757798	8	19
757810	8	757809	8	16
757811	12	255299	13	25
757819	9	757818	8	17
757837	7	757836	7	14
757841	11	757840	25	36
757863	3	757862	25	28
757881	8	757880	9	17
757885	9	757884	4	13
757887	4	757886	6	10
757908	10	255386	7	17
757919	8	1106465	3	11
757924	22	757923	7	29
757930	4	255402	2	6
757936	4	757935	11	15
757959	3	255420	4	7
757969	4	757968	8	12
757989	8	757988	3	11
757995	6	757994	3	9
758003	8	357817	4	12
758006	4	255484	5	9
758010	4	255491	1	5
758015	3	758014	8	11
758017	8	758016	5	13
758033	5	758032	8	13
758035	6	357827	7	13
758048	9	758047	12	21
758056	2	758055	2	4
758066	5	758065	7	12
758071	4	255553	2	6
758076	2	758075	5	7
758103	1	758102	1	2
758105	8	758104	1	9
758109	9	758108	1	10
758111	1	758110	4	5
758120	12	758119	1	13
758124	2	758123	2	4
758141	3	758140	2	5
758147	4	758146	2	6
758155	3	255655	6	9
758158	8	758157	9	17
758175	5	758174	7	12
758199	2	758198	2	4
758210	13	758209	3	16
758222	1	758221	1	2
758224	1	758223	1	2
758226	3	758225	1	4
758237	2	255756	3	5
758241	6	758240	1	7
758250	3	758249	1	4
758269	6	758268	1	7
758276	1	758275	16	17
758286	2	255808	3	5
758295	1	758294	2	3
758301	3	758300	4	7
758304	6	255835	3	9
758318	3	965838	4	7
758320	3	758319	4	7
758346	1	758345	1	2
758358	3	758357	5	8
758373	2	758372	13	15
758381	6	758380	7	13
758387	10	758386	2	12
758417	4	758416	5	9
758430	1	758429	7	8
758432	1	758431	6	7
758438	5	758437	6	11
758462	3	255970	7	10
758467	16	758466	13	29
758475	1	758474	2	3
758478	10	758477	5	15
758484	4	758483	7	11
758501	15	256015	2	17
758544	2	758543	11	13
758549	4	758548	3	7
758561	54	758560	19	73
758588	39	357989	11	50
758602	1	758601	17	18
758611	9	758610	6	15
758620	3	758619	1	4
758629	7	758628	7	14
758637	2	256084	3	5
758640	9	758639	1	10
758642	5	758641	4	9
758643	7	256088	2	9
758657	4	256104	4	8
758668	3	758667	8	11
758672	5	758671	5	10
758675	7	758674	2	9
758679	3	758678	2	5
758698	2	758697	7	9
758711	4	758710	3	7
758714	4	758713	6	10
758720	1	758719	3	4
758737	4	966000	3	7
758744	2	758743	2	4
758751	5	758750	2	7
758758	7	758757	3	10
758802	13	758801	9	22
758811	4	758810	10	14
758817	4	758816	1	5
758819	5	758818	2	7
758830	9	758829	2	11
758832	5	758831	5	10
758845	11	758844	4	15
758853	4	758852	4	8
758860	3	758859	3	6
758865	9	758864	8	17
758868	3	758867	5	8
758874	3	758873	3	6
758885	1	758884	1	2
758892	4	758891	2	6
758907	18	758906	7	25
758922	8	758921	8	16
758928	3	758927	4	7
758942	3	758941	1	4
758945	2	758944	2	4
758947	1	758946	4	5
758955	2	758954	4	6
758957	1	758956	2	3
758966	5	256260	6	11
758971	2	758970	1	3
758974	1	256264	1	2
759014	2	759013	2	4
759032	5	759031	5	10
759035	3	256332	1	4
759038	7	759037	6	13
759042	8	759041	9	17
759046	8	759045	4	12
759064	2	759063	1	3
759075	4	966141	3	7
759082	4	759081	3	7
759086	3	759085	4	7
759088	3	759087	2	5
759090	1	256351	2	3
759100	6	256357	8	14
759102	2	759101	9	11
759106	3	256365	3	6
759117	1	759116	5	6
759124	5	358067	6	11
759132	2	759131	12	14
759134	4	759133	4	8
759143	2	759142	6	8
759145	3	759144	6	9
759149	5	256378	4	9
759151	4	358070	4	8
759171	3	759170	6	9
759181	5	759180	1	6
759182	9	966168	1	10
759188	5	759187	6	11
759197	2	759196	2	4
759202	5	759201	2	7
759245	2	256428	3	5
759248	1	966197	3	4
759255	7	759254	6	13
759257	4	256431	3	7
759261	4	759260	4	8
759268	3	759267	1	4
759273	1	759272	10	11
759285	2	759284	8	10
759289	3	759288	1	4
759291	6	759290	20	26
759294	6	759293	5	11
759306	3	759305	5	8
759308	8	759307	7	15
759312	3	256457	1	4
759328	2	759327	3	5
759341	2	256498	5	7
759346	3	256504	1	4
759347	1	256513	1	2
759351	4	759350	4	8
759367	9	759366	3	12
759372	6	256525	2	8
759385	4	759384	13	17
759389	2	759388	3	5
759406	3	759405	3	6
759421	4	759420	3	7
759446	2	759445	3	5
759470	5	759469	3	8
759472	4	759471	2	6
759486	7	759485	3	10
759493	4	759492	4	8
759495	1	256581	3	4
759501	116	759500	3	119
759503	6	759502	9	15
759506	5	759505	2	7
759513	5	759512	5	10
759523	5	759522	16	21
759530	2	966319	1	3
759545	4	759544	2	6
759548	6	759547	6	12
759553	4	759552	4	8
759561	1	759560	3	4
759567	4	759566	7	11
759573	1	256618	2	3
759579	1	759578	4	5
759583	1	759582	4	5
759585	9	759584	5	14
759593	7	759592	13	20
759596	5	759595	13	18
759599	3	256631	2	5
759603	3	759602	10	13
759618	2	759617	6	8
759626	3	759625	2	5
759629	6	759628	2	8
759633	9	759632	1	10
759640	1	759639	3	4
759645	4	759644	4	8
759657	1	358139	4	5
759661	2	759660	4	6
759663	7	759662	1	8
759668	4	759667	1	5
759670	7	759669	7	14
759672	4	256689	1	5
759685	10	759684	7	17
759687	3	759686	8	11
759690	5	759689	6	11
759692	2	759691	1	3
759695	3	759694	3	6
759699	6	759698	2	8
759701	9	256700	3	12
759706	1	358150	3	4
759727	3	256719	12	15
759734	2	759733	4	6
759736	3	759735	1	4
759749	2	759748	8	10
759759	5	759758	2	7
759776	3	759775	2	5
759791	1	759790	3	4
759797	2	759796	9	11
759798	13	256779	4	17
759802	13	759801	2	15
759804	7	759803	1	8
759813	4	759812	2	6
759822	2	759821	3	5
759828	4	256808	1	5
759842	6	759841	2	8
759847	3	759846	1	4
759849	3	759848	8	11
759852	7	759851	1	8
759855	7	256815	4	11
759862	2	759861	1	3
759864	5	759863	1	6
759873	5	759872	3	8
759875	9	759874	2	11
759878	4	759877	4	8
759883	3	759882	6	9
759886	7	256828	4	11
759892	10	256834	5	15
759908	8	759907	3	11
759910	3	759909	17	20
759912	3	759911	4	7
759917	4	256844	4	8
759919	2	759918	11	13
759921	15	759920	3	18
759926	3	759925	2	5
759930	2	759929	9	11
759940	4	759939	4	8
759943	2	759942	5	7
759948	2	759947	7	9
759964	9	759963	4	13
759967	4	759966	7	11
759972	6	759971	12	18
759974	3	759973	1	4
759981	5	759980	6	11
759983	2	759982	1	3
759989	2	759988	4	6
759994	1	759993	8	9
759996	9	759995	6	15
760004	6	760003	3	9
760006	5	760005	3	8
760008	3	760007	3	6
760024	2	760023	4	6
760025	4	256885	5	9
760057	3	256896	2	5
760063	6	760062	1	7
760066	6	760065	3	9
760069	18	966513	4	22
760077	4	760076	4	8
760088	8	760087	13	21
760092	4	760091	7	11
760097	2	760096	8	10
760123	1	760122	1	2
760143	6	760142	2	8
760145	7	256924	7	14
760161	5	760160	1	6
760171	3	760170	15	18
760176	2	760175	1	3
760178	1	760177	3	4
760216	5	760215	6	11
760221	4	358224	3	7
760237	2	760236	5	7
760249	2	760248	4	6
760255	4	760254	6	10
760258	3	966587	3	6
760260	6	760259	2	8
760267	4	760266	4	8
760298	3	760297	5	8
760309	4	760308	2	6
760311	10	760310	7	17
760316	10	760315	2	12
760318	5	760317	7	12
760330	4	760329	6	10
760334	4	966615	2	6
760336	4	760335	8	12
760342	1	760341	4	5
760344	9	760343	5	14
760349	5	760348	4	9
760353	6	760352	10	16
760358	4	760357	8	12
760360	5	760359	4	9
760369	3	760368	3	6
760372	4	760371	3	7
760374	5	760373	3	8
760380	1	760379	2	3
760382	5	760381	6	11
760386	3	1107212	1	4
760395	4	760394	4	8
760400	4	760399	2	6
760402	3	760401	5	8
760404	3	760403	4	7
760407	3	760406	3	6
760412	7	760411	2	9
760415	2	760414	4	6
760433	7	257045	19	26
760441	1	760440	6	7
760449	3	760448	7	10
760453	4	760452	9	13
760455	10	760454	4	14
760459	2	760458	11	13
760476	6	760475	6	12
760478	2	760477	3	5
760490	9	760489	5	14
760498	6	760497	16	22
760501	1	760500	4	5
760504	2	760503	2	4
760510	13	760509	1	14
760512	4	760511	3	7
760515	3	760514	1	4
760520	7	760519	3	10
760539	6	760538	2	8
760545	7	760544	2	9
760547	4	760546	1	5
760556	10	760555	3	13
760565	9	257113	11	20
760566	11	257119	4	15
760570	11	760569	2	13
760572	3	257123	1	4
760584	8	257130	3	11
760617	3	760616	1	4
760620	2	760619	3	5
760632	12	760631	6	18
760637	3	760636	2	5
760646	5	760645	5	10
760655	9	760654	4	13
760660	3	760659	3	6
760667	3	760666	7	10
760684	7	760683	2	9
760688	4	760687	4	8
760696	3	760695	1	4
760709	3	760708	7	10
760713	2	760712	8	10
760717	2	966791	3	5
760725	4	760724	8	12
760733	1	760732	2	3
760735	9	760734	13	22
760743	4	760742	2	6
760747	4	760746	3	7
760750	3	760749	2	5
760752	2	760751	5	7
760777	1	760776	7	8
760781	6	760780	5	11
760796	6	760795	10	16
760800	1	760799	3	4
760828	2	760827	2	4
760834	12	257267	6	18
760871	6	257295	1	7
760877	3	760876	2	5
760882	1	257298	7	8
760892	4	760891	5	9
760894	1	760893	1	2
760897	9	760896	9	18
760907	3	760906	4	7
760934	3	760933	15	18
760938	1	760937	4	5
760951	4	760950	5	9
760963	4	760962	3	7
760969	1	760968	6	7
760971	5	760970	4	9
760978	4	760977	1	5
760988	9	760987	5	14
760990	6	760989	10	16
761006	3	761005	9	12
761008	2	761007	6	8
761024	1	761023	5	6
761026	3	761025	3	6
761027	1	257359	5	6
761030	5	761029	3	8
761036	5	966912	2	7
761039	6	761038	7	13
761041	7	761040	10	17
761063	5	761062	17	22
761090	1	257388	1	2
761096	2	761095	7	9
761105	5	761104	14	19
761106	3	257405	10	13
761107	1	966936	9	10
761109	2	761108	3	5
761111	5	761110	5	10
761116	4	761115	25	29
761123	3	761122	9	12
761127	7	761126	3	10
761134	7	761133	4	11
761139	3	761138	6	9
761153	8	966954	1	9
761155	9	761154	2	11
761161	4	257444	1	5
761165	1	761164	1	2
761167	1	761166	6	7
761171	4	761170	2	6
761179	4	761178	6	10
761184	3	761183	11	14
761204	5	761203	7	12
761229	14	761228	8	22
761240	1	761239	6	7
761247	2	761246	7	9
761250	12	761248	5	17
761252	7	761251	5	12
761268	7	967000	5	12
761270	3	257512	2	5
761274	15	761273	2	17
761288	7	761287	2	9
761300	3	761299	1	4
761303	2	761302	2	4
761315	2	761314	3	5
761328	5	761327	4	9
761334	4	761333	2	6
761346	2	761345	1	3
761350	3	761349	7	10
761352	6	761351	21	27
761355	5	761354	8	13
761359	4	761358	4	8
761362	7	761361	2	9
761371	4	761370	3	7
761373	10	761372	5	15
761376	2	761375	6	8
761384	4	761383	6	10
761396	2	761395	3	5
761399	2	761398	6	8
761400	6	967061	4	10
761405	3	761404	7	10
761410	4	761409	1	5
761412	8	761411	10	18
761422	5	761421	3	8
761424	3	761423	4	7
761426	3	761425	31	34
761429	3	761428	14	17
761435	3	761434	6	9
761438	8	257578	5	13
761443	12	761442	3	15
761445	1	761444	15	16
761459	6	761458	6	12
761464	3	761463	3	6
761471	4	761470	5	9
761482	2	761481	13	15
761504	2	761503	5	7
761507	2	761506	4	6
761510	5	761509	6	11
761515	10	761514	4	14
761522	2	761521	1	3
761535	40	761534	5	45
761547	5	761546	3	8
761549	8	761548	6	14
761551	5	761550	3	8
761563	12	358379	4	16
761572	5	761571	2	7
761577	7	761576	9	16
761579	7	761578	4	11
761583	5	761582	4	9
761589	4	761588	7	11
761594	5	761593	5	10
761600	4	761599	7	11
761608	9	761607	8	17
761610	9	257623	3	12
761613	3	761612	11	14
761616	4	257625	5	9
761620	1	761619	4	5
761624	1	761623	3	4
761638	1	761637	10	11
761641	3	761640	2	5
761644	3	761643	8	11
761646	5	761645	2	7
761654	11	761653	5	16
761660	5	761659	10	15
761665	2	761664	9	11
761671	4	761670	3	7
761675	5	761674	2	7
761677	6	761676	14	20
761679	6	761678	9	15
761681	18	761680	3	21
761687	5	761686	11	16
761696	2	761695	2	4
761699	4	761698	2	6
761709	3	761708	2	5
761718	5	761717	3	8
761723	2	761722	3	5
761725	2	761724	4	6
761734	2	761733	3	5
761736	3	761735	6	9
761738	2	761737	4	6
761741	8	761740	11	19
761743	1	761742	11	12
761762	5	761761	4	9
761765	6	761764	3	9
761775	6	761774	9	15
761823	2	761822	5	7
761829	4	257677	4	8
761840	5	761839	9	14
761845	4	761844	1	5
761848	25	761847	1	26
761863	1	761862	5	6
761871	12	761870	7	19
761890	4	761889	4	8
761897	3	761896	1	4
761908	3	761907	1	4
761918	4	761917	2	6
761920	8	761919	12	20
761922	7	761921	5	12
761927	3	761926	2	5
761935	2	761934	5	7
761938	3	761937	12	15
761942	20	761941	6	26
761947	2	761946	6	8
761949	12	761948	7	19
761952	9	761951	4	13
761956	5	761955	1	6
761971	3	761970	5	8
761987	2	761986	1	3
761993	2	761992	8	10
761997	7	257769	1	8
762001	2	762000	5	7
762006	6	257771	1	7
762017	3	762016	5	8
762037	3	257783	3	6
762048	9	762047	8	17
762058	2	257787	3	5
762062	9	257788	5	14
762081	4	762080	3	7
762087	7	762086	10	17
762095	11	967323	2	13
762101	5	762100	5	10
762104	7	967328	3	10
762111	13	762110	11	24
762113	8	762112	29	37
762118	22	762117	12	34
762121	8	762120	4	12
762126	11	762125	10	21
762130	17	762129	6	23
762139	4	762138	7	11
762142	4	762141	9	13
762144	7	762143	15	22
762146	8	762145	3	11
762151	7	762150	5	12
762157	4	967346	8	12
762166	5	257843	5	10
762169	4	762168	5	9
762172	4	257855	4	8
762193	10	762192	5	15
762195	2	762194	3	5
762199	13	762198	1	14
762216	13	762215	16	29
762229	2	762228	1	3
762237	7	762236	10	17
762256	5	762255	4	9
762258	3	762257	6	9
762284	8	762283	1	9
762292	6	762291	4	10
762305	20	257919	5	25
762310	5	762309	3	8
762317	2	762316	1	3
762335	9	762334	5	14
762340	1	762339	5	6
762351	5	762350	7	12
762356	4	762355	5	9
762366	5	762365	5	10
762391	4	762390	4	8
762397	9	257974	1	10
762410	14	762409	16	30
762417	1	257985	5	6
762432	1	762431	9	10
762441	2	762440	2	4
762443	3	762442	3	6
762462	4	762461	1	5
762504	2	967484	1	3
762507	5	967486	2	7
762508	17	258035	3	20
762526	4	762525	14	18
762538	22	762537	5	27
762553	5	762552	1	6
762558	10	762557	6	16
762561	13	762560	4	17
762564	9	762563	4	13
762579	5	762578	6	11
762582	4	762581	2	6
762588	5	762587	5	10
762590	3	762589	3	6
762592	12	762591	3	15
762595	7	762594	13	20
762602	5	762601	12	17
762605	10	762604	3	13
762612	6	762611	9	15
762614	2	762613	5	7
762624	2	762623	1	3
762629	8	762628	9	17
762663	5	762662	8	13
762665	13	762664	6	19
762668	3	762667	2	5
762672	6	762671	5	11
762675	2	967546	16	18
762677	1	762676	3	4
762684	6	762683	5	11
762686	6	762685	1	7
762689	1	762688	2	3
762695	10	762694	3	13
762716	3	762715	8	11
762722	6	762721	5	11
762735	4	762734	17	21
762737	3	762736	3	6
762752	7	762751	3	10
762760	4	762759	3	7
762772	5	762771	9	14
762776	7	762775	6	13
762795	7	762794	4	11
762798	6	762797	3	9
762818	9	762817	6	15
762821	5	762820	8	13
762824	7	762823	3	10
762834	6	762833	6	12
762836	7	762835	7	14
762840	15	762839	5	20
762843	4	762842	1	5
762847	3	762846	4	7
762855	7	762854	8	15
762861	10	762860	4	14
762884	7	762883	6	13
762892	4	762891	2	6
762894	5	762893	7	12
762900	7	762899	10	17
762920	7	762919	8	15
762925	6	762924	7	13
762929	11	762928	6	17
762934	3	762933	5	8
762937	6	967641	5	11
762953	6	762952	6	12
762958	3	762957	5	8
762970	7	762969	18	25
762985	6	762984	10	16
762995	1	762994	2	3
763000	19	762999	10	29
763005	6	763004	7	13
763008	3	763007	12	15
763010	2	763009	9	11
763012	6	967673	3	9
763019	6	763018	7	13
763031	2	763030	6	8
763041	5	763040	13	18
763043	12	967679	4	16
763045	5	763044	6	11
763047	4	763046	3	7
763052	4	763051	3	7
763054	1	763053	1	2
763061	7	763060	2	9
763065	10	763064	3	13
763071	3	763070	5	8
763073	7	763072	8	15
763077	8	258243	1	9
763089	3	763088	1	4
763093	2	763092	1	3
763096	1	763095	3	4
763100	5	763099	4	9
763130	11	763129	12	23
763132	5	763131	4	9
763133	8	967709	5	13
763136	9	763135	2	11
763144	5	763143	8	13
763159	3	763158	9	12
763163	24	763162	11	35
763168	6	258275	1	7
763174	7	763173	9	16
763191	4	763190	4	8
763197	12	763196	1	13
763204	1	258284	2	3
763210	7	763209	12	19
763222	7	763221	5	12
763233	7	763232	10	17
763238	3	763237	4	7
763244	5	763243	7	12
763250	7	763249	4	11
763260	10	763259	6	16
763267	13	763266	3	16
763269	18	763268	5	23
763274	10	763273	11	21
763294	7	763293	2	9
763298	7	763297	8	15
763307	3	763306	9	12
763312	4	763311	5	9
763314	10	763313	3	13
763321	6	763320	6	12
763330	8	967780	4	12
763331	6	967785	12	18
763333	5	763332	9	14
763340	2	763339	4	6
763342	2	763341	3	5
763347	2	763346	3	5
763349	5	258331	2	7
763363	6	258340	5	11
763368	2	763367	6	8
763386	9	763385	10	19
763390	3	763389	6	9
763392	3	763391	2	5
763410	17	763409	4	21
763412	12	763411	6	18
763414	6	763413	12	18
763417	2	763416	1	3
763419	3	763418	7	10
763423	4	763422	6	10
763426	4	763425	5	9
763435	1	763434	3	4
763437	2	763436	3	5
763446	7	763445	8	15
763449	4	763448	3	7
763474	7	763473	5	12
763477	11	258391	5	16
763487	5	258394	6	11
763495	9	763494	4	13
763498	8	763497	9	17
763501	2	763500	7	9
763503	7	763502	13	20
763512	1	763511	6	7
763527	8	763526	1	9
763537	5	763536	8	13
763540	6	763539	6	12
763549	17	763548	4	21
763553	1	763552	5	6
763555	4	763554	7	11
763558	3	763557	3	6
763561	6	258433	6	12
763572	3	763571	6	9
763587	6	763586	9	15
763599	3	763598	13	16
763613	7	763612	10	17
763615	2	763614	7	9
763623	3	763622	3	6
763634	3	763633	2	5
763647	1	763646	5	6
763660	1	763659	6	7
763662	6	967926	9	15
763669	9	763668	13	22
763674	6	763673	3	9
763676	8	258478	5	13
763687	4	258486	1	5
763691	2	763690	3	5
763692	6	258491	1	7
763695	1	763694	7	8
763700	1	763699	1	2
763716	7	763715	6	13
763729	6	763728	8	14
763741	3	763740	1	4
763761	5	763760	11	16
763763	13	763762	7	20
763765	5	358607	2	7
763767	5	763766	6	11
763779	14	967967	2	16
763781	5	763780	3	8
763791	17	763790	6	23
763802	7	763801	5	12
763806	6	763805	5	11
763809	4	763808	1	5
763819	1	763818	7	8
763824	3	763823	11	14
763831	8	763830	1	9
763833	4	763832	5	9
763843	2	763842	3	5
763848	3	763847	2	5
763858	4	763857	4	8
763860	5	763859	2	7
763868	3	763867	4	7
763880	5	763879	2	7
763881	4	1108175	5	9
763888	6	763887	8	14
763895	4	763894	8	12
763901	7	258579	2	9
763904	7	258581	3	10
763919	50	258596	15	65
763927	4	763926	4	8
763956	11	763955	1	12
763958	2	258607	5	7
763960	7	258608	2	9
763963	10	763962	6	16
763971	2	763970	11	13
763989	4	968044	16	20
763997	9	763996	7	16
763999	3	763998	5	8
764008	4	764007	2	6
764010	7	764009	6	13
764012	4	764011	6	10
764015	4	764014	7	11
764018	3	764017	6	9
764020	4	258628	6	10
764022	9	764021	17	26
764025	12	764024	5	17
764061	1	764060	2	3
764068	8	764067	3	11
764070	3	764069	5	8
764072	2	764071	7	9
764080	1	764079	3	4
764087	6	764086	4	10
764094	2	968072	16	18
764096	9	764095	6	15
764102	4	764101	43	47
764106	6	764105	3	9
764107	1	968078	1	2
764127	11	764126	4	15
764130	10	764129	5	15
764145	5	764144	4	9
764149	5	764148	7	12
764160	8	764159	9	17
764163	1	764162	7	8
764200	1	764199	9	10
764207	5	764206	5	10
764259	5	764258	7	12
764267	71	764266	3	74
764281	5	764280	8	13
764284	10	764283	22	32
764301	7	764300	5	12
764305	4	764304	7	11
764310	12	764309	3	15
764321	11	968168	4	15
764335	13	764334	6	19
764342	11	764341	10	21
764343	8	968178	2	10
764357	14	764356	4	18
764366	5	764365	3	8
764374	3	764373	5	8
764382	32	764381	3	35
764388	2	968198	37	39
764480	3	258788	1	4
764506	2	764505	4	6
764508	1	764507	2	3
764528	1	764527	2	3
764543	2	764542	2	4
764571	2	764570	5	7
764573	2	764572	4	6
764574	3	258853	1	4
764577	1	764576	4	5
764586	1	764585	4	5
764587	3	358734	5	8
764590	2	764589	3	5
764595	2	764594	2	4
764602	2	764601	4	6
764610	2	258885	1	3
764612	1	764611	1	2
764642	2	764641	1	3
764694	14	258962	3	17
764717	5	764716	10	15
764726	1	764725	5	6
764732	3	258976	6	9
764745	6	968356	2	8
764756	1	764755	6	7
764782	10	764781	19	29
764784	2	764783	16	18
764790	4	764789	1	5
764797	3	764796	4	7
764799	2	764798	3	5
764804	10	764803	4	14
764806	14	764805	6	20
764808	1	764807	2	3
764822	7	764821	6	13
764838	18	764837	8	26
764842	9	764841	3	12
764849	6	764848	5	11
764861	13	764860	15	28
764869	17	764868	13	30
764882	8	764881	8	16
764892	10	764891	12	22
764907	15	764906	11	26
764912	9	764911	32	41
764925	26	764924	9	35
764927	15	764926	12	27
764930	11	764929	15	26
764933	9	764932	9	18
764939	11	764938	9	20
764946	16	764945	23	39
764958	7	764957	14	21
764968	76	764967	9	85
764975	18	968452	17	35
764981	6	764980	11	17
764984	21	764983	19	40
764987	14	764986	10	24
765004	19	765003	12	31
765012	16	765011	14	30
765035	17	765034	13	30
765055	33	765054	18	51
765065	13	765064	19	32
765079	16	765078	21	37
765083	19	765082	19	38
765086	10	765085	12	22
765095	9	765094	12	21
765099	5	765098	17	22
765103	6	765102	12	18
765107	12	765106	74	86
765111	9	765110	6	15
765122	24	765121	13	37
765125	14	765124	14	28
765137	30	968513	29	59
765145	17	765144	33	50
765147	10	765146	6	16
765166	5	765165	4	9
765168	8	765167	14	22
765188	15	765187	12	27
765189	11	968534	12	23
765209	11	765208	24	35
765229	9	765228	22	31
765231	16	765230	28	44
765234	9	765233	5	14
765242	8	765241	4	12
765246	5	765245	10	15
765267	5	765266	6	11
765272	18	765271	8	26
765278	11	765277	7	18
765299	17	765298	9	26
765316	13	765315	14	27
765319	14	765318	14	28
765328	9	765327	7	16
765343	5	765342	14	19
765392	12	765391	19	31
765398	12	765397	10	22
765402	17	765401	6	23
765422	8	765421	9	17
765446	11	765445	12	23
765481	4	765480	6	10
765483	11	765482	12	23
765485	5	765484	10	15
765487	2	765486	1	3
765494	7	765493	7	14
765497	4	765496	4	8
765510	2	765509	2	4
765512	1	765511	7	8
765514	6	765513	5	11
765535	8	765534	6	14
765570	2	765569	29	31
765573	2	765572	7	9
765582	12	765581	4	16
765590	5	765589	3	8
765593	6	765592	7	13
765596	9	765595	14	23
765599	5	765598	6	11
765604	3	765603	1	4
765606	4	765605	6	10
765615	3	765614	14	17
765625	14	765624	4	18
765634	2	765633	5	7
765647	14	765646	16	30
765659	11	259204	8	19
765662	10	765661	9	19
765665	11	765664	15	26
765673	10	765672	6	16
765691	11	765690	17	28
765697	8	765696	12	20
765703	2	765702	9	11
765713	7	765712	10	17
765728	4	765727	5	9
765744	2	259235	6	8
765752	8	765751	3	11
765756	7	765755	17	24
765762	9	765761	17	26
765766	15	968721	2	17
765770	5	968726	11	16
765777	1	765776	1	2
765794	1	765793	6	7
765808	4	765807	7	11
765811	17	765810	1	18
765824	4	765823	1	5
765834	18	765833	12	30
765838	5	765837	8	13
765858	1	765857	5	6
765860	2	765859	1	3
765861	12	259263	1	13
765863	1	765862	2	3
765868	6	259268	3	9
765870	3	765869	3	6
765874	1	358854	1	2
765879	12	358857	1	13
765883	6	765882	1	7
765894	2	765893	5	7
765897	5	765896	4	9
765901	6	765900	4	10
765909	6	765908	4	10
765918	9	765917	4	13
765922	4	765921	4	8
765927	2	765926	1	3
765933	6	765932	17	23
765987	11	765986	9	20
765991	6	259302	10	16
766001	6	766000	8	14
766006	3	766005	8	11
766012	11	766011	4	15
766015	5	766014	9	14
766022	5	766021	1	6
766029	5	766028	4	9
766031	10	766030	13	23
766036	6	766035	3	9
766041	11	766040	3	14
766048	10	766047	6	16
766065	3	259328	2	5
766073	6	766072	8	14
766074	2	968821	11	13
766077	14	766076	1	15
766079	5	968826	15	20
766081	10	766080	17	27
766082	10	358882	5	15
766102	5	766101	1	6
766103	7	259337	7	14
766105	7	766104	4	11
766115	3	766114	3	6
766120	2	766119	5	7
766125	1	766124	4	5
766132	10	358885	1	11
766135	3	766134	6	9
766139	1	766138	3	4
766142	10	766141	1	11
766148	16	766147	1	17
766161	17	766160	14	31
766166	1	766165	2	3
766186	2	259360	3	5
766189	3	766188	8	11
766201	2	766200	6	8
766205	7	259363	8	15
766210	10	766209	3	13
766215	1	766214	24	25
766220	1	766219	7	8
766223	3	766222	3	6
766226	2	766225	6	8
766231	4	766230	5	9
766239	1	766238	8	9
766241	2	766240	5	7
766247	2	259378	2	4
766252	2	968885	2	4
766255	3	766254	1	4
766261	1	766260	1	2
766263	3	766262	3	6
766265	3	766264	5	8
766266	2	968890	5	7
766269	2	766268	3	5
766272	1	766271	2	3
766277	2	766276	2	4
766284	2	766283	2	4
766288	1	766287	6	7
766295	1	766294	2	3
766314	3	766313	2	5
766319	2	766318	2	4
766321	3	766320	1	4
766323	1	766322	2	3
766330	1	259402	7	8
766332	2	766331	3	5
766337	2	766336	2	4
766348	1	766347	1	2
766354	2	766353	2	4
766356	10	766355	3	13
766365	11	766364	1	12
766367	3	766366	1	4
766371	2	766370	2	4
766384	6	766383	5	11
766393	3	766392	5	8
766395	3	766394	1	4
766400	4	766399	5	9
766406	6	766405	1	7
766412	2	766411	3	5
766421	20	766420	118	138
766431	4	766430	4	8
766434	3	766433	4	7
766439	1	766438	2	3
766441	6	766440	1	7
766446	5	766445	2	7
766450	3	766449	146	149
766453	5	766452	3	8
766461	3	766460	3	6
766465	6	766464	4	10
766469	5	766468	4	9
766477	1	766476	4	5
766484	9	766483	16	25
766491	9	766490	9	18
766493	8	766492	10	18
766498	7	766497	4	11
766500	2	766499	2	4
766502	8	766501	7	15
766505	1	766504	4	5
766513	4	766512	3	7
766521	8	259457	4	12
766535	7	766534	4	11
766542	7	766541	1	8
766549	2	766548	3	5
766552	4	766551	4	8
766554	7	766553	6	13
766562	9	766561	6	15
766564	11	259474	4	15
766577	24	766576	13	37
766587	4	766586	5	9
766595	3	766594	9	12
766597	3	358931	6	9
766600	3	766599	3	6
766606	3	766605	3	6
766617	5	766616	7	12
766620	6	766619	2	8
766623	4	766622	9	13
766631	7	766630	6	13
766645	2	766644	8	10
766648	8	766647	9	17
766657	41	766656	4	45
766683	4	766682	10	14
766685	12	766684	13	25
766699	1	766698	6	7
766707	8	766706	5	13
766730	3	766729	11	14
766732	11	766731	3	14
766734	2	766733	13	15
766736	11	766735	10	21
766738	15	766737	7	22
766743	13	766742	12	25
766759	3	766758	8	11
766765	4	766764	3	7
766789	12	766788	8	20
766796	33	766795	18	51
766819	12	766818	9	21
766836	3	766835	2	5
766856	8	766855	8	16
766860	10	766859	4	14
766863	3	766862	3	6
766865	5	766864	4	9
766867	1	766866	6	7
766871	4	766870	7	11
766892	6	766891	10	16
766894	9	766893	5	14
766901	2	766900	4	6
766905	7	766904	9	16
766908	2	766907	2	4
766912	8	766911	3	11
766921	2	766920	3	5
766931	15	766930	3	18
766933	7	766932	18	25
766948	11	766947	5	16
766952	4	766951	6	10
766956	11	766955	6	17
766959	5	766958	8	13
766961	8	766960	1	9
766969	4	766968	20	24
766981	12	358986	22	34
766998	11	766997	9	20
767006	3	767005	9	12
767008	1	767007	6	7
767022	3	767021	5	8
767083	2	767082	14	16
767090	8	767089	8	16
767091	2	358995	3	5
767093	9	767092	5	14
767096	1	767095	37	38
767098	11	767097	1	12
767107	8	767106	9	17
767109	4	767108	12	16
767115	4	767114	13	17
767118	2	767117	3	5
767122	4	767121	7	11
767125	7	767124	5	12
767138	3	767137	9	12
767140	1	767139	14	15
767144	2	969267	17	19
767146	1	767145	15	16
767149	2	767148	3	5
767157	2	767156	1	3
767186	1	259709	2	3
767196	5	767195	4	9
767199	3	767198	7	10
767219	1	969297	2	3
767229	1	767228	2	3
767245	2	767244	2	4
767260	1	259763	1	2
767262	2	767261	4	6
767275	5	767274	6	11
767300	3	767299	4	7
767310	1	767309	5	6
767313	3	259800	2	5
767315	1	767314	6	7
767321	3	767320	2	5
767331	5	767330	7	12
767333	3	767332	4	7
767342	5	767341	4	9
767344	2	767343	5	7
767346	3	767345	3	6
767348	4	767347	4	8
767357	2	767356	2	4
767362	5	359036	5	10
767364	13	767363	36	49
767389	3	767388	6	9
767399	11	767398	14	25
767401	8	767400	6	14
767413	7	767412	7	14
767422	10	767421	11	21
767427	6	767426	7	13
767439	9	767438	5	14
767444	15	767443	7	22
767447	4	767446	4	8
767450	1	767449	4	5
767454	5	767453	3	8
767456	5	767455	6	11
767464	5	767463	3	8
767467	3	767466	1	4
767470	4	767469	2	6
767477	7	767476	9	16
767492	3	767491	1	4
767503	4	767502	3	7
767511	6	767510	6	12
767528	1	767527	1	2
767530	1	767529	8	9
767537	2	767536	3	5
767539	2	767538	5	7
767570	10	767569	6	16
767584	12	767583	4	16
767593	9	767592	8	17
767600	3	767599	2	5
767603	2	767602	133	135
767604	5	259969	21	26
767608	4	767607	3	7
767617	85	767616	2	87
767620	3	767619	2	5
767626	7	767625	2	9
767628	3	767627	3	6
767632	4	767631	1	5
767634	1	767633	14	15
767637	3	767636	3	6
767642	16	767641	4	20
767655	1	767654	3	4
767657	5	767656	5	10
767663	3	767662	3	6
767666	37	767665	1	38
767673	2	767672	4	6
767677	4	767676	2	6
767681	3	767680	5	8
767683	3	767682	3	6
767687	4	767686	5	9
767694	3	969488	2	5
767697	2	767696	2	4
767703	2	767702	1	3
767706	1	767705	4	5
767709	2	259988	4	6
767715	1	767714	6	7
767718	3	767717	2	5
767721	5	767720	4	9
767725	3	767724	4	7
767727	2	767726	4	6
767733	1	767732	3	4
767735	3	767734	2	5
767742	2	767741	3	5
767756	2	767755	6	8
767759	2	767758	2	4
767762	1	767761	5	6
767764	5	767763	4	9
767769	7	767768	2	9
767775	2	767774	4	6
767777	4	767776	18	22
767779	2	767778	8	10
767781	3	767780	4	7
767787	3	767786	4	7
767789	14	767788	1	15
767792	4	767791	3	7
767794	3	260004	3	6
767799	1	767798	1	2
767803	4	767802	5	9
767807	2	767806	3	5
767817	3	767816	6	9
767821	1	767820	4	5
767823	5	767822	4	9
767827	4	767826	7	11
767839	4	767838	10	14
767844	4	767843	3	7
767849	3	767848	2	5
767863	2	767862	5	7
767865	2	767864	3	5
767868	2	767867	6	8
767872	5	767871	3	8
767874	3	767873	2	5
767876	5	767875	4	9
767879	3	767878	7	10
767887	1	767886	3	4
767889	4	767888	3	7
767899	3	767898	4	7
767904	1	767903	5	6
767906	3	767905	2	5
767910	7	767909	9	16
767913	3	767912	6	9
767915	1	767914	3	4
767919	1	767918	3	4
767921	2	767920	1	3
767942	2	767941	3	5
767946	5	767945	5	10
767953	1	767952	2	3
767965	2	767964	7	9
767968	2	767967	3	5
767970	1	767969	7	8
767973	2	767972	5	7
767976	2	767975	1	3
767978	2	767977	1	3
767986	8	767985	4	12
767988	4	767987	6	10
767993	2	767992	2	4
767997	2	767996	7	9
767999	1	969598	1	2
768010	2	768009	1	3
768015	2	768014	4	6
768021	3	768020	4	7
768023	2	768022	4	6
768031	3	768030	2	5
768033	2	768032	3	5
768035	2	768034	1	3
768041	6	768040	1	7
768044	4	768043	2	6
768067	5	768066	1	6
768070	3	768069	4	7
768078	1	768077	4	5
768082	2	768081	2	4
768088	2	768087	1	3
768090	1	768089	2	3
768093	4	768092	18	22
768101	2	768100	4	6
768113	5	768112	5	10
768125	2	768124	3	5
768130	6	768129	6	12
768132	5	768131	3	8
768133	5	359140	7	12
768136	4	768135	6	10
768141	1	260148	4	5
768143	1	359145	4	5
768145	6	768144	3	9
768147	4	768146	3	7
768151	3	768150	4	7
768155	4	768154	4	8
768161	5	768160	3	8
768172	1	768171	3	4
768177	2	768176	1	3
768182	1	768181	3	4
768190	5	768189	1	6
768193	2	768192	2	4
768208	1	768207	4	5
768225	1	768224	4	5
768244	6	768243	2	8
768250	3	768249	2	5
768256	2	768255	1	3
768269	1	768268	1	2
768283	1	768282	2	3
768289	1	768288	3	4
768313	14	768312	5	19
768319	14	768318	5	19
768322	6	768321	12	18
768330	1	768329	6	7
768334	1	768333	1	2
768338	7	768337	1	8
768342	1	768341	3	4
768344	3	768343	7	10
768366	2	768365	1	3
768368	2	768367	3	5
768381	2	768380	2	4
768388	3	768387	2	5
768392	1	768391	3	4
768399	1	768398	3	4
768401	2	768400	4	6
768404	6	768403	6	12
768407	1	260370	2	3
768419	3	260389	1	4
768427	2	768426	2	4
768428	2	260394	4	6
768435	1	768434	2	3
768439	4	768438	3	7
768442	2	768441	3	5
768446	8	768445	6	14
768457	3	768456	3	6
768477	1	260429	1	2
768482	2	768481	2	4
768497	2	768496	2	4
768511	1	969789	1	2
768514	3	768513	2	5
768524	2	768523	4	6
768526	4	768525	2	6
768530	1	768529	2	3
768532	7	768531	3	10
768543	1	768542	1	2
768556	5	768555	4	9
768560	3	768559	4	7
768562	2	768561	3	5
768564	3	768563	5	8
768567	1	768566	2	3
768574	1	768573	1	2
768597	2	768596	1	3
768603	2	768602	2	4
768606	1	768605	1	2
768617	1	969839	1	2
768620	7	768619	4	11
768633	4	260596	2	6
768636	1	768635	8	9
768639	4	768638	2	6
768650	1	768649	1	2
768665	3	260626	1	4
768676	2	768675	1	3
768683	1	768682	1	2
768686	1	768685	3	4
768688	1	768687	3	4
768696	2	768695	2	4
768704	1	768703	1	2
768705	1	260663	1	2
768726	3	768725	1	4
768734	4	768733	1	5
768739	1	260691	2	3
768744	1	768743	2	3
768750	1	768749	2	3
768758	6	768757	2	8
768762	3	768761	5	8
768764	1	768763	1	2
768767	1	768766	2	3
768771	1	768770	1	2
768773	1	969917	2	3
768782	1	969937	4	5
768785	4	768784	4	8
768788	5	768787	2	7
768799	3	768798	1	4
768801	1	768800	1	2
768811	2	768810	2	4
768814	2	768813	4	6
768861	1	768860	1	2
768871	1	969996	1	2
768880	3	768879	1	4
768886	3	768885	6	9
768888	1	260805	7	8
768894	3	768893	1	4
768903	1	768902	1	2
768908	3	768907	1	4
768911	6	768910	2	8
768931	2	768930	1	3
768934	2	768933	4	6
768935	2	359298	1	3
768958	1	768957	2	3
768977	1	768976	3	4
768981	2	768980	4	6
768991	2	768990	1	3
769005	2	769004	1	3
769019	1	769018	2	3
769021	3	260879	4	7
769049	2	769048	12	14
769059	2	260925	3	5
769064	5	769063	7	12
769066	8	769065	13	21
769077	10	769076	4	14
769081	3	769080	4	7
769083	17	769082	8	25
769087	9	769086	7	16
769091	1	769090	3	4
769109	2	769108	2	4
769118	1	970100	2	3
769119	3	260992	2	5
769121	3	769120	82	85
769124	11	769123	7	18
769129	7	769128	10	17
769131	5	970109	6	11
769136	2	769135	2	4
769148	2	769147	3	5
769155	3	769154	1	4
769158	5	769157	4	9
769182	2	769181	7	9
769189	3	769188	1	4
769206	4	769205	4	8
769214	1	359362	2	3
769230	7	769229	9	16
769233	3	769232	4	7
769253	6	769252	4	10
769265	4	769264	5	9
769287	2	769286	1	3
769289	9	769288	1	10
769292	7	769291	5	12
769307	5	769306	7	12
769311	4	769310	5	9
769324	5	769323	3	8
769329	2	261239	9	11
769343	8	261253	1	9
769346	6	769345	10	16
769350	9	769349	8	17
769352	1	261262	3	4
769353	3	970231	8	11
769359	9	769358	4	13
769364	3	769363	6	9
769373	4	769372	11	15
769375	9	769374	7	16
769381	2	769380	11	13
769384	1	769383	9	10
769386	10	769385	9	19
769388	7	769387	5	12
769390	6	769389	2	8
769393	5	769392	4	9
769401	13	359421	5	18
769404	1	769403	5	6
769407	7	769406	7	14
769409	5	769408	3	8
769415	7	769414	15	22
769419	5	769418	9	14
769420	12	261302	4	16
769447	2	359436	1	3
769450	4	769449	4	8
769455	26	769454	3	29
769457	8	769456	1	9
769467	11	769466	6	17
769471	5	769470	15	20
769479	6	769478	10	16
769484	6	769483	1	7
769488	5	769487	2	7
769492	19	769491	7	26
769498	4	769497	1	5
769505	1	769504	6	7
769516	7	769515	8	15
769536	6	769535	1	7
769546	26	769545	7	33
769548	3	261392	4	7
769565	8	769564	11	19
769574	7	769573	3	10
769578	3	261424	5	8
769584	8	769583	1	9
769586	6	769585	7	13
769588	9	769587	8	17
769597	1	769596	4	5
769601	2	769600	4	6
769606	7	769605	4	11
769617	7	769616	6	13
769633	5	769632	8	13
769635	4	769634	3	7
769637	3	769636	4	7
769649	6	769648	4	10
769658	2	769657	1	3
769663	2	769662	1	3
769670	11	769669	6	17
769682	9	769681	2	11
769687	4	769686	3	7
769694	3	769693	5	8
769700	5	769699	4	9
769708	3	769707	7	10
769714	9	769713	2	11
769716	7	261530	2	9
769726	10	261543	5	15
769731	7	769730	3	10
769732	1	261549	11	12
769741	6	769740	2	8
769744	3	261555	2	5
769748	10	769747	2	12
769751	4	769750	6	10
769756	7	769755	5	12
769767	5	769766	3	8
769769	9	769768	8	17
769785	5	261568	1	6
769790	5	769789	5	10
769797	3	769796	2	5
769799	4	769798	2	6
769801	5	769800	4	9
769804	11	769803	3	14
769806	7	769805	3	10
769810	5	769809	1	6
769812	3	769811	1	4
769814	1	769813	3	4
769819	4	261585	1	5
769839	6	769838	5	11
769842	2	769841	3	5
769849	6	769848	13	19
769852	21	769851	5	26
769856	3	261602	2	5
769859	7	261603	9	16
769864	13	769863	8	21
769867	7	769866	10	17
769873	4	769872	4	8
769877	2	769876	4	6
769881	3	769880	11	14
769883	6	261616	2	8
769926	2	769925	5	7
769957	2	769956	3	5
769963	4	769962	8	12
769968	1	769967	6	7
769975	7	261636	3	10
769981	1	769980	6	7
770025	11	770024	6	17
770029	12	770028	3	15
770041	1	770040	4	5
770044	3	770043	4	7
770049	13	770048	4	17
770065	9	770064	12	21
770067	11	770066	12	23
770077	11	261700	4	15
770079	4	770078	9	13
770081	13	770080	17	30
770083	4	770082	3	7
770087	3	770086	5	8
770090	10	770089	11	21
770116	5	261716	8	13
770124	6	770123	4	10
770129	11	770128	6	17
770133	14	770132	7	21
770135	6	770134	22	28
770149	3	770148	9	12
770156	9	770155	10	19
770161	8	261741	6	14
770171	8	261749	4	12
770173	3	770172	7	10
770183	4	770182	5	9
770186	3	770185	5	8
770188	5	770187	3	8
770190	1	770189	15	16
770197	10	770196	5	15
770215	3	770214	6	9
770234	8	770233	11	19
770236	5	770235	3	8
770242	6	770241	6	12
770247	10	770246	7	17
770271	16	770270	4	20
770275	5	770274	3	8
770280	3	770279	4	7
770288	2	770287	5	7
770293	4	770292	3	7
770299	5	770298	2	7
770309	3	770308	3	6
770316	3	770315	4	7
770325	4	770324	4	8
770338	3	770337	2	5
770346	5	770345	4	9
770356	16	770355	12	28
770359	3	770358	1	4
770362	1	770361	5	6
770371	2	770370	2	4
770376	6	770375	6	12
770382	3	770381	1	4
770383	7	261858	2	9
770389	4	770388	3	7
770394	3	770393	4	7
770398	2	770397	7	9
770401	2	770400	13	15
770406	8	359572	1	9
770438	5	770437	5	10
770443	4	770442	3	7
770454	2	770453	1	3
770460	1	770459	3	4
770463	6	770462	3	9
770465	3	770464	1	4
770477	7	770476	1	8
770483	1	770482	2	3
770484	3	261898	3	6
770493	2	770492	3	5
770496	5	770495	2	7
770499	18	770498	16	34
770503	17	770502	10	27
770505	2	770504	1	3
770527	4	770526	9	13
770531	2	770530	2	4
770533	4	770532	23	27
770536	3	770535	11	14
770550	6	770549	5	11
770558	3	770557	2	5
770568	6	770567	3	9
770574	1	359588	1	2
770577	7	970634	9	16
770582	8	770581	11	19
770605	23	770604	6	29
770613	6	770612	10	16
770620	10	770619	1	11
770624	6	770623	5	11
770625	4	261978	7	11
770627	4	261981	4	8
770630	3	261984	3	6
770650	7	770649	4	11
770653	20	970657	4	24
770659	4	770658	2	6
770664	17	770663	3	20
770698	5	770697	9	14
770708	6	770707	4	10
770714	12	770713	10	22
770720	18	770719	16	34
770727	8	970705	10	18
770731	15	770730	13	28
770749	6	770748	19	25
770789	4	770788	11	15
770793	6	770792	7	13
770804	5	770803	10	15
770811	1	770810	6	7
770826	1	770825	15	16
770828	13	770827	7	20
770846	9	770845	20	29
770857	4	770856	21	25
770874	7	770873	29	36
770884	3	770883	9	12
770892	4	770891	14	18
770894	10	262176	1	11
770910	4	770909	5	9
770923	8	970875	5	13
770929	6	770928	10	16
770951	2	770950	3	5
770954	3	770953	3	6
770967	11	770966	13	24
771001	3	771000	6	9
771010	1	771009	11	12
771017	10	771016	9	19
771021	4	771020	13	17
771046	5	771045	105	110
771056	7	771055	6	13
771058	6	771057	8	14
771080	2	771079	13	15
771094	4	771093	10	14
771097	9	970970	9	18
771100	8	771099	9	17
771114	11	771113	4	15
771115	16	262290	23	39
771121	1	359699	1	2
771127	4	771126	10	14
771133	4	262319	7	11
771136	7	771135	7	14
771137	2	262322	1	3
771141	3	771140	1	4
771159	4	771158	5	9
771168	5	771167	7	12
771179	2	771178	3	5
771187	7	771186	7	14
771191	6	771190	5	11
771198	4	971015	1	5
771200	2	262373	2	4
771214	14	262391	3	17
771220	8	771219	7	15
771231	5	771230	6	11
771233	1	771232	3	4
771242	11	771241	4	15
771244	3	771243	3	6
771250	7	771249	7	14
771258	3	771257	1	4
771286	1	971064	2	3
771308	1	771307	1	2
771318	1	771317	3	4
771322	1	262503	1	2
771329	7	262509	1	8
771337	3	262516	5	8
771339	2	771338	2	4
771342	3	771341	3	6
771365	8	771364	5	13
771369	3	771368	8	11
771376	8	771375	8	16
771380	4	771379	7	11
771382	3	771381	4	7
771384	7	771383	2	9
771395	4	771394	1	5
771401	10	771400	7	17
771411	9	771410	1	10
771414	8	771413	1	9
771417	1	771416	5	6
771431	7	771430	5	12
771438	5	262628	1	6
771445	4	262640	1	5
771458	3	771457	2	5
771462	4	771461	7	11
771466	13	771465	3	16
771472	4	771471	9	13
771474	3	771473	2	5
771478	2	771477	2	4
771480	5	771479	2	7
771483	2	771482	8	10
771486	15	771485	7	22
771498	3	771497	6	9
771500	2	771499	1	3
771503	2	359769	5	7
771506	6	262692	1	7
771509	3	771508	2	5
771523	1	771522	4	5
771525	7	771524	4	11
771528	5	771527	2	7
771536	13	771535	2	15
771542	3	771541	3	6
771545	3	771544	3	6
771550	6	771549	26	32
771552	7	771551	6	13
771554	4	262716	1	5
771563	2	771562	4	6
771569	3	771568	5	8
771577	1	771576	1	2
771579	1	971193	3	4
771586	1	771585	10	11
771594	5	771593	8	13
771596	3	771595	4	7
771598	6	771597	11	17
771600	8	771599	11	19
771603	1	771602	5	6
771609	13	771608	7	20
771612	11	771611	9	20
771616	11	771615	5	16
771632	3	771631	2	5
771646	2	359795	4	6
771649	2	771648	1	3
771652	6	771651	11	17
771662	8	771660	8	16
771666	7	771665	6	13
771674	5	771673	9	14
771683	11	771682	3	14
771686	4	771685	9	13
771691	8	771690	8	16
771693	15	771692	10	25
771696	9	771695	4	13
771698	3	771697	15	18
771711	7	771710	2	9
771714	2	262812	2	4
771720	8	771719	7	15
771723	5	771722	18	23
771725	3	771724	1	4
771743	5	771742	7	12
771747	2	771746	4	6
771760	9	771759	10	19
771762	9	771761	17	26
771765	2	771764	7	9
771767	5	771766	3	8
771770	1	771769	6	7
771776	9	771775	3	12
771779	5	771778	3	8
771783	2	771782	3	5
771791	2	771790	1	3
771800	5	771799	3	8
771809	2	359814	4	6
771818	1	771817	2	3
771820	3	771819	2	5
771825	8	771824	5	13
771845	1	359822	2	3
771850	3	771849	5	8
771862	11	771861	4	15
771870	1	771869	1	2
771875	3	771874	3	6
771885	8	771884	5	13
771887	3	771886	2	5
771889	2	771888	5	7
771897	26	771896	8	34
771906	16	771905	7	23
771922	5	771921	6	11
771927	2	771926	5	7
771930	2	771929	4	6
771934	2	771933	17	19
771936	1	771935	3	4
771939	1	262943	2	3
771941	4	771940	4	8
771946	2	771945	6	8
771954	1	771953	2	3
771960	4	771959	1	5
771978	1	771977	3	4
772007	3	772006	9	12
772010	9	772009	3	12
772012	6	772011	3	9
772028	1	772027	1	2
772040	1	772039	1	2
772043	7	772042	3	10
772045	2	772044	6	8
772048	4	772047	2	6
772056	17	772055	6	23
772067	2	263124	1	3
772076	3	772075	6	9
772083	4	971395	5	9
772114	6	772113	2	8
772128	10	263228	5	15
772130	3	772129	3	6
772135	6	772134	7	13
772144	5	772143	2	7
772148	2	772147	3	5
772152	1	772151	1	2
772156	2	772155	4	6
772158	4	772157	6	10
772161	6	772160	2	8
772163	1	772162	3	4
772166	9	772165	7	16
772170	7	772169	4	11
772184	3	772183	1	4
772189	6	772188	3	9
772191	3	772190	14	17
772194	3	772193	5	8
772209	7	772208	8	15
772216	5	772215	4	9
772221	5	772220	2	7
772228	4	263318	3	7
772237	17	263324	4	21
772240	1	971453	3	4
772250	2	772249	3	5
772252	6	772251	6	12
772256	7	772255	3	10
772259	5	772258	4	9
772261	2	772260	4	6
772273	3	263344	6	9
772281	2	772280	4	6
772286	9	772285	10	19
772296	1	772295	8	9
772300	5	772299	2	7
772302	6	772301	7	13
772305	15	772304	14	29
772317	5	772316	6	11
772327	5	772326	4	9
772348	8	772347	3	11
772353	4	772352	16	20
772359	1	772358	6	7
772364	3	772363	2	5
772366	3	772365	4	7
772370	8	772369	9	17
772373	4	772372	4	8
772375	3	772374	6	9
772378	4	772377	8	12
772382	5	772381	12	17
772384	2	772383	6	8
772387	3	772386	11	14
772393	14	772392	5	19
772395	2	772394	1	3
772398	2	772397	1	3
772400	4	772399	3	7
772411	8	772409	3	11
772413	3	772412	4	7
772416	5	772415	10	15
772434	6	772433	3	9
772438	1	772437	4	5
772441	2	772440	7	9
772448	6	263451	5	11
772454	6	772453	4	10
772456	1	772455	4	5
772460	4	772459	4	8
772474	4	772473	1	5
772479	1	772478	1	2
772486	2	772485	5	7
772489	2	772488	5	7
772493	4	772492	2	6
772495	1	772494	11	12
772499	6	772498	7	13
772501	6	772500	10	16
772507	7	772506	5	12
772523	3	772522	9	12
772526	10	772525	1	11
772529	3	772528	4	7
772531	2	263514	2	4
772539	5	772538	4	9
772547	5	772546	2	7
772549	3	772548	7	10
772552	5	772551	3	8
772554	7	359971	6	13
772556	4	772555	5	9
772562	6	772561	1	7
772571	2	263549	3	5
772575	3	772574	2	5
772586	9	772585	2	11
772591	8	772590	1	9
772595	6	772594	7	13
772601	1	772600	10	11
772603	7	772602	9	16
772607	6	772606	4	10
772611	4	772610	7	11
772615	6	772614	5	11
772620	5	772619	4	9
772629	3	772628	1	4
772632	3	772631	3	6
772639	5	772638	2	7
772654	3	359986	1	4
772660	5	772659	3	8
772667	5	772666	6	11
772684	2	772683	3	5
772686	2	772685	10	12
772688	6	772687	8	14
772712	3	772711	1	4
772719	6	772718	6	12
772747	8	772746	6	14
772752	6	772751	2	8
772761	11	772760	8	19
772769	8	772768	7	15
772774	4	772773	8	12
772777	6	772776	12	18
772780	13	772779	14	27
772784	2	772783	8	10
772786	6	772785	1	7
772790	4	772789	11	15
772800	7	263733	3	10
772802	7	772801	3	10
772807	3	772806	2	5
772817	3	772816	6	9
772838	10	772837	6	16
772840	6	772839	5	11
772845	15	263760	6	21
772855	6	772854	6	12
772863	4	772862	10	14
772866	5	772865	12	17
772875	110	772874	5	115
772886	16	772885	4	20
772920	13	971750	8	21
772922	4	772921	1	5
772931	47	263823	1	48
772933	4	772932	6	10
772935	4	772934	4	8
772939	6	772938	5	11
772947	4	772946	17	21
772949	8	772948	4	12
772961	1	772960	8	9
772964	3	772963	2	5
772971	3	772970	1	4
772988	8	772987	9	17
772998	2	772997	1	3
773004	3	773003	3	6
773006	3	773005	4	7
773009	2	773008	3	5
773039	4	773038	2	6
773052	4	773051	5	9
773060	24	773059	10	34
773065	16	773064	6	22
773068	2	773067	1	3
773085	5	773084	9	14
773102	5	773101	4	9
773106	6	773105	11	17
773108	4	773107	22	26
773133	4	773132	5	9
773143	2	773142	1	3
773145	6	773144	7	13
773147	8	773146	1	9
773158	11	773157	12	23
773169	1	773168	7	8
773173	2	773172	1	3
773196	4	773195	21	25
773204	4	773203	9	13
773213	6	773212	4	10
773234	7	773233	6	13
773242	19	773241	6	25
773245	3	773244	1	4
773250	5	773249	6	11
773269	2	773268	3	5
773271	2	773270	7	9
773291	21	773290	5	26
773304	3	773303	3	6
773317	1	773316	3	4
773338	2	773337	6	8
773343	11	773342	14	25
773347	3	773346	1	4
773360	1	773359	4	5
773366	2	773365	1	3
773388	1	773387	2	3
773397	11	773396	11	22
773401	4	773400	3	7
773407	6	971961	6	12
773409	10	773408	15	25
773418	4	773417	7	11
773421	9	264381	1	10
773425	4	264395	1	5
773427	3	773426	8	11
773430	8	264396	4	12
773435	4	773434	2	6
773439	5	773438	6	11
773454	2	773453	2	4
773458	2	773457	2	4
773464	7	773463	4	11
773486	8	773485	3	11
773491	7	264437	14	21
773504	3	773503	2	5
773508	7	773507	5	12
773527	5	773526	8	13
773536	4	773535	2	6
773543	4	773542	1	5
773546	9	773545	4	13
773559	14	773558	26	40
773569	4	773568	29	33
773585	9	264472	5	14
773595	2	773594	1	3
773604	5	773603	5	10
773610	10	773609	4	14
773612	3	773611	8	11
773627	6	773626	3	9
773629	1	773628	1	2
773635	8	773634	2	10
773641	5	773640	3	8
773643	2	773642	20	22
773646	14	773645	7	21
773661	1	264521	1	2
773668	4	360211	12	16
773670	3	773669	5	8
773675	4	264538	4	8
773676	9	264540	7	16
773680	1	773679	2	3
773692	3	773691	3	6
773704	2	264550	1	3
773709	1	773708	1	2
773711	1	773710	2	3
773723	6	773722	3	9
773734	6	264562	2	8
773736	8	773735	7	15
773750	7	773749	1	8
773753	1	773752	2	3
773762	8	773761	3	11
773772	4	773771	2	6
773777	2	773776	2	4
773780	8	773779	2	10
773794	3	773793	2	5
773796	4	773795	7	11
773798	6	773797	4	10
773801	1	773800	3	4
773808	5	264621	2	7
773810	1	773809	3	4
773821	4	773820	1	5
773824	1	773823	2	3
773827	7	773826	10	17
773838	5	972128	2	7
773848	1	773847	1	2
773852	4	264668	11	15
773858	3	773857	1	4
773860	8	773859	2	10
773884	2	773883	4	6
773887	1	773886	2	3
773892	2	773891	2	4
773904	1	773903	4	5
773907	4	773906	1	5
773921	5	773920	2	7
773930	3	773929	1	4
773938	8	773937	7	15
773953	1	773952	2	3
773960	3	773959	6	9
773963	6	773962	1	7
773970	2	773969	2	4
773985	2	773984	7	9
773993	2	773992	2	4
773996	3	773995	2	5
774010	1	774008	40	41
774012	6	774011	4	10
774014	11	264839	9	20
774019	9	774018	12	21
774021	4	774020	9	13
774028	3	774027	6	9
774035	12	774034	10	22
774039	2	774038	22	24
774041	4	972216	2	6
774050	4	774049	3	7
774053	8	774052	4	12
774055	6	774054	3	9
774061	8	774060	7	15
774066	4	774065	1	5
774071	2	774070	3	5
774073	4	774072	2	6
774079	2	774078	8	10
774081	5	774080	2	7
774085	2	774084	2	4
774095	4	774094	3	7
774104	9	774103	6	15
774122	3	774121	8	11
774134	6	774133	5	11
774138	5	774137	12	17
774140	4	264923	2	6
774142	5	774141	1	6
774161	6	774160	2	8
774163	4	774162	5	9
774173	4	264940	5	9
774176	13	774175	6	19
774178	5	774177	1	6
774180	10	774179	10	20
774184	3	774183	5	8
774188	7	774187	4	11
774190	7	774189	3	10
774192	5	264957	7	12
774206	13	264972	4	17
774209	3	774208	1	4
774211	4	774210	2	6
774216	10	774215	1	11
774221	6	774220	6	12
774225	1	774224	1	2
774230	3	774229	3	6
774257	2	774256	2	4
774259	10	774258	2	12
774261	4	774260	1	5
774263	1	774262	2	3
774274	2	265058	4	6
774283	5	265070	1	6
774286	4	774285	3	7
774290	3	774289	8	11
774298	1	265088	3	4
774300	4	774299	3	7
774303	2	774302	3	5
774306	6	265092	1	7
774308	3	774307	2	5
774319	9	774318	4	13
774332	5	774331	9	14
774338	4	774337	4	8
774341	6	774340	10	16
774343	21	972331	16	37
774348	2	774347	8	10
774351	10	774350	10	20
774356	9	774355	14	23
774370	6	774369	6	12
774372	7	774371	6	13
774377	4	774376	18	22
774385	10	774384	145	155
774392	8	265152	1	9
774394	5	265155	2	7
774397	11	972361	3	14
774410	3	774409	10	13
774422	7	265168	6	13
774426	2	774425	10	12
774427	6	972371	3	9
774443	11	360350	16	27
774446	11	774445	14	25
774449	9	774448	4	13
774456	7	774455	14	21
774460	10	774459	5	15
774462	6	774461	14	20
774467	7	265198	3	10
774471	8	774470	10	18
774473	11	774472	15	26
774478	4	265201	3	7
774489	10	774488	3	13
774491	4	774490	2	6
774495	1	774494	3	4
774516	7	265230	1	8
774523	3	265234	7	10
774526	5	774525	3	8
774538	2	774537	2	4
774544	4	774543	2	6
774567	8	774566	9	17
774570	2	265282	2	4
774573	3	774572	4	7
774577	2	265295	3	5
774579	4	774578	4	8
774581	14	774580	7	21
774584	7	774583	5	12
774589	5	774588	14	19
774594	8	774593	11	19
774607	9	774606	4	13
774616	6	774615	7	13
774619	7	774618	3	10
774622	8	265333	1	9
774625	5	774624	2	7
774627	12	774626	3	15
774629	8	774628	4	12
774637	7	774636	7	14
774639	2	774638	1	3
774641	1	774640	14	15
774644	10	774643	15	25
774648	2	774645	4	6
774650	8	774649	4	12
774656	12	774655	1	13
774659	6	774658	11	17
774662	4	774661	13	17
774670	4	774669	4	8
774680	5	972463	8	13
774683	4	265366	3	7
774690	3	774689	7	10
774692	9	774691	1	10
774703	7	265397	4	11
774714	37	774713	7	44
774718	8	774717	5	13
774722	9	774721	9	18
774730	6	774729	8	14
774734	5	774733	1	6
774738	5	774737	2	7
774745	3	265418	9	12
774754	9	774753	2	11
774757	9	774756	4	13
774760	1	774759	7	8
774765	5	774764	10	15
774773	10	774772	9	19
774785	5	265444	5	10
774798	10	774797	13	23
774803	6	774802	6	12
774810	26	774809	2	28
774819	8	774818	2	10
774827	29	774826	3	32
774838	2	774837	4	6
774842	7	774841	1	8
774844	5	774843	2	7
774864	11	774863	6	17
774866	6	774865	2	8
774868	7	774867	6	13
774871	2	774870	8	10
774875	1	774874	2	3
774877	5	774876	2	7
774879	5	774878	11	16
774883	2	774882	6	8
774886	4	774885	2	6
774893	2	774892	2	4
774907	4	774906	2	6
774910	4	774909	3	7
774919	1	774918	7	8
774923	1	774922	15	16
774926	3	774925	3	6
774935	3	774934	7	10
774938	2	265549	2	4
774946	2	774945	8	10
774951	3	774950	1	4
774964	10	774963	3	13
774985	4	774984	2	6
774988	2	774987	2	4
775006	5	775005	3	8
775008	6	775007	3	9
775013	3	775012	7	10
775020	2	265611	10	12
775024	8	775023	5	13
775026	5	775025	2	7
775043	6	775042	7	13
775045	3	775044	4	7
775050	6	360447	12	18
775068	7	775067	5	12
775075	5	775074	4	9
775090	4	775089	4	8
775095	2	775094	4	6
775098	1	775097	2	3
775105	1	265663	4	5
775107	3	775106	1	4
775113	2	775112	2	4
775124	2	775123	3	5
775128	2	775127	2	4
775138	2	775137	15	17
775142	2	775141	21	23
775145	2	775144	5	7
775152	8	775151	6	14
775160	1	775159	1	2
775169	3	775168	7	10
775177	1	775176	3	4
775179	4	775178	5	9
775188	4	265720	3	7
775190	2	775189	3	5
775194	3	775193	2	5
775196	4	775195	6	10
775200	4	775199	3	7
775204	4	775203	2	6
775214	4	775213	2	6
775221	11	775220	10	21
775223	8	775222	4	12
775226	6	265754	3	9
775231	4	775230	9	13
775237	11	972689	8	19
775251	5	775250	7	12
775255	1	775254	2	3
775257	5	775256	1	6
775262	13	775261	5	18
775264	4	775263	7	11
775271	1	775270	1	2
775273	1	775272	5	6
775277	2	775276	3	5
775279	10	775278	6	16
775287	6	775286	2	8
775289	6	775288	8	14
775303	6	775302	6	12
775306	7	775305	8	15
775317	3	775316	4	7
775323	2	775322	5	7
775332	6	775331	5	11
775334	2	775333	16	18
775341	5	775340	4	9
775354	5	775353	2	7
775358	5	775357	9	14
775369	1	775368	1	2
775383	7	775382	11	18
775386	11	265877	2	13
775393	15	775392	1	16
775396	11	775395	1	12
775399	4	775398	3	7
775404	3	775403	3	6
775408	2	775407	1	3
775416	4	775415	7	11
775421	3	775420	1	4
775424	3	775423	5	8
775428	1	775427	1	2
775431	16	775430	5	21
775434	7	775433	5	12
775437	5	775436	1	6
775449	2	775448	5	7
775455	7	775454	3	10
775460	10	775459	10	20
775465	1	775464	3	4
775469	5	775468	4	9
775478	2	775477	1	3
775480	9	775479	2	11
775487	1	775486	5	6
775496	4	775495	18	22
775499	5	775498	2	7
775505	1	775504	2	3
775508	2	775507	1	3
775512	5	265984	1	6
775515	4	775514	2	6
775526	3	775525	3	6
775534	4	775533	4	8
775539	3	775538	3	6
775556	13	775555	8	21
775579	2	775578	6	8
775593	8	775592	3	11
775595	7	775594	4	11
775602	1	775601	1	2
775608	3	266088	2	5
775612	4	775611	2	6
775620	2	972815	6	8
775621	5	266096	2	7
775625	5	266105	1	6
775637	3	775636	5	8
775642	15	775641	6	21
775644	5	775643	3	8
775653	1	266124	3	4
775657	2	775656	2	4
775665	6	775664	6	12
775668	7	775667	1	8
775678	9	775677	1	10
775685	10	775684	6	16
775687	3	775686	1	4
775702	5	775701	22	27
775704	13	775703	6	19
775707	17	775706	9	26
775715	6	360560	6	12
775719	5	775718	8	13
775724	2	775723	2	4
775734	9	775733	2	11
775754	12	775753	3	15
775756	4	775755	5	9
775758	5	775757	2	7
775760	2	775759	4	6
775766	11	775765	1	12
775772	6	775771	5	11
775776	11	775775	11	22
775781	3	775780	7	10
775783	19	775782	4	23
775785	3	775784	11	14
775788	7	775787	3	10
775793	44	775792	1	45
775803	1	775802	1	2
775809	14	775808	5	19
775812	4	775811	4	8
775814	1	266237	2	3
775821	1	360577	2	3
775833	10	266238	2	12
775839	3	775838	2	5
775842	4	775841	1	5
775843	2	266283	2	4
775847	3	775846	3	6
775849	4	775848	7	11
775853	2	775852	2	4
775856	3	775855	2	5
775859	3	775858	2	5
775863	5	775862	17	22
775871	3	775870	1	4
775873	2	775872	5	7
775886	3	775885	3	6
775890	1	775889	4	5
775899	5	266328	1	6
775912	2	775911	2	4
775915	8	775914	6	14
775921	7	775920	2	9
775924	3	266348	1	4
775927	2	775926	5	7
775942	2	775941	33	35
775969	2	775968	41	43
775972	3	775971	8	11
775978	12	266382	5	17
775981	5	775980	9	14
775985	8	775984	14	22
775989	1	775988	4	5
775992	6	775991	4	10
775997	8	775996	5	13
775999	10	775998	6	16
776001	12	776000	5	17
776010	5	776009	8	13
776015	11	776014	12	23
776020	8	776019	5	13
776024	11	266410	15	26
776030	9	776029	13	22
776033	9	776032	10	19
776034	6	972975	14	20
776036	4	776035	8	12
776039	3	776038	5	8
776041	22	776040	3	25
776047	12	266433	3	15
776057	12	776056	9	21
776060	14	776059	7	21
776074	16	776073	6	22
776083	19	360616	9	28
776092	8	776091	4	12
776098	13	776097	8	21
776102	3	776101	12	15
776111	14	776110	6	20
776127	10	776126	3	13
776133	6	776132	8	14
776135	2	776134	9	11
776137	3	776136	2	5
776145	4	776144	3	7
776149	1	776148	2	3
776152	4	776151	15	19
776158	1	776157	1	2
776161	1	776160	3	4
776163	2	776162	7	9
776167	6	776166	3	9
776174	5	776173	13	18
776181	27	776180	5	32
776185	8	776184	11	19
776188	7	973019	3	10
776201	1	776200	13	14
776208	9	776207	6	15
776210	7	776209	11	18
776216	5	776215	11	16
776229	4	776228	3	7
776258	2	776257	1	3
776262	9	776261	8	17
776276	2	973051	6	8
776280	5	266589	2	7
776283	6	776282	1	7
776289	8	776288	1	9
776291	7	776290	6	13
776293	2	776292	2	4
776301	5	776300	4	9
776307	1	776306	1	2
776322	1	776321	1	2
776335	4	776334	5	9
776338	5	776337	2	7
776345	2	776344	5	7
776352	1	776351	3	4
776358	3	776357	3	6
776360	3	776359	12	15
776385	5	776384	6	11
776389	16	776388	7	23
776390	4	973093	1	5
776395	8	776394	5	13
776420	3	776419	8	11
776424	20	776423	15	35
776430	1	776429	1	2
776444	6	776443	5	11
776447	1	776446	4	5
776461	1	776460	4	5
776473	2	266696	2	4
776487	1	776486	4	5
776509	6	776508	14	20
776513	8	776512	9	17
776519	9	776518	6	15
776526	10	776525	3	13
776531	1	776530	3	4
776535	2	776534	34	36
776546	6	776545	5	11
776548	5	776547	4	9
776551	95	776550	6	101
776553	33	776552	1	34
776556	3	776555	1	4
776561	9	776560	9	18
776563	13	266783	11	24
776569	2	266787	5	7
776578	38	776577	2	40
776582	8	776581	2	10
776585	13	776584	12	25
776589	2	776588	3	5
776596	13	776595	5	18
776601	5	776600	7	12
776605	3	776604	4	7
776614	25	266816	2	27
776616	6	266817	8	14
776618	10	776617	9	19
776626	12	776625	6	18
776629	3	973198	7	10
776634	4	776633	5	9
776635	3	776632	9	12
776641	3	776640	8	11
776644	3	776643	5	8
776650	8	266827	6	14
776660	2	776659	6	8
776666	2	776665	7	9
776676	9	776675	3	12
776688	1	776687	16	17
776702	3	776701	4	7
776706	1	776705	4	5
776707	2	266855	3	5
776714	1	266864	1	2
776717	7	776716	12	19
776725	2	776724	2	4
776727	7	776726	3	10
776732	3	266874	3	6
776737	2	776736	3	5
776739	3	776738	7	10
776742	1	776741	3	4
776744	4	776743	4	8
776755	3	776754	7	10
776759	3	776758	6	9
776762	1	776761	1	2
776766	3	776765	7	10
776776	3	776775	2	5
776785	3	776784	1	4
776788	5	776787	4	9
776791	3	266924	4	7
776799	7	776798	4	11
776806	2	776805	5	7
776809	5	776808	3	8
776827	1	266956	1	2
776837	5	776836	6	11
776850	9	776849	3	12
776854	1	776853	7	8
776863	7	776862	12	19
776870	2	776869	1	3
776874	2	776873	5	7
776875	3	266985	4	7
776877	2	776876	3	5
776880	4	776879	4	8
776882	7	776881	7	14
776886	1	776885	7	8
776891	4	776890	8	12
776896	8	776895	2	10
776902	2	776901	2	4
776921	6	776920	5	11
776925	3	776924	11	14
776932	9	776931	7	16
776937	3	776936	7	10
776949	11	776948	9	20
776953	2	776952	1	3
776971	3	776970	16	19
776973	7	776972	18	25
776979	3	776978	6	9
776987	5	776986	4	9
776991	2	267055	4	6
776993	5	776992	10	15
777000	3	776999	7	10
777012	8	267061	2	10
777018	1	777017	1	2
777020	1	777019	9	10
777030	3	777029	4	7
777034	6	777033	8	14
777043	3	777042	1	4
777054	2	777053	2	4
777057	6	777056	5	11
777060	3	777059	2	5
777067	5	777066	3	8
777069	3	777068	5	8
777071	6	267118	5	11
777072	2	267123	2	4
777074	1	777073	1	2
777076	11	777075	2	13
777078	4	777077	2	6
777087	6	777086	1	7
777090	6	267136	4	10
777092	5	777091	3	8
777094	6	777093	5	11
777108	2	777107	3	5
777115	6	777114	8	14
777117	4	777116	6	10
777119	4	777118	4	8
777127	9	777126	7	16
777134	4	777133	3	7
777147	4	777146	7	11
777155	2	777154	3	5
777177	6	777176	2	8
777190	3	777189	5	8
777198	8	777197	10	18
777203	6	777202	15	21
777211	7	777210	7	14
777214	8	777213	6	14
777228	2	360813	5	7
777247	5	777246	5	10
777253	6	777252	15	21
777259	1	777258	6	7
777260	7	267229	3	10
777263	6	777262	21	27
777265	3	777264	8	11
777267	1	777266	1	2
777269	3	777268	3	6
777271	6	777270	7	13
777278	2	267243	3	5
777289	7	777288	6	13
777291	1	777290	60	61
777295	12	777294	7	19
777297	6	777296	7	13
777302	15	267260	5	20
777306	11	777305	32	43
777334	9	777333	4	13
777336	10	777335	10	20
777338	5	777337	7	12
777342	10	777341	9	19
777347	8	777346	2	10
777367	18	777366	5	23
777373	1	360831	3	4
777378	4	777377	3	7
777380	5	777379	7	12
777399	12	777398	5	17
777419	1	777418	4	5
777429	11	267326	7	18
777435	7	777434	3	10
777441	16	777440	4	20
777459	10	777458	7	17
777461	2	777460	3	5
777472	2	360856	2	4
777475	3	777474	7	10
777486	1	777485	1	2
777488	2	777487	2	4
777506	1	777505	2	3
777519	2	777518	7	9
777521	9	973512	3	12
777524	6	777523	3	9
777532	4	777531	3	7
777536	1	777535	4	5
777538	6	777537	4	10
777542	19	360870	20	39
777545	1	777544	1	2
777548	1	777547	4	5
777551	10	777550	4	14
777553	3	777552	30	33
777555	3	777554	2	5
777557	7	777556	8	15
777561	4	777560	11	15
777563	5	267422	1	6
777566	1	973529	1	2
777570	1	777569	7	8
777575	1	267428	2	3
777578	1	267430	1	2
777589	1	777588	5	6
777594	7	267450	1	8
777596	4	267452	4	8
777598	4	973550	4	8
777603	1	777602	3	4
777625	2	777624	31	33
777632	1	973566	2	3
777636	1	777635	1	2
777650	11	777649	2	13
777659	3	777658	1	4
777670	7	777669	8	15
777673	1	777672	2	3
777675	4	777674	3	7
777678	5	777677	4	9
777685	9	777684	1	10
777686	1	267527	7	8
777689	2	777688	2	4
777697	3	777696	3	6
777707	1	777706	3	4
777710	18	777709	11	29
777725	3	777724	4	7
777736	5	777735	3	8
777738	6	973610	1	7
777743	13	777742	4	17
777744	6	777741	2	8
777746	4	267576	3	7
777770	5	777769	4	9
777781	3	777780	6	9
777802	4	777801	1	5
777815	3	777814	10	13
777821	2	267628	1	3
777834	14	777833	5	19
777865	2	777864	3	5
777873	6	777872	8	14
777881	5	777880	2	7
777882	3	267683	5	8
777887	7	777886	1	8
777889	2	267692	5	7
777895	4	777894	1	5
777897	2	267699	2	4
777901	1	777900	2	3
777924	2	777923	3	5
777928	2	777927	4	6
777930	11	267723	1	12
777934	4	267725	3	7
777941	3	267726	4	7
777957	3	777956	4	7
777975	2	777974	3	5
777980	5	777979	7	12
777984	1	777983	2	3
777992	3	777991	1	4
777999	12	777998	5	17
778008	9	778007	2	11
778011	4	778010	9	13
778013	5	778012	2	7
778019	16	360952	2	18
778040	6	360953	4	10
778046	4	778045	2	6
778048	1	778047	2	3
778051	5	778050	7	12
778062	7	778061	2	9
778066	2	267764	2	4
778068	6	778067	9	15
778077	3	778076	3	6
778083	8	778082	6	14
778086	6	778085	4	10
778090	1	778089	6	7
778093	5	267783	4	9
778097	1	778096	4	5
778101	4	267791	1	5
778109	4	267797	1	5
778114	2	778113	8	10
778116	9	778115	16	25
778121	5	973784	3	8
778128	9	778127	6	15
778136	3	778135	7	10
778139	6	778138	7	13
778144	6	778143	7	13
778159	3	778158	2	5
778165	1	267842	4	5
778169	2	360986	4	6
778175	1	778174	3	4
778185	4	267856	1	5
778196	3	778195	1	4
778203	3	778202	1	4
778210	2	778209	2	4
778211	4	267877	5	9
778217	4	778216	3	7
778219	5	778218	1	6
778226	2	778225	8	10
778230	5	267891	2	7
778236	6	778235	8	14
778239	3	778238	4	7
778241	5	778240	1	6
778244	1	778243	3	4
778248	3	778247	1	4
778259	4	778258	7	11
778266	3	778265	9	12
778269	1	778268	1	2
778275	7	267927	1	8
778279	2	778278	6	8
778288	12	267941	1	13
778295	1	267945	1	2
778300	17	267951	4	21
778312	7	778311	5	12
778314	4	778313	10	14
778329	4	778328	6	10
778335	3	267993	3	6
778337	7	778336	8	15
778341	6	778340	3	9
778355	1	778354	5	6
778364	2	778363	7	9
778369	10	268038	4	14
778377	2	778376	3	5
778389	4	778388	7	11
778394	1	778393	3	4
778398	2	778397	6	8
778400	4	778399	6	10
778404	2	778403	18	20
778407	6	778406	1	7
778420	4	778419	5	9
778424	5	778423	3	8
778429	1	778428	4	5
778432	2	778431	2	4
778437	6	778436	5	11
778445	7	778444	7	14
778448	4	778447	2	6
778453	2	778452	8	10
778459	11	778458	7	18
778461	3	778460	3	6
778463	2	778462	5	7
778478	2	778477	7	9
778494	12	778493	3	15
778498	5	778497	4	9
778506	6	778505	9	15
778508	10	268077	4	14
778510	8	778509	2	10
778516	6	778515	5	11
778522	2	778521	2	4
778534	1	778533	3	4
778539	4	778538	1	5
778541	2	361058	1	3
778562	3	778561	1	4
778568	3	778567	1	4
778572	5	778571	3	8
778597	5	778596	2	7
778610	1	778609	2	3
778614	2	778613	2	4
778617	3	778615	7	10
778625	5	778624	3	8
778629	6	778628	3	9
778645	5	778644	5	10
778648	1	778647	1	2
778650	3	778649	4	7
778653	2	778652	2	4
778657	5	778656	1	6
778669	2	778668	2	4
778672	7	778671	3	10
778688	8	778687	4	12
778691	3	778690	4	7
778693	5	778692	7	12
778696	8	268196	4	12
778706	6	778705	4	10
778710	7	361103	2	9
778712	3	778711	2	5
778714	10	778713	3	13
778717	3	268220	4	7
778723	2	778722	6	8
778734	3	778733	13	16
778746	2	778745	3	5
778749	1	778748	5	6
778753	7	778752	11	18
778755	14	778754	2	16
778766	11	778763	6	17
778768	1	778767	2	3
778770	3	778769	2	5
778773	3	778772	1	4
778789	1	268279	1	2
778795	1	268283	3	4
778806	3	778805	2	5
778810	19	361126	18	37
778812	3	778811	3	6
778823	8	778822	12	20
778838	6	778837	4	10
778843	9	778842	12	21
778845	18	778844	7	25
778847	21	778846	8	29
778856	13	778855	4	17
778868	7	778867	3	10
778881	25	778880	20	45
778883	20	778882	10	30
778885	5	778884	1	6
778887	5	778886	6	11
778889	10	778888	8	18
778893	1	778892	32	33
778903	4	778902	15	19
778911	4	974064	5	9
778913	12	778912	9	21
778922	8	778921	10	18
778930	4	778929	11	15
778939	1	778938	2	3
778948	2	268370	2	4
778959	1	778958	1	2
778965	3	778964	2	5
778969	2	778968	5	7
778982	1	268390	5	6
778992	4	361147	3	7
778996	3	268398	2	5
779002	1	779001	5	6
779009	6	779008	7	13
779011	1	779010	4	5
779018	2	268408	1	3
779020	1	268410	4	5
779025	3	779024	3	6
779027	3	779026	6	9
779028	5	268413	4	9
779041	5	779040	3	8
779043	5	779042	4	9
779045	1	779044	5	6
779049	1	779048	2	3
779053	2	779052	6	8
779056	4	779055	14	18
779072	6	779071	1	7
779096	3	779095	5	8
779098	3	779097	8	11
779103	1	779102	7	8
779107	5	779106	4	9
779114	4	779113	3	7
779119	2	779118	2	4
779125	3	779124	11	14
779161	4	1112917	3	7
779163	3	779162	6	9
779169	10	779168	2	12
779175	5	779174	2	7
779180	2	779179	15	17
779187	6	779186	10	16
779189	1	779188	1	2
779191	22	268509	7	29
779194	6	779193	5	11
779196	5	779195	3	8
779211	1	779210	5	6
779222	5	779221	3	8
779233	2	779232	3	5
779239	4	779238	7	11
779240	8	268565	5	13
779244	2	779243	5	7
779267	1	779266	3	4
779271	4	779270	1	5
779285	4	779284	4	8
779287	1	779286	4	5
779291	3	779290	2	5
779293	4	779292	1	5
779299	10	779298	3	13
779301	7	779300	5	12
779303	10	779302	2	12
779318	2	779317	6	8
779320	1	779319	7	8
779324	5	268633	1	6
779339	4	779338	2	6
779341	7	779340	7	14
779352	5	779351	9	14
779361	15	779360	8	23
779376	1	779375	2	3
779382	2	779381	1	3
779384	7	779383	4	11
779385	2	268685	4	6
779389	16	361220	1	17
779391	1	779390	1	2
779398	5	974236	2	7
779401	2	779400	5	7
779405	4	779404	6	10
779407	6	779406	5	11
779409	3	779408	4	7
779413	6	779412	3	9
779418	3	779417	2	5
779422	2	779421	6	8
779423	4	268707	1	5
779439	4	779438	2	6
779446	3	779445	5	8
779451	2	779450	5	7
779456	23	779455	6	29
779460	4	779459	1	5
779464	6	779463	11	17
779501	1	779500	2	3
779507	1	779506	3	4
779515	4	779514	5	9
779520	6	779519	6	12
779528	5	268803	5	10
779536	4	779535	2	6
779537	15	779534	5	20
779544	7	779543	5	12
779546	3	779545	8	11
779550	2	779549	4	6
779554	1	779553	4	5
779566	10	779565	3	13
779584	2	779583	6	8
779586	7	779585	9	16
779592	4	779591	6	10
779594	4	779593	3	7
779598	4	268846	1	5
779600	1	779599	2	3
779604	10	779603	3	13
779607	2	779606	3	5
779612	6	974305	3	9
779630	5	268875	1	6
779634	6	779632	3	9
779637	4	779636	6	10
779639	4	361274	9	13
779649	4	779648	2	6
779662	2	779661	5	7
779665	7	268892	4	11
779668	3	779667	6	9
779676	2	779675	1	3
779699	8	779698	17	25
779704	2	779703	3	5
779719	5	268954	3	8
779751	1	779750	8	9
779755	6	779754	1	7
779764	5	268999	3	8
779767	6	779766	2	8
779771	2	779770	3	5
779776	22	779775	2	24
779778	2	361312	3	5
779794	4	779793	1	5
779797	2	779796	1	3
779805	5	779804	5	10
779815	9	779814	8	17
779824	5	779823	6	11
779828	13	779827	9	22
779833	4	779832	3	7
779842	5	779841	3	8
779844	5	779843	3	8
779847	2	779846	6	8
779854	3	779853	13	16
779858	8	779857	1	9
779863	4	779862	1	5
779866	5	779865	10	15
779868	4	974416	1	5
779872	6	779871	10	16
779885	11	779884	4	15
779888	4	779887	6	10
779898	1	779897	6	7
779903	3	779902	4	7
779905	7	779904	2	9
779908	4	779907	2	6
779912	2	779911	5	7
779915	3	779914	6	9
779917	3	779916	4	7
779919	5	779918	3	8
779921	4	779920	2	6
779922	4	269109	2	6
779924	2	779923	6	8
779933	7	779932	6	13
779936	5	779935	3	8
779939	3	779938	4	7
779941	3	974451	1	4
779962	4	779961	4	8
779965	2	779964	1	3
779968	4	361344	6	10
779979	1	779978	4	5
779984	4	779983	3	7
779985	2	974469	3	5
779987	7	361347	5	12
780005	9	780004	4	13
780014	2	361350	2	4
780117	1	780116	3	4
780125	1	780124	1	2
780143	4	269221	1	5
780147	7	780146	6	13
780150	5	780149	2	7
780164	6	780163	2	8
780176	3	780175	5	8
780180	8	269240	1	9
780187	9	780186	5	14
780200	6	780199	3	9
780207	2	780206	4	6
780215	22	780214	1	23
780223	9	780222	1	10
780232	8	780231	5	13
780237	2	780236	3	5
780239	12	780238	12	24
780244	6	780243	1	7
780255	4	780254	9	13
780257	7	780256	5	12
780258	3	269288	5	8
780261	4	780260	5	9
780266	9	780265	5	14
780273	14	780272	11	25
780275	12	780274	4	16
780283	3	780282	7	10
780286	4	780285	5	9
780289	3	780288	9	12
780299	16	780298	9	25
780301	7	780300	12	19
780302	4	269298	1	5
780308	8	974583	4	12
780321	4	269304	4	8
780326	12	780325	10	22
780338	3	780337	1	4
780341	10	780340	2	12
780347	1	780346	5	6
780349	10	780348	2	12
780362	5	780361	3	8
780375	5	780374	4	9
780384	3	780383	5	8
780390	5	780389	3	8
780396	11	780395	13	24
780399	5	780398	2	7
780408	7	780407	3	10
780415	7	780414	3	10
780417	7	780416	1	8
780420	2	780419	12	14
780427	8	269378	5	13
780428	4	361407	1	5
780443	3	780442	10	13
780446	3	780445	2	5
780448	4	780447	6	10
780450	3	780449	1	4
780465	7	780464	8	15
780472	4	780471	3	7
780475	1	269400	2	3
780479	3	780478	3	6
780482	5	780481	6	11
780486	8	780485	11	19
780489	5	780488	4	9
780499	2	780498	1	3
780502	2	780501	1	3
780504	2	780503	1	3
780509	5	780508	6	11
780527	3	780526	1	4
780536	4	780535	5	9
780547	1	269443	2	3
780557	7	780556	6	13
780560	5	780559	11	16
780562	14	780561	4	18
780579	4	780578	4	8
780588	46	780587	2	48
780589	6	269458	10	16
780592	3	780591	7	10
780595	12	780594	6	18
780603	2	780602	2	4
780609	3	780608	4	7
780621	17	780620	9	26
780625	4	780624	6	10
780634	1	780633	3	4
780635	5	269487	9	14
780640	3	780639	13	16
780643	6	780642	8	14
780645	15	780644	7	22
780649	10	780648	16	26
780658	4	780657	3	7
780669	14	269508	5	19
780673	17	974730	10	27
780675	3	780674	2	5
780679	7	780678	3	10
780685	3	780684	5	8
780691	4	780690	5	9
780699	2	269522	5	7
780705	2	974751	1	3
780712	7	974755	2	9
780720	12	780719	7	19
780722	4	780721	2	6
780724	8	780723	4	12
780726	7	780725	7	14
780733	3	780730	8	11
780738	3	780737	2	5
780740	6	780739	5	11
780747	6	269534	4	10
780750	3	780749	1	4
780752	2	780751	9	11
780755	10	780754	7	17
780779	2	780778	12	14
780789	9	269550	3	12
780792	2	780791	8	10
780799	6	780798	8	14
780802	5	780801	3	8
780805	9	780804	4	13
780806	3	974796	6	9
780808	8	780807	5	13
780811	6	780810	4	10
780812	4	974797	8	12
780813	4	269563	5	9
780815	2	780814	6	8
780817	6	974799	3	9
780821	5	780820	8	13
780824	5	780823	7	12
780829	3	780828	7	10
780836	14	780835	6	20
780838	11	780837	10	21
780843	13	780842	9	22
780848	8	780847	3	11
780853	9	780852	3	12
780857	6	780856	6	12
780861	6	780860	1	7
780862	4	269585	3	7
780864	9	780863	8	17
780867	9	269586	3	12
780870	4	780869	2	6
780873	2	780872	6	8
780890	7	780889	6	13
780901	4	780900	7	11
780907	5	780906	9	14
780914	5	780913	4	9
780915	3	269605	2	5
780925	3	780924	5	8
780928	5	780927	2	7
780930	1	780929	2	3
780932	9	361464	4	13
780936	5	780935	5	10
780940	9	780939	3	12
780943	12	780942	5	17
780944	9	269622	2	11
780947	3	780946	2	5
780949	1	780948	6	7
780950	4	269626	5	9
780959	7	780958	8	15
780961	2	780960	6	8
780965	9	780964	5	14
780968	2	780967	3	5
780972	10	780971	2	12
780975	2	269631	3	5
780991	5	780990	3	8
781000	5	780999	8	13
781004	2	781003	5	7
781007	11	269651	1	12
781012	10	781011	8	18
781022	4	781021	1	5
781024	3	781023	1	4
781026	2	781025	5	7
781042	6	781041	5	11
781050	3	781049	6	9
781054	3	781053	6	9
781057	1	781056	6	7
781061	8	781060	5	13
781070	4	781069	5	9
781072	2	781071	8	10
781075	5	781074	4	9
781082	6	781081	3	9
781089	1	781088	7	8
781091	12	781090	3	15
781094	1	781093	4	5
781099	3	781098	14	17
781101	2	781100	4	6
781103	2	781102	8	10
781106	6	781105	10	16
781107	6	269718	5	11
781111	2	781110	2	4
781119	3	781118	4	7
781121	3	781120	5	8
781128	4	781127	3	7
781141	5	781140	8	13
781144	4	781143	4	8
781149	4	781148	5	9
781152	5	269733	4	9
781154	3	781153	7	10
781158	4	781157	12	16
781160	3	781159	6	9
781195	3	781194	5	8
781201	7	781200	3	10
781220	14	781219	13	27
781225	8	974929	11	19
781227	2	781226	2	4
781238	1	269777	1	2
781251	6	781250	3	9
781254	7	781253	14	21
781257	1	781256	1	2
781259	9	781258	7	16
781264	4	781263	1	5
781266	4	781265	7	11
781268	5	781267	2	7
781270	6	269801	1	7
781289	1	781288	12	13
781291	1	269835	4	5
781297	7	781296	3	10
781299	3	781298	2	5
781302	3	781301	3	6
781312	2	781311	3	5
781319	10	361533	5	15
781330	10	781329	3	13
781333	1	781332	2	3
781348	1	781347	6	7
781350	5	269870	1	6
781361	3	781360	6	9
781368	1	269883	3	4
781372	3	269895	3	6
781374	4	781373	5	9
781382	2	781381	3	5
781385	1	781384	1	2
781390	9	781389	8	17
781392	2	781391	3	5
781397	5	781396	4	9
781401	2	781400	9	11
781421	8	781420	7	15
781431	2	781430	27	29
781435	5	781434	3	8
781438	1	781437	1	2
781452	2	781451	15	17
781458	3	781457	1	4
781463	1	781462	2	3
781469	4	781468	5	9
781478	1	781477	1	2
781486	12	781485	9	21
781488	6	781487	3	9
781491	1	781490	1	2
781497	1	781496	4	5
781500	3	781499	9	12
781502	3	781501	2	5
781506	1	781505	9	10
781523	29	781522	3	32
781530	2	270023	6	8
781544	6	781543	5	11
781548	2	781547	1	3
781554	11	781553	5	16
781561	3	781560	1	4
781567	5	270047	3	8
781573	3	270057	2	5
781579	6	781578	3	9
781583	1	781582	1	2
781594	4	781593	3	7
781596	4	270067	2	6
781618	2	781617	1	3
781629	6	781628	3	9
781634	9	781633	2	11
781662	1	781661	5	6
781664	2	781663	5	7
781668	3	781667	2	5
781679	1	781678	3	4
781694	1	781693	1	2
781698	2	975121	1	3
781702	2	781701	1	3
781703	6	781700	6	12
781733	2	270200	4	6
781739	2	781738	2	4
781742	2	781741	1	3
781813	1	781812	3	4
781833	4	781832	2	6
781837	1	781836	2	3
781840	2	361652	4	6
781843	2	781842	1	3
781847	3	781846	1	4
781874	2	781873	1	3
781887	3	781886	3	6
781890	1	781889	2	3
781895	5	781894	7	12
781897	28	781896	12	40
781907	2	781906	4	6
781912	1	361673	1	2
781938	3	781937	1	4
781943	4	781942	1	5
781947	12	781946	23	35
781957	3	781956	1	4
781961	1	781960	6	7
781967	1	781966	1	2
782004	1	782003	1	2
782022	1	782021	1	2
782028	10	782026	18	28
782046	2	270455	3	5
782048	1	782047	2	3
782055	4	782054	1	5
782065	7	782064	2	9
782077	2	782076	2	4
782096	2	270470	2	4
782098	2	270473	27	29
782104	5	782103	2	7
782108	1	782107	1	2
782111	2	782110	1	3
782124	1	270490	3	4
782128	4	782127	1	5
782139	2	782138	5	7
782158	3	782157	2	5
782175	3	782174	3	6
782188	5	270548	1	6
782189	3	270551	2	5
782218	2	782217	12	14
782222	2	782221	1	3
782237	3	782236	4	7
782246	3	782245	1	4
782251	1	782250	4	5
782255	3	782254	3	6
782270	2	782269	3	5
782286	2	975300	1	3
782294	3	782293	1	4
782301	1	782300	11	12
782303	17	782302	34	51
782308	3	782307	2	5
782319	2	782318	1	3
782325	2	975314	1	3
782330	2	782329	1	3
782334	1	782333	2	3
782338	1	782337	4	5
782342	2	361729	2	4
782358	3	782357	1	4
782366	2	782365	2	4
782387	3	782386	1	4
782393	3	782392	2	5
782395	1	782394	2	3
782401	1	782400	3	4
782417	1	782416	3	4
782426	1	782425	3	4
782431	2	782430	4	6
782436	5	782435	5	10
782442	7	782441	2	9
782444	1	782443	4	5
782449	2	270655	3	5
782451	2	782450	5	7
782459	16	782458	8	24
782475	5	782474	2	7
782482	3	782481	2	5
782493	3	270687	1	4
782495	9	782494	13	22
782497	3	782496	4	7
782512	16	270695	6	22
782528	2	782527	3	5
782539	3	782538	3	6
782550	2	782549	6	8
782551	5	361751	2	7
782553	4	782552	19	23
782555	1	782554	12	13
782556	1	270706	22	23
782558	5	782557	1	6
782561	6	782560	14	20
782566	6	782565	1	7
782571	3	782570	4	7
782582	2	782581	7	9
782601	2	782600	1	3
782606	1	782605	4	5
782614	1	270740	5	6
782626	3	782625	2	5
782629	3	782628	2	5
782640	1	782639	3	4
782644	3	782643	1	4
782646	5	782645	7	12
782651	4	270752	2	6
782653	7	782652	2	9
782658	2	782657	1	3
782663	3	782662	2	5
782671	8	782670	6	14
782680	3	782679	2	5
782683	7	782682	9	16
782690	3	782689	7	10
782693	2	782692	3	5
782695	5	782694	2	7
782708	1	782707	2	3
782712	2	782711	4	6
782722	3	782721	1	4
782724	13	782723	8	21
782726	4	782725	4	8
782728	2	782727	7	9
782735	3	782734	1	4
782737	1	782736	2	3
782740	4	782739	2	6
782749	2	782748	4	6
782751	1	782750	2	3
782756	6	782755	1	7
782760	3	782759	1	4
782776	4	782775	7	11
782778	2	782777	4	6
782788	5	782787	8	13
782797	2	782796	4	6
782799	5	782798	4	9
782803	5	782802	7	12
782807	3	782806	5	8
782811	10	270836	4	14
782813	7	782812	7	14
782826	2	782825	2	4
782829	2	782828	21	23
782831	20	782830	4	24
782833	1	782832	1	2
782837	5	782836	3	8
782839	1	782838	3	4
782841	2	782840	4	6
782852	16	782851	6	22
782855	3	782854	2	5
782858	1	270856	1	2
782861	2	782860	10	12
782867	5	782866	1	6
782869	3	782868	1	4
782871	2	782870	2	4
782882	4	782881	4	8
782891	4	782890	3	7
782900	4	782899	3	7
782904	1	782903	4	5
782906	2	782905	3	5
782908	4	270889	2	6
782917	11	782916	5	16
782923	3	782922	6	9
782930	2	782929	6	8
782934	6	782933	2	8
782935	4	975547	2	6
782938	7	782937	14	21
782940	2	782939	3	5
782944	6	782943	5	11
782946	4	782945	3	7
782949	2	782948	6	8
782958	9	782957	4	13
782960	26	782959	10	36
782963	24	782962	5	29
782984	7	782983	3	10
782987	7	782986	7	14
782990	6	782989	7	13
782992	9	782991	2	11
783009	1	783008	8	9
783020	26	783019	11	37
783022	9	783021	5	14
783024	1	270928	6	7
783027	2	783026	3	5
783029	1	783028	6	7
783035	3	783034	4	7
783038	5	783037	2	7
783040	7	783039	9	16
783044	5	783043	1	6
783046	3	783045	9	12
783055	1	783054	1	2
783068	10	783067	4	14
783077	7	783076	5	12
783104	7	783103	9	16
783106	7	783105	9	16
783109	6	783108	4	10
783114	4	783113	1	5
783129	6	783128	2	8
783137	4	783136	1	5
783145	4	783144	7	11
783147	7	783146	11	18
783155	9	783154	10	19
783161	5	270969	4	9
783171	7	783170	5	12
783174	2	270980	1	3
783184	2	783183	3	5
783192	5	975632	4	9
783202	8	783201	1	9
783207	4	783206	4	8
783210	6	783209	6	12
783212	3	783211	2	5
783214	7	783213	9	16
783216	12	783215	11	23
783227	3	783226	2	5
783234	18	783233	4	22
783242	4	783241	4	8
783245	14	783244	7	21
783272	4	783271	8	12
783275	4	783274	4	8
783277	9	783276	4	13
783279	9	783278	10	19
783281	5	271018	1	6
783287	1	783286	11	12
783290	10	783289	7	17
783292	3	783291	3	6
783302	2	783301	3	5
783307	1	783306	2	3
783311	14	783310	8	22
783315	5	361828	6	11
783317	1	783316	7	8
783319	2	783318	6	8
783321	5	783320	3	8
783332	6	783331	11	17
783334	7	783333	2	9
783340	2	783339	1	3
783350	20	783349	10	30
783356	9	783355	9	18
783361	6	783360	3	9
783364	5	783363	17	22
783374	5	783373	9	14
783385	8	783384	2	10
783404	2	783403	4	6
783406	5	783405	2	7
783411	11	783410	7	18
783413	4	361836	2	6
783416	4	783415	5	9
783418	20	783417	6	26
783423	16	271048	8	24
783434	5	783433	2	7
783437	3	783436	4	7
783440	1	783439	3	4
783444	1	783443	1	2
783446	5	783445	3	8
783475	3	975728	2	5
783477	2	783476	1	3
783481	22	271067	2	24
783488	5	783487	10	15
783505	2	271079	6	8
783508	1	783507	5	6
783511	9	783510	3	12
783514	3	783513	2	5
783516	6	783515	5	11
783528	4	783527	8	12
783532	32	783531	5	37
783534	6	783533	2	8
783537	6	783536	2	8
783542	13	783541	11	24
783545	3	783544	9	12
783549	14	783548	4	18
783558	4	783557	3	7
783579	6	783578	7	13
783585	9	783584	9	18
783590	9	783589	5	14
783592	3	783591	1	4
783603	1	271111	5	6
783608	1	783607	1	2
783620	6	783619	3	9
783626	2	783625	17	19
783632	10	783631	11	21
783637	4	783636	5	9
783641	10	783640	4	14
783664	2	783663	5	7
783665	3	271134	2	5
783669	3	361859	1	4
783671	9	783670	2	11
783674	6	783673	6	12
783675	3	361860	3	6
783677	2	783676	1	3
783685	1	783684	5	6
783688	2	783687	3	5
783691	5	783690	2	7
783696	1	783695	5	6
783700	4	783699	5	9
783706	5	361863	1	6
783715	34	783714	1	35
783717	8	783716	18	26
783721	5	783720	7	12
783725	3	783724	16	19
783733	4	783732	20	24
783734	3	975810	1	4
783740	5	975812	1	6
783750	9	783749	21	30
783756	2	783755	3	5
783766	4	783765	1	5
783772	3	783771	3	6
783775	4	783774	1	5
783779	1	783778	7	8
783784	3	783783	4	7
783787	2	975840	4	6
783793	2	783792	4	6
783802	5	783801	1	6
783808	6	783807	5	11
783812	5	783811	3	8
783819	2	783818	1	3
783821	4	783820	4	8
783832	7	783831	7	14
783842	5	783841	11	16
783844	3	783843	2	5
783848	51	783847	3	54
783851	3	975858	3	6
783855	4	783854	3	7
783859	2	783858	1	3
783870	4	783869	20	24
783872	28	783871	20	48
783888	2	783887	6	8
783891	29	783890	4	33
783894	3	783893	2	5
783898	2	783897	3	5
783900	2	783899	11	13
783902	5	783901	7	12
783904	8	1114286	2	10
783909	6	783908	7	13
783911	6	783910	3	9
783914	2	783913	1	3
783918	2	783917	2	4
783938	8	783937	4	12
783940	8	783939	4	12
783943	5	783942	4	9
783948	2	783947	1	3
783958	2	783957	6	8
783962	2	783961	4	6
783971	5	783970	20	25
783975	2	975898	4	6
783977	2	783976	6	8
783980	10	783979	9	19
783988	3	783987	3	6
783994	6	783993	6	12
783999	1	783998	2	3
784006	1	784005	2	3
784008	1	784007	2	3
784010	5	784009	6	11
784019	2	784018	3	5
784029	3	784028	8	11
784033	4	784032	1	5
784039	4	784038	3	7
784042	1	784041	2	3
784049	1	784048	2	3
784051	2	271254	1	3
784079	3	784078	5	8
784082	4	784081	6	10
784087	2	784086	2	4
784090	3	784089	10	13
784105	3	784104	4	7
784110	5	784109	2	7
784121	7	784120	1	8
784124	7	784123	8	15
784136	7	784135	6	13
784143	3	784142	9	12
784149	6	784148	6	12
784153	4	784152	7	11
784156	7	784155	6	13
784163	2	784162	4	6
784167	11	784166	5	16
784171	3	784170	23	26
784174	8	784173	1	9
784197	7	784196	11	18
784204	4	784203	8	12
784224	19	784223	16	35
784233	7	271323	5	12
784237	4	784236	3	7
784239	2	271326	4	6
784256	4	784255	3	7
784272	8	784271	7	15
784279	10	784278	2	12
784287	4	784286	8	12
784302	8	784301	6	14
784306	6	784305	9	15
784342	6	271340	2	8
784344	1	784343	1	2
784350	7	784349	3	10
784351	6	271343	3	9
784357	2	784356	2	4
784363	3	784362	9	12
784370	2	784369	6	8
784371	6	361928	4	10
784379	9	976046	3	12
784381	4	784380	10	14
784387	9	784386	8	17
784391	10	784390	5	15
784395	6	784394	10	16
784414	3	271375	2	5
784417	8	784416	12	20
784431	4	271380	4	8
784443	4	784442	4	8
784454	7	784453	10	17
784457	3	784456	3	6
784477	6	271393	2	8
784478	4	271396	6	10
784490	12	784489	2	14
784494	2	976078	2	4
784509	8	784508	2	10
784514	4	784513	5	9
784528	4	784527	7	11
784537	5	784536	1	6
784538	2	271432	3	5
784540	5	784539	2	7
784543	4	784542	2	6
784551	1	784550	1	2
784555	4	784554	7	11
784557	15	784556	6	21
784564	3	784563	2	5
784571	4	784570	2	6
784573	4	784572	4	8
784600	9	784599	12	21
784611	2	784610	7	9
784613	5	784612	7	12
784617	4	784616	5	9
784621	13	784620	12	25
784623	9	784622	7	16
784627	15	784626	8	23
784629	6	784628	4	10
784636	4	784635	6	10
784642	4	271478	4	8
784650	5	784649	5	10
784657	11	271486	7	18
784660	3	784659	1	4
784662	2	784661	3	5
784664	1	784663	8	9
784668	2	976164	2	4
784670	4	784669	8	12
784675	6	784674	10	16
784679	10	784678	6	16
784697	6	784696	1	7
784699	5	784698	3	8
784703	1	271505	2	3
784706	7	784705	4	11
784708	2	784707	2	4
784727	7	784726	3	10
784730	5	784729	2	7
784733	3	784732	10	13
784735	5	784734	7	12
784751	13	784750	4	17
784756	2	784755	5	7
784765	4	784764	1	5
784771	7	784770	5	12
784773	1	784772	13	14
784775	11	784774	8	19
784782	11	784781	4	15
784783	10	976222	3	13
784788	10	784787	1	11
784790	5	271525	7	12
784796	3	784795	12	15
784801	1	784800	4	5
784808	7	784807	5	12
784813	10	784812	9	19
784815	9	784814	8	17
784819	4	784818	37	41
784839	5	784838	7	12
784846	6	784845	6	12
784852	7	784851	7	14
784855	7	784854	3	10
784859	6	784858	4	10
784880	4	784879	9	13
784886	2	784885	79	81
784907	3	784906	4	7
784914	9	784913	6	15
784917	5	784916	9	14
784922	9	784921	9	18
784926	3	784925	3	6
784934	2	784933	7	9
784937	6	784936	7	13
784939	4	784938	15	19
784942	5	784941	9	14
784948	8	784947	6	14
784950	1	784949	6	7
784955	3	784954	10	13
784957	22	784956	9	31
784959	10	784958	8	18
784966	7	784965	10	17
784968	4	784967	8	12
784976	17	784975	6	23
784982	4	784981	6	10
784984	5	784983	5	10
784993	1	784992	10	11
785007	7	785006	2	9
785021	6	785020	11	17
785030	6	785029	5	11
785039	13	785038	3	16
785066	7	785065	3	10
785071	4	785070	2	6
785075	4	785074	10	14
785076	4	362019	8	12
785079	11	785078	4	15
785082	3	785081	9	12
785094	1	785093	9	10
785107	8	271624	4	12
785113	9	785112	7	16
785115	2	785114	1	3
785118	9	785117	6	15
785121	3	785120	10	13
785135	4	785134	3	7
785150	2	785149	4	6
785158	2	976370	4	6
785163	14	785162	32	46
785168	4	785167	1	5
785173	7	785172	4	11
785177	3	785176	3	6
785187	1	785186	5	6
785190	15	785189	3	18
785193	2	785192	13	15
785201	5	785200	2	7
785210	2	785209	5	7
785218	2	785217	8	10
785239	3	785238	2	5
785246	2	785245	4	6
785256	6	785255	6	12
785259	3	785258	3	6
785265	12	785264	11	23
785284	8	785283	9	17
785301	1	785300	1	2
785304	16	785303	1	17
785311	5	785310	12	17
785313	3	271683	3	6
785315	2	785314	8	10
785317	7	271684	3	10
785323	4	785322	4	8
785325	15	785324	4	19
785329	8	785328	11	19
785331	10	785330	3	13
785334	20	785333	2	22
785336	5	785335	5	10
785338	13	785337	6	19
785342	8	785341	12	20
785347	6	785346	8	14
785349	1	785348	4	5
785356	4	785355	7	11
785362	6	976440	1	7
785377	1	785376	3	4
785381	11	785380	6	17
785396	2	976450	2	4
785414	2	785413	5	7
785419	9	271722	5	14
785423	11	271726	4	15
785425	9	785424	5	14
785427	3	785426	4	7
785448	3	785447	7	10
785450	1	785449	2	3
785454	1	785453	6	7
785461	7	785460	3	10
785465	2	785464	6	8
785470	2	271750	1	3
785482	1	785481	3	4
785492	4	785491	3	7
785497	9	785496	7	16
785509	20	785508	5	25
785518	14	785517	12	26
785544	7	976511	4	11
785551	2	785550	15	17
785554	2	785553	7	9
785556	5	785555	9	14
785564	5	785563	5	10
785572	3	785571	7	10
785576	17	785575	10	27
785579	13	785578	5	18
785600	2	785599	25	27
785603	7	976527	4	11
785616	2	785615	3	5
785634	7	785633	9	16
785639	2	785638	8	10
785646	6	271853	4	10
785650	6	785649	6	12
785658	3	785657	5	8
785664	4	785663	2	6
785680	1	785679	2	3
785683	2	785682	7	9
785686	5	785685	9	14
785689	1	785688	11	12
785701	9	785700	11	20
785704	12	785703	7	19
785716	1	785715	1	2
785720	4	785719	12	16
785728	7	785727	6	13
785731	2	785730	5	7
785733	83	785732	3	86
785735	2	785734	2	4
785757	1	785756	4	5
785762	7	785761	3	10
785765	1	785764	5	6
785803	3	785802	6	9
785810	5	785809	4	9
785812	5	271961	1	6
785814	13	785813	5	18
785816	4	785815	6	10
785820	1	785819	4	5
785832	12	785831	4	16
785834	4	785833	7	11
785836	11	785835	1	12
785844	8	785843	4	12
785847	4	785846	16	20
785853	8	785852	4	12
785857	2	785856	2	4
785885	8	785884	3	11
785895	10	271990	3	13
785898	6	785897	2	8
785903	9	785902	7	16
785910	11	785909	5	16
785913	11	362099	4	15
785919	6	785918	7	13
785923	36	785922	12	48
785925	3	785924	1	4
785937	3	785936	6	9
785942	3	785941	5	8
785944	2	785943	12	14
785951	4	785950	10	14
785954	5	785953	2	7
785957	1	272011	3	4
785965	16	785964	7	23
785971	2	272023	1	3
785977	6	976661	1	7
785980	1	785979	9	10
785984	2	785983	4	6
785988	7	785987	1	8
785999	3	785998	5	8
786001	10	786000	8	18
786004	4	786003	3	7
786009	9	786008	5	14
786027	5	786026	5	10
786029	2	786028	3	5
786032	4	786031	8	12
786049	2	786048	4	6
786060	8	786059	3	11
786065	5	786064	8	13
786066	1	976691	7	8
786075	7	786074	2	9
786091	9	786090	3	12
786105	2	786104	1	3
786111	5	786110	6	11
786114	4	272071	1	5
786117	5	786116	3	8
786134	2	786133	3	5
786136	3	786135	2	5
786138	3	786137	11	14
786146	10	786145	5	15
786151	1	786150	2	3
786157	2	786156	5	7
786160	4	272101	4	8
786173	7	786172	1	8
786175	4	786174	4	8
786179	4	786178	2	6
786186	1	786185	3	4
786196	4	786195	1	5
786202	2	786201	3	5
786204	4	786203	2	6
786209	4	786208	2	6
786212	10	786211	12	22
786225	3	786224	1	4
786234	2	786233	2	4
786243	3	786242	3	6
786248	4	272140	1	5
786255	1	786254	4	5
786273	7	362143	3	10
786275	9	786274	10	19
786277	4	786276	3	7
786279	3	786278	2	5
786282	6	786281	14	20
786285	8	786284	4	12
786289	1	786288	3	4
786293	2	976770	7	9
786304	6	786303	9	15
786307	5	786306	4	9
786313	5	786312	1	6
786319	2	786318	3	5
786323	7	786322	7	14
786336	3	786335	3	6
786339	3	786338	6	9
786341	6	786340	1	7
786345	2	786344	4	6
786352	9	786351	2	11
786355	2	786354	2	4
786375	10	786374	5	15
786378	5	786377	8	13
786391	8	786390	1	9
786394	1	786393	10	11
786402	8	786401	1	9
786406	7	786405	3	10
786416	5	786415	6	11
786423	4	272232	3	7
786425	3	786424	2	5
786437	5	786436	8	13
786446	3	786445	4	7
786466	5	786465	8	13
786467	2	362171	4	6
786476	13	786475	3	16
786486	8	786485	2	10
786491	11	786490	4	15
786493	3	786492	2	5
786521	8	786520	29	37
786523	9	786522	5	14
786543	5	786542	2	7
786546	4	786545	4	8
786548	2	976863	1	3
786551	6	786550	9	15
786564	7	786563	2	9
786566	7	786565	5	12
786571	4	786570	7	11
786573	11	786572	1	12
786575	2	786574	6	8
786578	7	786577	5	12
786580	11	786579	4	15
786587	6	786586	1	7
786598	1	272279	6	7
786604	9	786603	6	15
786610	11	272286	4	15
786617	7	786616	2	9
786630	5	786629	1	6
786632	6	786631	7	13
786638	5	786637	1	6
786640	4	786639	1	5
786644	2	272294	2	4
786648	8	786647	8	16
786650	4	786649	8	12
786652	12	786651	6	18
786653	11	272295	11	22
786655	2	786654	2	4
786659	3	786658	4	7
786673	2	786672	5	7
786685	9	786684	8	17
786687	3	786686	7	10
786688	3	362188	3	6
786700	3	786699	4	7
786702	7	786701	3	10
786704	8	786703	7	15
786708	11	786707	1	12
786713	2	786712	12	14
786722	3	272325	5	8
786730	5	786729	6	11
786739	2	786738	4	6
786742	5	786741	7	12
786745	6	786744	5	11
786750	2	786749	4	6
786753	7	786752	1	8
786762	3	786761	1	4
786769	7	786768	3	10
786772	3	786771	9	12
786780	3	786779	1	4
786784	7	272343	3	10
786796	3	786795	1	4
786802	4	786801	1	5
786814	1	786813	1	2
786820	4	786819	1	5
786824	6	786823	8	14
786826	1	976962	5	6
786828	8	786827	4	12
786831	1	786830	3	4
786834	5	786833	4	9
786836	9	786835	1	10
786847	2	786846	4	6
786862	1	786861	5	6
786876	14	786875	9	23
786893	5	786892	4	9
786911	4	786910	9	13
786918	1	786917	6	7
786920	2	786919	8	10
786922	3	786921	1	4
786928	4	786927	2	6
786936	1	786935	1	2
786939	5	786938	4	9
786941	5	786940	1	6
786959	8	786958	8	16
786964	1	786963	3	4
786968	3	786967	8	11
786974	7	362220	1	8
786980	7	786979	2	9
786985	5	786984	4	9
786989	2	786988	3	5
786999	5	786998	5	10
787003	5	787002	3	8
787005	3	787004	4	7
787010	4	787009	3	7
787013	3	787012	3	6
787021	3	787020	6	9
787028	3	787027	4	7
787030	1	787029	1	2
787034	4	787033	5	9
787036	12	787035	3	15
787038	4	787037	6	10
787040	8	787039	2	10
787044	3	787043	1	4
787054	1	787053	5	6
787059	1	787058	4	5
787061	5	787060	3	8
787086	2	787085	3	5
787088	10	787087	3	13
787101	5	787100	3	8
787106	6	977062	7	13
787123	3	787122	1	4
787129	5	787128	6	11
787133	3	787132	5	8
787168	45	787167	3	48
787176	7	272472	2	9
787187	7	787186	7	14
787196	6	787195	6	12
787201	4	787200	1	5
787204	9	787203	5	14
787212	3	787211	1	4
787216	1	787215	7	8
787221	17	977103	9	26
787225	10	787224	6	16
787230	8	787229	4	12
787232	4	787231	1	5
787243	8	787242	6	14
787261	2	787260	3	5
787265	1	787264	4	5
787267	5	272518	2	7
787271	6	787270	5	11
787275	1	787274	2	3
787281	2	272532	1	3
787288	4	787287	3	7
787296	2	787295	3	5
787297	2	362254	1	3
787327	2	787326	9	11
787329	7	787328	2	9
787332	6	787331	2	8
787342	4	787341	1	5
787349	3	787348	5	8
787350	14	977155	1	15
787361	3	787360	5	8
787371	5	787370	1	6
787373	7	787372	6	13
787398	3	787397	7	10
787400	5	787399	13	18
787426	1	787425	4	5
787437	6	787436	14	20
787445	9	787444	4	13
787451	2	787450	3	5
787452	3	977202	9	12
787466	5	272604	6	11
787474	8	787473	2	10
787475	3	272610	6	9
787481	10	787480	7	17
787489	4	787488	1	5
787492	1	787491	4	5
787498	5	787497	7	12
787523	1	787522	1	2
787535	4	787534	5	9
787540	2	787539	3	5
787547	1	787546	3	4
787558	7	787557	4	11
787564	6	787563	2	8
787571	3	787570	1	4
787574	3	272660	1	4
787576	1	272662	3	4
787590	1	787589	9	10
787595	2	787594	4	6
787601	1	787600	6	7
787606	1	787605	9	10
787611	4	787610	4	8
787615	2	787614	4	6
787620	7	787619	1	8
787630	2	787629	4	6
787631	3	272674	1	4
787649	4	787648	6	10
787670	3	787669	3	6
787696	7	787695	3	10
787703	4	787702	3	7
787710	1	787709	7	8
787712	2	787711	3	5
787735	17	787734	2	19
787744	4	787743	2	6
787746	6	787745	2	8
787750	1	787749	3	4
787752	7	787751	9	16
787765	6	977301	2	8
787769	3	787768	1	4
787772	8	787771	8	16
787775	7	787774	1	8
787785	5	787784	7	12
787787	6	787786	2	8
787791	4	787790	13	17
787798	1	787797	4	5
787800	12	787799	8	20
787804	3	787803	2	5
787812	4	787811	15	19
787820	6	787819	2	8
787837	7	787836	1	8
787841	4	787840	2	6
787848	4	787847	2	6
787853	1	787852	1	2
787855	3	272732	1	4
787857	19	787856	4	23
787860	14	787859	6	20
787875	2	787874	1	3
787880	2	787879	5	7
787886	9	787885	4	13
787890	7	787889	8	15
787892	3	787891	1	4
787901	4	787900	2	6
787907	3	787906	2	5
787909	4	272744	3	7
787913	1	787912	1	2
787918	12	362327	2	14
787924	11	787923	8	19
787928	2	787927	3	5
787934	2	787933	1	3
787937	6	787936	1	7
787940	12	787939	5	17
787942	1	787941	24	25
787944	11	787943	4	15
787947	16	787946	5	21
787951	15	787950	7	22
787955	6	787954	1	7
787962	2	272762	1	3
787965	1	787964	4	5
787971	4	787970	5	9
787973	3	787972	10	13
787976	2	787975	4	6
787979	3	787978	1	4
787982	3	787981	8	11
787990	3	787989	2	5
787998	1	787997	2	3
788016	1	788015	2	3
788023	29	788022	9	38
788026	3	788025	1	4
788034	5	788033	1	6
788038	6	788037	3	9
788052	7	788051	3	10
788056	7	272793	6	13
788070	1	788069	4	5
788078	5	788077	3	8
788085	16	788084	10	26
788091	14	788090	9	23
788096	8	788095	7	15
788123	15	788122	38	53
788131	17	788130	11	28
788155	3	788154	2	5
788159	28	788158	22	50
788166	13	788165	8	21
788175	12	788174	13	25
788184	16	362377	10	26
788186	4	977474	1	5
788190	16	788189	4	20
788203	5	788202	4	9
788235	7	788234	1	8
788240	13	788239	13	26
788244	12	788243	11	23
788268	3	788267	3	6
788271	20	788270	2	22
788292	8	788291	12	20
788300	6	788299	5	11
788302	3	788301	3	6
788311	6	788310	3	9
788313	5	788312	6	11
788315	9	788314	3	12
788320	8	788319	2	10
788325	1	788324	2	3
788335	9	788334	7	16
788347	9	788346	11	20
788362	16	272976	7	23
788364	15	788363	8	23
788377	5	788376	1	6
788405	12	788404	14	26
788419	10	788418	19	29
788429	6	788428	20	26
788432	22	788431	26	48
788438	8	788437	3	11
788450	7	788449	1	8
788476	4	788475	3	7
788478	2	788477	3	5
788484	9	273042	1	10
788486	1	788485	6	7
788494	14	788493	2	16
788504	5	788503	2	7
788511	9	788510	7	16
788520	5	788519	7	12
788526	3	788525	2	5
788530	2	788529	5	7
788549	5	273096	7	12
788555	8	788554	26	34
788562	1	788561	7	8
788565	7	788564	2	9
788567	8	788566	3	11
788577	4	788576	3	7
788605	3	788604	2	5
788609	2	788608	4	6
788613	2	788612	4	6
788625	4	788624	6	10
788627	9	788626	8	17
788632	6	788631	8	14
788644	8	273181	1	9
788647	7	788646	3	10
788653	3	788652	12	15
788659	13	273203	10	23
788673	11	788672	17	28
788698	8	788697	9	17
788704	9	362475	10	19
788710	6	788709	8	14
788713	6	788712	6	12
788715	7	788714	5	12
788723	1	788722	7	8
788726	13	788725	1	14
788730	2	788729	3	5
788737	8	788736	5	13
788741	1	788740	1	2
788746	5	788745	3	8
788757	2	788756	4	6
788759	5	788758	3	8
788770	5	788769	4	9
788780	5	788779	2	7
788783	2	788782	6	8
788787	1	788786	2	3
788802	8	788801	1	9
788805	28	788804	4	32
788824	1	788823	13	14
788833	5	788832	2	7
788838	4	273360	2	6
788842	12	788841	10	22
788877	2	788876	5	7
788885	1	362528	2	3
788887	7	788886	6	13
788891	2	788890	4	6
788895	5	788894	2	7
788906	4	788905	3	7
788944	7	977793	3	10
788946	4	273456	2	6
788956	2	788955	3	5
788960	1	788959	5	6
788967	3	788966	3	6
788969	3	788968	5	8
788972	3	788971	2	5
788977	1	273473	5	6
788990	4	788989	7	11
789008	1	789007	1	2
789010	4	789009	7	11
789013	1	789012	7	8
789020	2	789019	1	3
789036	5	789035	9	14
789045	4	789044	4	8
789048	4	789047	4	8
789051	3	789050	2	5
789052	14	273532	10	24
789061	7	789060	6	13
789065	5	789064	3	8
789076	4	789075	2	6
789080	2	789079	3	5
789095	4	789094	5	9
789099	5	789098	12	17
789106	4	977848	5	9
789116	7	789115	1	8
789118	3	789117	1	4
789128	1	789127	1	2
789132	3	789131	7	10
789137	5	789136	8	13
789143	1	789142	4	5
789148	2	789147	3	5
789153	2	789152	2	4
789159	3	789158	3	6
789162	4	273620	5	9
789164	6	789163	8	14
789168	7	273625	6	13
789170	2	789169	5	7
789180	6	789179	2	8
789185	7	789184	14	21
789205	2	789204	2	4
789213	9	789212	9	18
789251	6	789250	9	15
789258	4	789257	2	6
789260	27	789259	3	30
789263	3	789262	3	6
789269	7	789268	2	9
789275	6	789274	1	7
789290	8	789289	5	13
789295	5	789294	5	10
789301	3	789300	6	9
789303	3	789302	4	7
789308	4	789307	18	22
789311	2	789310	2	4
789343	3	789342	8	11
789348	5	273749	6	11
789355	1	789354	6	7
789367	9	789366	1	10
789368	2	273776	2	4
789387	8	273788	7	15
789389	12	789388	4	16
789397	2	789396	29	31
789401	3	789400	7	10
789413	11	273813	1	12
789429	5	789428	4	9
789437	5	789436	7	12
789439	6	789438	10	16
789441	4	273839	4	8
789442	6	273841	1	7
789448	9	789447	5	14
789450	7	273865	5	12
789456	6	789455	2	8
789488	1	789487	3	4
789494	5	789493	3	8
789501	5	789500	4	9
789503	4	789502	8	12
789529	4	789528	2	6
789537	4	789536	5	9
789544	4	789543	5	9
789546	3	789545	3	6
789557	10	789556	15	25
789572	2	789571	3	5
789576	3	274009	1	4
789584	3	789583	3	6
789589	5	789588	3	8
789610	2	789609	6	8
789626	2	274075	10	12
789628	11	789627	3	14
789635	7	789634	1	8
789657	1	789656	39	40
789668	4	789667	15	19
789677	3	789676	6	9
789685	2	789684	2	4
789703	6	789702	11	17
789726	4	789725	4	8
789728	1	789727	3	4
789729	1	274210	4	5
789731	5	789730	6	11
789741	2	789740	2	4
789743	7	789742	10	17
789757	4	789756	3	7
789765	4	274256	1	5
789775	5	789774	2	7
789795	1	789794	2	3
789798	11	789797	9	20
789802	7	789801	8	15
789809	8	274315	5	13
789814	2	789813	4	6
789815	2	274327	2	4
789824	4	789823	2	6
789834	6	274344	2	8
789839	2	789838	1	3
789844	1	789843	1	2
789858	2	789857	1	3
789865	1	789864	2	3
789871	2	274378	7	9
789876	6	789875	1	7
789883	3	789882	1	4
789887	5	789886	5	10
789890	23	789889	9	32
789892	1	789891	1	2
789895	2	789894	6	8
789914	4	789913	3	7
789922	3	789921	5	8
789927	4	789926	5	9
789929	5	789928	7	12
789938	1	789937	1	2
789941	4	274429	2	6
789948	42	789947	6	48
789961	1	789960	1	2
789967	3	274450	3	6
789982	1	978254	3	4
789984	1	789983	1	2
789988	3	789987	1	4
789991	1	789990	1	2
790013	1	274520	1	2
790021	2	790020	2	4
790027	10	274531	4	14
790030	7	790029	3	10
790032	3	274532	3	6
790035	7	790034	4	11
790042	6	790041	7	13
790044	2	790043	5	7
790048	6	790047	5	11
790055	2	790054	1	3
790064	1	790063	7	8
790068	4	274572	2	6
790070	2	790069	1	3
790092	1	790091	1	2
790109	1	274625	2	3
790119	4	362864	3	7
790128	4	790127	3	7
790133	4	790132	3	7
790161	2	790160	2	4
790164	2	790163	1	3
790167	3	790166	2	5
790176	6	274685	5	11
790181	3	790180	3	6
790187	1	790186	4	5
790194	6	790193	6	12
790197	1	790196	1	2
790198	4	274710	2	6
790202	2	790201	3	5
790237	7	790236	6	13
790241	1	790240	3	4
790245	2	790244	2	4
790246	4	274786	3	7
790248	4	790247	4	8
790250	7	790249	4	11
790262	3	790261	6	9
790278	3	790277	3	6
790281	3	790280	3	6
790283	6	274816	1	7
790289	9	274832	2	11
790291	3	790290	16	19
790294	15	790293	4	19
790303	10	790302	3	13
790313	5	790312	1	6
790318	5	790317	4	9
790335	6	790334	7	13
790339	9	790338	4	13
790348	1	274889	2	3
790358	3	790357	3	6
790364	2	790363	3	5
790366	3	790365	1	4
790368	6	978433	1	7
790372	8	790371	14	22
790376	5	790375	9	14
790394	12	274951	5	17
790396	10	790395	10	20
790398	12	790397	7	19
790400	8	790399	26	34
790402	12	790401	7	19
790411	1	362939	3	4
790417	4	790416	1	5
790425	2	790424	1	3
790430	3	790429	3	6
790437	2	790436	3	5
790451	9	790450	15	24
790455	4	790454	11	15
790462	5	790461	4	9
790471	3	790470	4	7
790474	18	790473	1	19
790482	7	790481	3	10
790484	4	790483	6	10
790492	1	790491	3	4
790503	8	790502	7	15
790511	2	790510	3	5
790514	12	790513	4	16
790520	8	790519	2	10
790522	7	790521	5	12
790525	8	790524	5	13
790529	4	790528	3	7
790532	9	790531	5	14
790550	4	790549	6	10
790557	5	790556	3	8
790559	6	790558	4	10
790562	6	790561	7	13
790574	4	978517	3	7
790578	10	275104	3	13
790616	2	790615	7	9
790621	1	275175	2	3
790631	4	275183	4	8
790634	2	790633	4	6
790636	7	790635	1	8
790648	2	790647	6	8
790651	8	790650	1	9
790665	3	790664	3	6
790668	13	275231	3	16
790670	2	790669	5	7
790677	9	790676	17	26
790682	1	978561	10	11
790691	5	790690	2	7
790704	4	790703	2	6
790717	11	790716	5	16
790731	9	790730	3	12
790763	2	790762	2	4
790764	6	275347	1	7
790768	4	790767	3	7
790786	1	790785	3	4
790795	2	790794	10	12
790798	2	790797	4	6
790811	1	790810	12	13
790814	2	790813	3	5
790820	2	790819	3	5
790828	9	790827	2	11
790833	10	790832	1	11
790847	5	790846	7	12
790856	5	275425	7	12
790859	8	275430	4	12
790862	4	275431	6	10
790867	2	790866	1	3
790874	2	790873	1	3
790878	1	790877	1	2
790884	1	790883	3	4
790907	4	790906	1	5
790918	9	790917	3	12
790931	2	790930	1	3
790945	5	790944	9	14
790949	5	790948	7	12
790951	4	790950	7	11
790958	4	790957	3	7
790963	9	790962	6	15
790967	6	275553	2	8
790972	3	790971	3	6
790980	1	790979	4	5
790981	3	275571	1	4
791022	2	791021	3	5
791026	1	791025	2	3
791028	3	791027	1	4
791045	1	791044	4	5
791064	5	275680	4	9
791075	2	791074	2	4
791087	4	791086	17	21
791114	6	791113	1	7
791122	3	791121	1	4
791124	5	791123	2	7
791129	4	791128	5	9
791132	6	791130	3	9
791134	5	791133	1	6
791153	2	791152	1	3
791161	1	791160	1	2
791166	1	275820	1	2
791170	1	791169	3	4
791192	1	275844	1	2
791208	8	363145	13	21
791210	3	791209	4	7
791212	6	791211	1	7
791219	8	791218	3	11
791238	4	275853	15	19
791240	24	791239	21	45
791258	9	791257	6	15
791264	6	791263	6	12
791270	10	791269	11	21
791273	12	791272	14	26
791275	6	791274	13	19
791279	2	275888	3	5
791308	3	791307	2	5
791311	3	791310	1	4
791335	3	275930	2	5
791340	1	791339	1	2
791342	2	791341	2	4
791354	12	791353	3	15
791375	2	791374	12	14
791399	4	791398	6	10
791407	7	791406	5	12
791411	4	791410	3	7
791424	1	791423	3	4
791429	1	791428	3	4
791431	9	791430	14	23
791441	9	791440	9	18
791444	1	791443	2	3
791450	4	791449	2	6
791452	9	791451	1	10
791455	2	978876	4	6
791457	6	791456	1	7
791468	5	791467	4	9
791477	1	791476	2	3
791478	2	276081	11	13
791486	2	791485	4	6
791488	4	276095	1	5
791499	5	791498	6	11
791504	6	791503	3	9
791508	8	791507	4	12
791512	3	791511	5	8
791528	12	791527	8	20
791532	6	791531	4	10
791534	3	791533	3	6
791537	2	791536	1	3
791543	4	791542	2	6
791585	4	791584	2	6
791594	3	791593	9	12
791597	1	791596	2	3
791599	1	791598	1	2
791606	1	276249	1	2
791622	2	791621	1	3
791641	11	791640	2	13
791648	6	791647	6	12
791659	7	791658	5	12
791661	6	791660	10	16
791667	5	276307	3	8
791670	3	791669	4	7
791689	2	791688	4	6
791697	5	791696	7	12
791713	1	276353	1	2
791719	3	791716	2	5
791725	4	791724	4	8
791734	3	791733	1	4
791768	7	791767	2	9
791786	2	791785	3	5
791789	5	791788	3	8
791795	5	791794	13	18
791807	1	791806	1	2
791822	1	791821	3	4
791824	3	791823	4	7
791826	14	791825	8	22
791842	10	791841	7	17
791847	2	791846	9	11
791860	7	791859	3	10
791866	6	276523	2	8
791872	3	791871	4	7
791875	4	791874	7	11
791887	3	791886	8	11
791895	4	791894	11	15
791898	7	791897	7	14
791905	2	791904	2	4
791908	4	791907	1	5
791913	7	791912	6	13
791929	2	791928	1	3
791930	3	363362	7	10
791948	5	791947	1	6
791968	2	791967	3	5
792008	3	792007	7	10
792011	3	792010	2	5
792016	7	792015	1	8
792023	3	363380	2	5
792029	7	792028	5	12
792034	8	792033	15	23
792036	7	792035	6	13
792042	16	792041	7	23
792047	5	792046	2	7
792050	2	792049	2	4
792052	2	792051	6	8
792061	2	792060	4	6
792063	3	792062	24	27
792066	8	792065	8	16
792082	5	792081	1	6
792087	1	792086	2	3
792104	1	792103	4	5
792107	3	792106	4	7
792112	1	276726	1	2
792114	3	792113	4	7
792120	3	792119	8	11
792138	2	792137	7	9
792141	6	792140	1	7
792158	7	792157	3	10
792161	12	792160	2	14
792169	4	792168	6	10
792171	6	276787	9	15
792175	7	792174	59	66
792177	3	792176	2	5
792185	15	792184	14	29
792195	2	276809	5	7
792197	23	276814	3	26
792200	4	792199	1	5
792223	5	792222	4	9
792238	11	792237	5	16
792242	5	792241	4	9
792245	3	792244	1	4
792247	8	792246	6	14
792250	2	792249	9	11
792254	1	792253	9	10
792255	2	276862	2	4
792258	13	792257	1	14
792262	6	792261	2	8
792268	4	792267	7	11
792270	6	792269	36	42
792278	1	792277	5	6
792280	2	792279	3	5
792287	3	792286	3	6
792310	2	792309	6	8
792316	4	792315	3	7
792326	6	792325	2	8
792329	4	792328	3	7
792338	1	792337	3	4
792358	3	276971	3	6
792362	2	792361	2	4
792364	6	792363	5	11
792368	4	792367	2	6
792370	5	276980	4	9
792372	4	792371	2	6
792377	5	276986	4	9
792392	7	792391	19	26
792399	1	363471	10	11
792401	8	792400	8	16
792417	3	792416	1	4
792426	3	792425	3	6
792432	3	792431	1	4
792454	3	792453	4	7
792457	7	277071	4	11
792483	3	792482	6	9
792484	7	363499	1	8
792487	6	792486	4	10
792491	3	792490	5	8
792493	2	792492	4	6
792498	5	792497	1	6
792500	7	792499	6	13
792508	14	277138	5	19
792511	3	792510	5	8
792513	3	792512	8	11
792520	5	792519	5	10
792532	3	792531	1	4
792544	1	363525	4	5
792555	1	792554	1	2
792571	4	792570	5	9
792582	4	277249	3	7
792584	3	792583	5	8
792586	1	277251	4	5
792588	3	792587	4	7
792607	4	792606	3	7
792611	3	277273	3	6
792619	2	792618	2	4
792625	4	792624	5	9
792636	2	277299	1	3
792642	4	792641	6	10
792650	4	792649	1	5
792671	3	792670	1	4
792676	4	277352	3	7
792683	2	792682	6	8
792687	5	792686	1	6
792696	3	792695	1	4
792718	2	792715	4	6
792730	1	792729	1	2
792757	3	363583	2	5
792761	5	979413	4	9
792763	1	792762	2	3
792765	1	792764	4	5
792772	3	792771	7	10
792782	4	792781	1	5
792786	2	792785	1	3
792790	4	792789	1	5
792803	5	792800	6	11
792812	1	792811	1	2
792818	1	792817	1	2
792832	3	792831	3	6
792837	10	792836	8	18
792841	10	277522	6	16
792849	6	792848	4	10
792857	5	792856	5	10
792871	2	792870	2	4
792894	5	792893	3	8
792902	3	792901	4	7
792908	4	792907	1	5
792911	4	792910	1	5
792914	1	792913	3	4
792922	9	792921	10	19
792929	1	792928	2	3
792933	5	277630	3	8
792938	5	792937	3	8
792948	3	792947	2	5
792962	2	792961	1	3
792968	4	792967	5	9
792979	9	792978	4	13
792996	1	792995	4	5
792997	1	979499	7	8
793008	1	793007	1	2
793012	6	793011	2	8
793020	5	277744	4	9
793022	7	793021	2	9
793025	2	793024	2	4
793032	8	793031	2	10
793047	5	793046	2	7
793051	1	793050	3	4
793056	14	793055	4	18
793058	8	793057	10	18
793062	4	793061	4	8
793064	5	793063	5	10
793076	5	793075	4	9
793081	7	793080	27	34
793085	2	793084	7	9
793088	3	793087	5	8
793112	4	979550	1	5
793115	6	793114	5	11
793117	1	793116	6	7
793119	1	793118	5	6
793122	3	277833	10	13
793123	2	277840	1	3
793127	1	793126	4	5
793131	2	793130	3	5
793137	1	793136	1	2
793159	1	793158	2	3
793180	5	793179	2	7
793182	3	277872	1	4
793189	3	793188	2	5
793192	5	793191	26	31
793204	7	793203	1	8
793208	1	793207	5	6
793212	1	363688	3	4
793216	2	277913	3	5
793217	2	277915	4	6
793219	6	277918	4	10
793222	2	793221	4	6
793228	5	793227	2	7
793231	2	793230	3	5
793234	1	793233	3	4
793244	8	793243	3	11
793245	4	363701	7	11
793254	15	793253	3	18
793259	2	793258	4	6
793262	4	793261	3	7
793274	5	793273	1	6
793280	3	793279	3	6
793283	3	793282	2	5
793284	1	277983	3	4
793286	2	277985	1	3
793295	1	793294	1	2
793297	11	793296	3	14
793308	4	793307	8	12
793316	1	793315	1	2
793324	6	793323	7	13
793326	6	793325	7	13
793329	11	793328	10	21
793333	14	793332	2	16
793346	1	793345	4	5
793355	4	793354	2	6
793363	4	793362	1	5
793373	1	793372	3	4
793389	3	793388	4	7
793391	4	793390	5	9
793417	6	1117162	3	9
793424	2	793423	1	3
793447	3	793446	2	5
793456	1	278153	2	3
793458	2	278154	1	3
793468	1	793467	2	3
793502	1	979744	2	3
793526	1	793525	12	13
793533	3	793532	1	4
793535	4	278225	1	5
793540	5	793539	1	6
793548	24	793547	3	27
793551	1	278240	6	7
793555	22	793554	10	32
793558	4	793557	7	11
793561	11	793560	11	22
793563	7	793562	3	10
793566	2	793565	2	4
793568	3	793567	1	4
793569	2	979772	2	4
793578	3	793577	5	8
793583	3	793582	15	18
793585	14	793584	10	24
793588	4	793587	1	5
793594	1	278272	4	5
793596	9	793595	1	10
793600	6	793599	3	9
793605	1	793604	1	2
793609	13	793608	7	20
793612	2	793610	7	9
793615	5	793614	6	11
793618	5	278288	1	6
793621	6	278293	1	7
793623	3	793622	1	4
793626	5	793625	7	12
793630	1	979784	1	2
793633	2	793632	6	8
793635	1	793634	3	4
793639	1	793638	4	5
793648	1	793647	4	5
793654	2	793653	4	6
793662	3	793661	4	7
793665	2	979803	2	4
793670	3	278337	3	6
793676	23	363792	7	30
793680	5	793679	1	6
793695	6	793694	1	7
793699	1	793698	1	2
793715	4	278388	3	7
793717	3	793716	3	6
793741	3	793740	3	6
793745	11	793744	3	14
793760	3	278422	1	4
793775	10	793774	2	12
793778	4	793777	3	7
793793	1	793792	4	5
793802	3	793801	4	7
793806	5	793805	5	10
793813	2	793812	7	9
793827	1	793826	7	8
793835	5	793834	15	20
793839	33	793838	20	53
793850	2	793849	4	6
793852	6	793851	7	13
793854	8	793853	6	14
793869	3	278499	2	5
793872	2	278509	2	4
793906	12	793905	3	15
793908	4	793907	4	8
793919	3	793918	3	6
793921	4	793920	5	9
793923	2	793922	4	6
793925	1	793924	2	3
793930	1	278566	2	3
793948	9	793947	3	12
793951	14	793950	3	17
793953	2	793952	6	8
793963	3	793962	3	6
793968	2	793967	2	4
793984	7	793983	3	10
793986	2	793985	2	4
793988	6	793987	2	8
794002	4	278624	4	8
794006	4	794005	5	9
794011	3	794010	2	5
794013	2	794012	3	5
794022	4	794021	7	11
794030	3	794029	3	6
794031	6	278650	3	9
794040	3	794039	4	7
794049	49	794048	1	50
794052	1	794051	1	2
794057	1	278670	3	4
794062	3	794061	1	4
794070	1	363874	3	4
794088	2	794087	5	7
794093	1	794092	1	2
794099	1	794098	1	2
794107	1	278711	2	3
794116	1	794115	4	5
794117	4	278713	1	5
794125	3	794124	3	6
794137	1	794136	4	5
794157	1	794156	1	2
794162	1	794161	2	3
794166	1	794165	1	2
794172	2	794171	14	16
794174	1	794173	8	9
794188	2	278780	7	9
794208	3	794207	1	4
794212	2	794211	2	4
794226	2	794225	6	8
794251	4	794250	4	8
794259	3	794258	2	5
794265	3	794264	3	6
794281	1	794280	6	7
794294	1	794293	2	3
794296	6	278871	2	8
794298	3	980073	1	4
794305	6	794304	3	9
794310	5	794309	3	8
794315	3	363927	1	4
794317	4	794316	3	7
794322	8	794321	9	17
794326	1	794325	3	4
794343	7	794340	5	12
794345	1	794344	1	2
794356	6	794355	3	9
794359	5	278929	2	7
794363	4	980105	1	5
794372	14	794371	1	15
794391	4	794390	2	6
794407	6	794406	3	9
794427	2	794426	3	5
794438	2	278997	10	12
794442	11	794441	3	14
794451	2	794450	10	12
794458	2	794457	18	20
794478	3	794477	2	5
794493	5	794492	4	9
794495	4	794494	2	6
794524	8	794523	11	19
794530	5	794529	1	6
794544	9	794543	2	11
794546	1	794545	7	8
794549	1	794548	38	39
794568	2	980187	12	14
794575	2	794574	13	15
794583	2	794582	4	6
794599	6	279143	1	7
794623	7	794622	8	15
794629	3	794628	1	4
794634	1	794633	3	4
794641	2	794640	4	6
794645	3	794644	5	8
794648	1	794647	4	5
794667	1	794666	3	4
794684	1	794683	1	2
794687	2	794686	1	3
794690	1	794689	4	5
794693	5	794692	5	10
794705	2	279232	2	4
794707	6	794706	1	7
794709	6	794708	4	10
794729	2	794728	1	3
794733	1	794732	6	7
794735	4	794734	4	8
794738	2	794737	2	4
794743	1	794742	2	3
794745	4	794744	6	10
794750	8	794749	2	10
794754	3	794753	3	6
794765	1	794764	1	2
794786	2	364026	5	7
794791	2	794790	3	5
794793	2	794792	1	3
794801	22	364027	15	37
794808	1	794807	3	4
794811	10	364031	6	16
794813	5	794812	2	7
794815	2	279282	3	5
794832	5	794831	8	13
794837	2	794836	2	4
794838	3	980290	8	11
794845	2	279293	1	3
794849	5	794848	5	10
794857	2	794856	3	5
794879	1	794878	3	4
794882	4	364041	2	6
794885	5	794884	5	10
794895	3	794894	3	6
794897	1	794896	5	6
794899	4	279322	5	9
794904	6	794903	3	9
794920	5	794919	3	8
794931	7	794930	2	9
794933	4	794932	1	5
794937	1	794936	1	2
794948	3	794947	2	5
794949	5	279341	1	6
794957	3	794956	7	10
794960	4	794959	8	12
794966	10	794965	4	14
794969	9	794968	1	10
794971	1	794970	4	5
794988	1	279378	2	3
794993	3	794992	1	4
794999	1	279388	2	3
795005	1	795004	2	3
795008	3	795007	3	6
795017	5	364059	1	6
795020	2	795019	5	7
795030	4	795029	2	6
795031	2	279413	7	9
795035	3	795034	2	5
795037	3	795036	6	9
795044	1	795043	2	3
795052	1	795051	6	7
795057	11	795056	5	16
795062	1	795061	8	9
795065	5	279439	4	9
795074	6	795073	2	8
795081	2	795080	6	8
795084	5	795083	3	8
795088	11	795087	8	19
795091	3	795090	5	8
795098	1	795097	4	5
795101	1	795100	1	2
795110	2	279480	3	5
795114	15	795113	2	17
795118	4	795117	2	6
795129	5	795128	5	10
795132	1	795131	3	4
795141	5	795140	2	7
795153	2	795152	1	3
795155	4	279497	1	5
795157	2	795156	6	8
795161	2	795160	2	4
795167	1	795166	4	5
795174	1	795173	1	2
795176	3	795175	4	7
795183	3	795182	1	4
795191	2	795190	3	5
795193	5	795192	3	8
795196	1	795195	5	6
795198	2	795197	2	4
795212	4	279531	12	16
795215	11	795214	11	22
795239	2	795238	4	6
795249	4	279569	1	5
795267	6	795266	1	7
795271	1	795270	3	4
795274	13	795273	14	27
795289	6	795288	5	11
795299	4	795298	5	9
795303	6	795302	7	13
795306	2	795305	5	7
795310	2	795309	3	5
795313	9	795312	2	11
795317	2	795316	3	5
795319	6	279608	2	8
795326	6	795325	1	7
795328	1	795327	3	4
795331	6	795330	4	10
795350	2	795349	3	5
795351	2	279632	3	5
795353	1	795352	7	8
795355	2	795354	3	5
795362	1	795361	2	3
795381	4	279646	4	8
795384	3	795383	9	12
795389	2	795388	1	3
795398	3	279661	3	6
795407	6	795406	1	7
795410	1	795409	1	2
795416	5	795415	7	12
795417	8	279677	1	9
795433	8	795432	4	12
795440	3	795439	1	4
795451	1	795450	1	2
795455	4	795454	9	13
795461	5	279706	4	9
795466	2	795465	8	10
795477	6	795476	20	26
795479	3	795478	4	7
795487	2	795486	7	9
795489	16	795488	5	21
795499	2	279722	5	7
795504	1	795503	2	3
795509	1	795508	1	2
795512	1	795511	4	5
795513	5	364132	4	9
795516	5	795515	5	10
795521	6	795520	4	10
795530	3	795529	11	14
795536	9	795535	2	11
795543	3	980578	2	5
795557	4	795556	2	6
795561	6	795560	1	7
795563	8	795562	6	14
795569	4	795568	6	10
795572	1	795571	1	2
795582	3	795581	2	5
795583	2	795580	5	7
795588	6	795587	4	10
795593	3	795592	2	5
795597	2	795596	1	3
795599	1	795598	3	4
795607	1	795606	8	9
795620	3	795619	2	5
795636	4	795635	4	8
795639	1	795638	1	2
795643	4	279796	1	5
795657	2	795656	2	4
795659	2	795658	2	4
795664	4	795663	4	8
795666	2	795665	3	5
795671	2	795670	2	4
795673	1	795672	4	5
795676	4	795675	5	9
795679	4	980633	1	5
795680	13	279830	3	16
795682	7	795681	3	10
795684	3	795683	3	6
795697	10	795696	5	15
795715	1	795714	2	3
795725	4	795724	3	7
795728	2	795727	4	6
795736	1	1117829	2	3
795742	4	795741	3	7
795744	1	795743	2	3
795746	2	795745	1	3
795752	2	795751	5	7
795755	2	795754	3	5
795757	1	795756	1	2
795767	4	795766	7	11
795772	1	795771	2	3
795775	5	795774	4	9
795777	1	795776	8	9
795785	1	795784	4	5
795787	1	795786	2	3
795790	3	795789	8	11
795794	5	795793	6	11
795802	4	795801	4	8
795807	3	279869	10	13
795810	4	795809	5	9
795815	2	795814	3	5
795817	5	795816	3	8
795821	7	795820	5	12
795823	7	795822	3	10
795846	3	795845	6	9
795854	12	795853	1	13
795857	2	795856	3	5
795862	3	795861	12	15
795881	5	795880	2	7
795883	6	279895	3	9
795888	12	795887	3	15
795902	10	795901	30	40
795909	2	795908	7	9
795912	9	795911	7	16
795914	7	795913	4	11
795920	8	795919	8	16
795921	2	279901	2	4
795925	9	980715	5	14
795930	4	364178	2	6
795933	4	795932	3	7
795940	1	795939	2	3
795943	3	795942	2	5
795947	2	795946	12	14
795953	12	795952	7	19
795956	16	795955	6	22
795969	1	795968	8	9
795973	3	795972	4	7
795975	3	795974	13	16
795979	3	795978	11	14
795982	8	795981	2	10
795990	1	364194	1	2
796006	8	796005	7	15
796016	5	796015	5	10
796019	3	796018	4	7
796031	6	796030	6	12
796035	7	796034	1	8
796040	8	796039	4	12
796043	7	796042	7	14
796047	4	279952	2	6
796053	7	796052	1	8
796068	3	796067	2	5
796074	7	796073	5	12
796076	10	796075	4	14
796078	3	796077	7	10
796080	5	796079	5	10
796095	4	796094	4	8
796112	4	796111	10	14
796116	4	796115	7	11
796118	5	796117	7	12
796127	4	796126	6	10
796129	18	796128	30	48
796131	4	796130	2	6
796133	5	796132	3	8
796134	14	279999	1	15
796139	2	796138	6	8
796142	9	796141	14	23
796147	4	796146	2	6
796150	4	796149	11	15
796153	1	796152	3	4
796155	2	796154	4	6
796165	9	796164	6	15
796180	8	796179	4	12
796187	4	796186	2	6
796194	2	796193	2	4
796201	3	796200	6	9
796207	1	796206	8	9
796210	4	796209	6	10
796213	2	796212	3	5
796215	19	796214	3	22
796217	1	796216	4	5
796221	6	796220	6	12
796223	4	796222	1	5
796238	5	796237	4	9
796240	1	796239	2	3
796242	6	796241	6	12
796244	3	796243	7	10
796252	7	980850	2	9
796254	8	796253	2	10
796257	4	796256	3	7
796263	7	796262	3	10
796268	12	280036	3	15
796283	3	796282	4	7
796299	1	796298	1	2
796306	5	796305	2	7
796313	1	796312	4	5
796315	2	796314	2	4
796332	11	796331	5	16
796345	4	796344	20	24
796351	5	796350	2	7
796353	1	796352	1	2
796358	3	796357	13	16
796360	3	796359	7	10
796369	3	796368	2	5
796373	6	796372	4	10
796376	3	980893	4	7
796387	3	796386	6	9
796392	3	796391	3	6
796399	10	796398	3	13
796401	6	796400	6	12
796404	4	280104	2	6
796407	4	796406	1	5
796418	5	796417	1	6
796427	1	796426	4	5
796434	3	796433	5	8
796436	1	796435	8	9
796438	2	796437	2	4
796441	1	796440	7	8
796444	3	796443	2	5
796448	3	796447	6	9
796459	3	796458	4	7
796462	1	796461	3	4
796473	3	796472	1	4
796484	5	280129	2	7
796487	2	796486	6	8
796491	7	796490	8	15
796497	4	980932	2	6
796509	5	796508	11	16
796515	11	796514	11	22
796519	9	796518	3	12
796529	5	796528	4	9
796533	1	796532	8	9
796539	5	796538	6	11
796545	4	796544	4	8
796550	7	796549	5	12
796561	1	796560	6	7
796563	8	796562	2	10
796566	6	796565	2	8
796569	8	796568	4	12
796573	11	796572	1	12
796577	1	796576	1	2
796588	5	796587	1	6
796596	20	796595	2	22
796612	8	980979	1	9
796618	6	796617	11	17
796620	1	796619	8	9
796623	4	980986	5	9
796629	5	796628	1	6
796633	5	796632	7	12
796649	3	796648	4	7
796667	2	796666	5	7
796684	3	280177	5	8
796701	5	796700	1	6
796704	6	796703	14	20
796712	12	796711	9	21
796720	3	796719	7	10
796723	11	796722	4	15
796738	3	796737	4	7
796745	4	796744	4	8
796753	8	796752	3	11
796757	6	796756	5	11
796760	4	796759	2	6
796768	6	796767	6	12
796772	9	796771	3	12
796784	6	796783	10	16
796790	7	796789	4	11
796800	3	796799	4	7
796803	9	796802	4	13
796830	3	280229	4	7
796849	3	796848	1	4
796858	6	981089	2	8
796866	2	796865	2	4
796874	4	796873	1	5
796878	1	796877	8	9
796883	3	796882	1	4
796902	3	280264	1	4
796908	11	280266	2	13
796911	6	796910	2	8
796917	7	796916	6	13
796919	2	796918	14	16
796931	3	796930	2	5
796934	5	796933	1	6
796939	8	280276	2	10
796944	12	796943	13	25
796948	3	796947	5	8
796950	5	796949	3	8
796960	7	796959	5	12
796973	1	796972	4	5
796978	4	796977	5	9
796991	3	796990	4	7
796995	4	796994	2	6
796999	4	796998	4	8
797006	7	797005	6	13
797010	2	797009	3	5
797012	15	797011	5	20
797032	9	797031	2	11
797035	1	797034	1	2
797042	6	797041	1	7
797049	5	797048	3	8
797051	1	797050	4	5
797053	9	797052	4	13
797077	3	797076	3	6
797088	5	797087	6	11
797090	3	797089	4	7
797092	3	797091	5	8
797096	6	797095	2	8
797103	4	797102	5	9
797105	3	797104	5	8
797111	1	364296	6	7
797116	3	797115	3	6
797129	8	797128	8	16
797137	2	797136	4	6
797147	4	797146	1	5
797157	5	797149	6	11
797168	8	797167	4	12
797170	2	797169	4	6
797177	7	797176	7	14
797182	1	797181	5	6
797186	3	797185	5	8
797188	5	797187	5	10
797193	11	797192	7	18
797196	5	797195	13	18
797199	5	797198	7	12
797201	7	797200	1	8
797210	2	797209	2	4
797217	7	797216	3	10
797219	5	797218	2	7
797222	1	797221	8	9
797227	8	364304	1	9
797231	6	797230	10	16
797239	2	797238	3	5
797244	8	797243	7	15
797249	8	797248	4	12
797253	13	797252	5	18
797256	9	981242	1	10
797258	8	797257	5	13
797260	1	797259	13	14
797264	3	280368	2	5
797266	11	280369	3	14
797276	4	797275	16	20
797283	7	797282	5	12
797285	4	797284	6	10
797292	9	797291	1	10
797296	7	797295	5	12
797299	6	797298	2	8
797301	6	797300	3	9
797308	3	797307	8	11
797310	3	797309	2	5
797314	28	797313	7	35
797328	5	797327	11	16
797339	3	797338	9	12
797343	6	797342	11	17
797355	4	797354	3	7
797359	4	797358	1	5
797360	1	280424	2	3
797369	4	797368	10	14
797371	11	797370	16	27
797377	11	797376	19	30
797384	7	797383	2	9
797391	7	797390	3	10
797396	5	797395	5	10
797402	6	797401	3	9
797404	7	797403	5	12
797410	7	797409	1	8
797412	1	797411	4	5
797418	9	797417	6	15
797429	7	797428	7	14
797438	10	797437	7	17
797439	16	364329	2	18
797441	3	797440	2	5
797449	18	797448	9	27
797450	6	280459	1	7
797453	7	797452	7	14
797458	1	797457	2	3
797462	6	280471	5	11
797466	6	280473	5	11
797469	6	280481	3	9
797471	7	797470	11	18
797473	2	280483	13	15
797475	7	797474	2	9
797499	3	797498	2	5
797502	3	797501	11	14
797506	5	981351	13	18
797512	1	797511	6	7
797518	6	797517	4	10
797524	7	797523	8	15
797533	3	797532	7	10
797548	1	797547	6	7
797560	8	797559	5	13
797563	2	797562	4	6
797565	12	797564	2	14
797570	19	280546	4	23
797583	7	797582	10	17
797586	3	280555	1	4
797592	10	797591	28	38
797597	3	797596	6	9
797603	4	797602	3	7
797607	7	797606	7	14
797612	8	797611	9	17
797632	5	797631	4	9
797634	5	280573	3	8
797644	3	797643	14	17
797646	13	280588	1	14
797660	1	797659	3	4
797662	7	797661	6	13
797664	3	797663	8	11
797673	10	797672	5	15
797675	5	797674	9	14
797687	8	797686	2	10
797690	8	797689	7	15
797697	5	797696	3	8
797700	5	981449	2	7
797715	2	797714	5	7
797726	4	797725	2	6
797732	6	797731	4	10
797736	1	797735	4	5
797742	5	797741	7	12
797752	4	797751	4	8
797757	3	797756	2	5
797768	6	797767	3	9
797771	7	280630	1	8
797780	2	797779	5	7
797785	2	797784	2	4
797790	2	797789	8	10
797795	4	280637	3	7
797806	13	797805	9	22
797808	4	797807	3	7
797819	14	797818	2	16
797828	2	797827	7	9
797837	3	797836	8	11
797851	2	797850	5	7
797864	6	280648	4	10
797882	4	797881	2	6
797889	6	797888	7	13
797891	1	797890	7	8
797893	5	797892	3	8
797897	3	797896	3	6
797905	8	797904	3	11
797907	2	797906	4	6
797909	4	797908	1	5
797911	5	797910	4	9
797922	3	797921	6	9
797928	3	797927	4	7
797930	2	797929	2	4
797935	2	797934	1	3
797938	3	797937	5	8
797945	7	797944	11	18
797953	5	797952	5	10
797957	17	797956	12	29
797962	22	797961	4	26
797966	2	280673	3	5
797974	7	797973	5	12
797977	5	797976	8	13
797985	3	797984	14	17
797992	5	797991	8	13
798001	3	798000	6	9
798009	15	798008	10	25
798030	8	798029	1	9
798038	8	798037	8	16
798040	6	981574	1	7
798045	5	798044	8	13
798047	5	798046	2	7
798052	16	798051	7	23
798054	15	798053	5	20
798056	1	798055	5	6
798059	2	798058	10	12
798065	4	798064	5	9
798071	2	798070	13	15
798077	12	798076	12	24
798088	4	798087	5	9
798089	8	280707	3	11
798097	2	798096	2	4
798105	7	798104	7	14
798115	2	798114	6	8
798125	1	798124	7	8
798142	4	798141	4	8
798156	8	798155	6	14
798159	3	798158	5	8
798160	2	364431	2	4
798165	3	798164	7	10
798168	5	798167	4	9
798177	18	798176	12	30
798180	4	798179	1	5
798183	5	798182	1	6
798185	3	798184	17	20
798195	17	364435	40	57
798222	10	798221	11	21
798224	1	798223	6	7
798228	6	798227	4	10
798238	1	798237	4	5
798240	1	798239	1	2
798241	1	1118508	2	3
798260	2	798259	7	9
798267	9	798266	5	14
798275	33	798274	7	40
798277	4	798276	18	22
798285	5	280767	1	6
798288	5	798287	2	7
798294	1	798293	2	3
798311	7	981658	8	15
798320	4	798319	5	9
798338	23	280771	1	24
798356	5	798355	9	14
798358	2	798357	4	6
798363	8	798362	5	13
798365	6	798364	4	10
798369	4	798368	10	14
798374	6	798373	3	9
798380	3	798379	6	9
798394	4	364450	4	8
798404	10	981697	1	11
798410	3	798409	3	6
798413	7	798412	2	9
798417	7	280787	8	15
798432	5	798431	8	13
798435	7	798434	7	14
798438	10	1118559	7	17
798440	4	798439	4	8
798444	5	798443	11	16
798449	5	798448	5	10
798457	6	798456	5	11
798461	4	798460	5	9
798487	3	798486	6	9
798491	5	798490	1	6
798497	5	798496	3	8
798502	8	798501	10	18
798510	12	798509	2	14
798513	3	798512	14	17
798515	3	798514	5	8
798517	10	798516	5	15
798522	1	798521	1	2
798523	8	280818	5	13
798525	2	798524	4	6
798527	11	798526	5	16
798536	2	798535	4	6
798543	10	798542	8	18
798546	20	798545	6	26
798549	6	798548	8	14
798553	3	798552	5	8
798556	8	798555	13	21
798559	6	798558	5	11
798564	4	798563	7	11
798571	3	798570	2	5
798573	11	798572	12	23
798575	2	798574	3	5
798578	4	798577	5	9
798588	2	798587	3	5
798590	3	798589	1	4
798599	3	798598	4	7
798603	6	798602	7	13
798607	7	798606	7	14
798621	3	798620	4	7
798622	51	280842	3	54
798626	6	280848	5	11
798634	10	798633	7	17
798647	7	798646	7	14
798665	1	798664	3	4
798670	14	798669	11	25
798672	4	798671	6	10
798682	15	798681	13	28
798688	9	981801	6	15
798697	4	798696	5	9
798701	10	798700	2	12
798703	3	798702	2	5
798713	4	798712	12	16
798722	15	798721	6	21
798724	4	798723	4	8
798727	2	280874	9	11
798730	2	798729	4	6
798732	5	798731	8	13
798739	16	798738	6	22
798741	6	798740	4	10
798743	3	798742	4	7
798756	7	280889	4	11
798758	2	798757	4	6
798764	6	798763	1	7
798766	1	364489	4	5
798768	3	798767	3	6
798775	8	981832	4	12
798780	6	798779	8	14
798785	8	798784	5	13
798796	1	798795	3	4
798807	15	981843	3	18
798832	4	798831	4	8
798840	4	798839	4	8
798847	2	798846	5	7
798850	3	798849	6	9
798870	13	798869	5	18
798873	7	798872	20	27
798890	1	798889	2	3
798892	6	798891	5	11
798898	4	798897	5	9
798921	7	280928	3	10
798930	3	798929	3	6
798937	8	798936	6	14
798939	4	798938	16	20
798944	4	798943	1	5
798951	3	798950	2	5
798954	10	798953	6	16
798964	7	798962	65	72
798977	1	798976	6	7
798991	12	798990	5	17
799008	16	799007	5	21
799010	4	799009	5	9
799016	3	799015	3	6
799019	17	799018	5	22
799039	5	799038	2	7
799066	6	799065	9	15
799070	11	799069	4	15
799080	9	799079	7	16
799088	8	799087	6	14
799140	12	799139	9	21
799146	3	799145	6	9
799153	1	799152	3	4
799155	1	799154	7	8
799159	7	799158	2	9
799171	12	799170	4	16
799178	7	799177	5	12
799192	7	799191	3	10
799194	6	281031	8	14
799206	11	799205	14	25
799226	16	799225	2	18
799231	8	799230	4	12
799247	10	364535	2	12
799252	18	799251	8	26
799260	5	799259	2	7
799268	2	799267	2	4
799274	14	799273	7	21
799281	6	982013	6	12
799283	8	799282	1	9
799286	3	799285	8	11
799309	5	799308	9	14
799316	8	799315	5	13
799330	10	799329	3	13
799333	2	799332	8	10
799336	9	799335	5	14
799344	3	799343	7	10
799349	8	799348	3	11
799352	7	982041	7	14
799370	8	799369	19	27
799372	5	799371	4	9
799375	17	799374	10	27
799395	17	799394	4	21
799401	3	799400	8	11
799415	4	799414	4	8
799420	5	799419	10	15
799422	4	799421	4	8
799431	9	799430	22	31
799435	4	799434	6	10
799442	8	799441	2	10
799456	4	799455	6	10
799466	4	799465	3	7
799480	5	799479	10	15
799487	3	799486	5	8
799498	4	799497	2	6
799499	31	281104	2	33
799507	4	799506	2	6
799508	13	281111	3	16
799515	10	799514	4	14
799520	4	799519	4	8
799524	8	799523	5	13
799529	5	799528	7	12
799535	1	799534	3	4
799538	16	799537	1	17
799554	9	364575	3	12
799558	6	799557	10	16
799563	1	799562	4	5
799581	7	799580	5	12
799582	6	982147	8	14
799590	16	799589	7	23
799599	4	799598	8	12
799601	1	799600	2	3
799625	5	281160	3	8
799630	1	799629	3	4
799636	6	799635	5	11
799659	9	982191	18	27
799672	15	799671	9	24
799674	2	799673	1	3
799676	15	799675	7	22
799683	4	799682	4	8
799689	2	799688	12	14
799691	7	799690	10	17
799696	5	799695	13	18
799703	2	364617	2	4
799705	13	799704	1	14
799707	21	799706	18	39
799716	13	799715	7	20
799726	5	799725	2	7
799733	8	799732	41	49
799737	8	799736	8	16
799739	9	364619	29	38
799742	17	799741	15	32
799747	14	799746	4	18
799756	14	799755	17	31
799762	6	799761	6	12
799779	7	799778	8	15
799780	7	281262	2	9
799782	3	799781	8	11
799793	2	799792	9	11
799797	8	799796	10	18
799801	11	799800	10	21
799819	1	799818	3	4
799849	4	799848	13	17
799851	13	799850	5	18
799856	2	799855	10	12
799860	4	799859	7	11
799866	5	799865	9	14
799869	27	799868	6	33
799871	14	799870	8	22
799878	3	799877	3	6
799886	7	799885	2	9
799896	3	799895	2	5
799905	3	799904	1	4
799916	13	281324	3	16
799944	6	799943	2	8
799946	1	799945	7	8
799954	12	799953	10	22
799965	3	799964	19	22
799967	3	982287	4	7
799972	11	799971	18	29
799978	10	799977	9	19
799987	5	799986	8	13
799990	7	799989	13	20
799993	12	799992	3	15
799999	1	281374	8	9
800002	12	800001	2	14
800013	25	800012	9	34
800029	12	800028	1	13
800034	4	800033	10	14
800036	4	800035	5	9
800041	2	800040	1	3
800051	5	800050	8	13
800058	7	800057	15	22
800065	6	800064	6	12
800074	6	800073	10	16
800089	12	800088	5	17
800091	8	800090	4	12
800094	8	800093	5	13
800098	2	800097	6	8
800102	7	800101	3	10
800105	6	800104	21	27
800108	5	800107	23	28
800124	4	800123	1	5
800136	4	800135	10	14
800146	9	800145	13	22
800161	14	800160	10	24
800164	19	800163	8	27
800176	6	800175	17	23
800185	6	800184	1	7
800201	4	800200	1	5
800215	3	800214	2	5
800225	3	800224	6	9
800270	3	800269	2	5
800274	5	800271	2	7
800280	4	800279	2	6
800291	4	800290	9	13
800296	2	800295	2	4
800301	6	800300	1	7
800302	5	281486	5	10
800305	2	281488	1	3
800311	10	800310	3	13
800315	5	800314	9	14
800317	3	800316	3	6
800331	5	800330	6	11
800364	13	800363	5	18
800377	5	800376	5	10
800382	8	800381	13	21
800384	11	281514	2	13
800390	9	800389	7	16
800397	10	281518	6	16
800403	7	800402	6	13
800410	10	281531	5	15
800434	1	364700	2	3
800436	6	800435	5	11
800443	9	800442	13	22
800460	11	800459	7	18
800467	6	800466	6	12
800478	3	982472	17	20
800488	6	800487	2	8
800491	4	800490	4	8
800495	1	800494	3	4
800499	7	281560	5	12
800504	3	800503	7	10
800507	2	800506	3	5
800511	11	800510	2	13
800515	2	800514	4	6
800522	2	800521	3	5
800537	7	800536	2	9
800549	14	800548	8	22
800555	13	364712	10	23
800566	6	281588	3	9
800570	3	800569	12	15
800584	3	800583	9	12
800588	18	800587	25	43
800596	6	982527	2	8
800604	3	800603	1	4
800605	3	364723	5	8
800712	12	364727	9	21
800722	18	800721	19	37
800728	6	800727	1	7
800732	4	800731	7	11
800734	8	800733	21	29
800739	14	800738	14	28
800743	8	800742	4	12
800747	3	800746	4	7
800749	11	800748	3	14
800751	2	800750	1	3
800756	3	800755	8	11
800764	9	800763	6	15
800790	13	800789	26	39
800793	7	800792	12	19
800796	7	800795	7	14
800798	10	800797	2	12
800804	10	800803	9	19
800806	6	800805	1	7
800820	7	982609	4	11
800822	12	800821	9	21
800837	6	281691	2	8
800839	1	800838	7	8
800852	8	800851	6	14
800861	15	800860	12	27
800870	3	281703	2	5
800880	6	800879	8	14
800883	7	800882	10	17
800891	2	800890	5	7
800898	4	800897	11	15
800909	4	800908	3	7
800912	5	800911	5	10
800918	1	800917	4	5
800927	11	800926	5	16
800931	4	800930	20	24
800955	4	800954	17	21
800960	5	364754	4	9
800962	1	800961	8	9
800964	5	800963	9	14
800969	8	800968	3	11
800973	4	800972	2	6
800982	1	800981	6	7
800984	4	800983	2	6
800986	4	800985	17	21
800991	8	800990	7	15
800995	1	281718	2	3
800997	5	800996	4	9
801001	5	801000	4	9
801010	5	801009	3	8
801015	3	801014	2	5
801016	6	281724	3	9
801018	7	801017	4	11
801025	4	801024	7	11
801031	4	801030	5	9
801049	5	801048	6	11
801055	3	281731	6	9
801063	7	801062	4	11
801067	4	801066	1	5
801070	6	801069	13	19
801077	1	801076	2	3
801080	10	801079	3	13
801084	4	801083	7	11
801095	3	281743	7	10
801097	1	801096	12	13
801102	4	281746	4	8
801110	2	801109	7	9
801123	3	281755	3	6
801128	1	801127	1	2
801136	1	801135	4	5
801140	1	801139	23	24
801146	2	801145	3	5
801149	5	982720	3	8
801151	5	801150	37	42
801156	2	801155	6	8
801158	4	801157	3	7
801161	1	801160	2	3
801168	1	281779	1	2
801169	3	281783	2	5
801177	22	801176	3	25
801184	1	801183	5	6
801190	1	801189	1	2
801222	2	801221	3	5
801239	2	801238	4	6
801245	5	801244	3	8
801261	1	801260	1	2
801263	2	801262	3	5
801265	2	801264	12	14
801270	4	801269	4	8
801279	2	801278	5	7
801281	2	801280	5	7
801283	3	801282	4	7
801290	1	801289	4	5
801295	1	801294	7	8
801304	1	801303	19	20
801310	43	801309	7	50
801312	1	801311	3	4
801317	5	801316	1	6
801319	5	801318	2	7
801322	1	801321	6	7
801329	6	801328	5	11
801344	2	801343	2	4
801350	3	801349	4	7
801368	21	801367	3	24
801371	3	801370	3	6
801383	1	801382	2	3
801403	1	801402	1	2
801405	2	801404	17	19
801428	1	801427	4	5
801433	2	801432	2	4
801455	4	801454	4	8
801460	7	801459	1	8
801462	1	801461	15	16
801477	1	801476	7	8
801483	1	801482	1	2
801491	2	801490	1	3
801494	5	801493	2	7
801496	3	801495	3	6
801499	4	801498	2	6
801501	4	281987	1	5
801512	3	364817	1	4
801520	4	801519	2	6
801522	4	801521	7	11
801545	2	801544	2	4
801559	2	801558	1	3
801562	3	801561	2	5
801567	3	801566	2	5
801570	1	801569	1	2
801601	1	801600	3	4
801608	3	801607	2	5
801614	2	801613	7	9
801617	2	801616	3	5
801619	4	801618	1	5
801621	1	801620	5	6
801623	2	801622	2	4
801626	1	801625	4	5
801636	1	801635	3	4
801647	1	282060	1	2
801659	1	282074	3	4
801665	1	801664	3	4
801669	1	801668	6	7
801674	1	801673	2	3
801678	2	364850	1	3
801680	8	801679	2	10
801691	5	801690	1	6
801696	2	801695	3	5
801710	1	801709	2	3
801714	5	801713	3	8
801719	5	801718	3	8
801726	2	801725	42	44
801741	3	801740	2	5
801746	2	801745	1	3
801758	3	801757	1	4
801769	3	801768	2	5
801792	7	801791	8	15
801797	11	801796	3	14
801831	1	801830	1	2
801845	1	801844	2	3
801851	3	801850	1	4
801853	6	801852	38	44
801862	1	801861	2	3
801872	1	801871	3	4
801893	11	801892	6	17
801895	6	801894	6	12
801897	9	801896	9	18
801901	13	801900	12	25
801934	24	282230	9	33
801941	7	282235	3	10
801945	2	801944	6	8
801955	22	801954	6	28
801967	5	282259	1	6
801973	10	801972	14	24
801975	13	801974	17	30
801977	2	801976	136	138
801982	11	983008	9	20
801990	6	801989	5	11
801993	24	801992	12	36
802006	2	802005	4	6
802016	5	802015	5	10
802018	8	282282	4	12
802021	8	282283	7	15
802033	11	802032	14	25
802035	12	802034	7	19
802041	3	802040	7	10
802051	7	802050	1	8
802058	8	282294	9	17
802065	8	802064	9	17
802075	10	802074	6	16
802078	4	802077	1	5
802086	4	802085	5	9
802099	17	802098	1	18
802113	7	802112	4	11
802117	6	282306	3	9
802126	2	802125	5	7
802129	5	983068	9	14
802133	17	802132	12	29
802136	6	802135	5	11
802139	1	802138	3	4
802142	7	802141	5	12
802147	2	802146	2	4
802157	4	802156	2	6
802175	5	802174	5	10
802178	3	802177	16	19
802182	4	802181	5	9
802184	9	802183	8	17
802191	5	802190	2	7
802195	2	802194	5	7
802197	2	364931	4	6
802206	5	802205	7	12
802210	2	364934	2	4
802219	4	802218	7	11
802229	2	802228	10	12
802232	2	282354	8	10
802234	4	282356	1	5
802247	11	282359	13	24
802254	2	802253	4	6
802275	1	802274	7	8
802292	1	802291	2	3
802297	1	802296	4	5
802300	4	802299	15	19
802302	3	802301	1	4
802307	8	802306	5	13
802322	7	802321	10	17
802324	8	802323	5	13
802329	2	802328	6	8
802344	9	802343	8	17
802346	6	802345	12	18
802355	3	802354	4	7
802396	10	802395	17	27
802438	1	802437	40	41
802455	9	802454	3	12
802549	3	802548	2	5
802566	10	802565	12	22
802572	12	983337	16	28
802615	8	802614	4	12
802617	8	802616	3	11
802622	4	983373	8	12
802624	11	802623	10	21
802626	2	282534	7	9
802629	6	802628	1	7
802641	7	802640	5	12
802646	6	802645	9	15
802649	6	802648	8	14
802653	4	802652	4	8
802657	4	282546	5	9
802662	1	282548	9	10
802673	8	802672	1	9
802676	6	802675	9	15
802681	6	802680	7	13
802683	7	802682	7	14
802687	5	802686	1	6
802689	6	282555	1	7
802694	5	282559	3	8
802698	4	802697	7	11
802706	13	802705	3	16
802708	2	802707	5	7
802725	13	802724	7	20
802769	11	802768	8	19
802772	1	282593	3	4
802785	14	802784	8	22
802812	15	802811	13	28
802821	6	365046	16	22
802832	11	802831	3	14
802835	20	802834	4	24
802844	18	802843	3	21
802862	4	983493	6	10
802872	2	282612	1	3
802894	8	802893	2	10
802898	1	802897	6	7
802918	3	983519	10	13
802924	2	802923	5	7
802931	1	802930	1	2
802934	3	802933	2	5
802937	2	802936	4	6
802939	7	802938	4	11
802942	5	802941	7	12
802944	3	802943	4	7
802948	1	802947	4	5
802975	3	802974	7	10
802986	5	802985	3	8
802987	3	282691	3	6
802990	8	802989	1	9
802992	8	802991	3	11
802994	3	802993	1	4
803020	2	803019	7	9
803022	1	803021	1	2
803024	1	803023	2	3
803026	3	803025	1	4
803028	10	803027	4	14
803039	6	803038	8	14
803048	9	282739	3	12
803057	1	365098	2	3
803082	4	803081	5	9
803087	1	365108	1	2
803096	3	803095	6	9
803115	9	282797	3	12
803137	13	803136	4	17
803162	3	803161	14	17
803164	5	803163	1	6
803174	3	803173	11	14
803194	3	803193	5	8
803197	5	803196	8	13
803219	8	282841	6	14
803234	11	803233	6	17
803243	6	803242	7	13
803246	3	803245	6	9
803248	2	803247	4	6
803250	32	803249	2	34
803253	4	803252	5	9
803255	7	803254	4	11
803259	2	803258	1	3
803280	2	803279	8	10
803285	3	282867	2	5
803300	4	803299	3	7
803302	18	803301	26	44
803306	2	803305	5	7
803315	10	803314	5	15
803335	3	803334	1	4
803339	5	803338	1	6
803343	7	803342	1	8
803344	8	282897	1	9
803351	10	803349	5	15
803359	2	803358	5	7
803361	3	803360	4	7
803363	10	803362	9	19
803365	6	803364	5	11
803371	3	803370	4	7
803382	7	803381	2	9
803384	4	803383	13	17
803400	6	803399	2	8
803405	2	803404	2	4
803425	10	803424	5	15
803427	1	803426	7	8
803435	7	803434	4	11
803445	4	803444	2	6
803461	3	282996	5	8
803464	2	803463	7	9
803468	6	283001	3	9
803474	1	803473	2	3
803480	5	283013	3	8
803482	5	803481	6	11
803486	4	803485	55	59
803491	1	283021	3	4
803499	2	803498	14	16
803501	12	803500	7	19
803507	7	283032	3	10
803514	9	803513	5	14
803518	4	283043	11	15
803521	5	803520	4	9
803526	8	803525	5	13
803532	35	803531	1	36
803539	4	803538	5	9
803543	4	803542	5	9
803551	3	803550	3	6
803556	1	803555	6	7
803559	6	983792	7	13
803562	4	803561	4	8
803566	3	983796	1	4
803569	3	803567	6	9
803578	5	803577	10	15
803579	9	983806	8	17
803587	3	283091	35	38
803594	1	803593	1	2
803602	4	803601	13	17
803605	9	803604	7	16
803608	1	365201	4	5
803615	1	803614	5	6
803618	50	803617	6	56
803621	4	803620	4	8
803626	9	803625	1	10
803636	1	283117	2	3
803642	3	803641	2	5
803647	2	803646	1	3
803650	1	803649	5	6
803653	3	803652	5	8
803655	2	803654	1	3
803658	1	803657	10	11
803661	5	803660	3	8
803664	7	803663	2	9
803665	5	283131	1	6
803667	15	803666	4	19
803684	6	803683	6	12
803691	2	803690	5	7
803696	1	803695	1	2
803706	6	803705	4	10
803718	3	803717	1	4
803721	5	803720	3	8
803730	2	803729	2	4
803733	8	803732	3	11
803736	2	803735	3	5
803739	4	803738	4	8
803747	4	803746	31	35
803759	6	803758	3	9
803765	7	803764	3	10
803774	2	803773	5	7
803776	2	803775	6	8
803778	3	803777	2	5
803780	14	803779	2	16
803784	6	803783	6	12
803787	4	803786	1	5
803790	2	803789	3	5
803799	2	803798	6	8
803801	9	803800	5	14
803814	23	803813	14	37
803816	7	803815	7	14
803820	5	803819	2	7
803823	3	283208	2	5
803826	4	803825	8	12
803827	4	283212	4	8
803831	3	803830	4	7
803834	1	803833	6	7
803845	4	283232	4	8
803850	2	803849	3	5
803853	5	803852	4	9
803874	6	803873	1	7
803879	3	803878	4	7
803885	3	803884	5	8
803889	4	803888	4	8
803901	8	803900	3	11
803903	1	803902	5	6
803911	2	803910	2	4
803914	4	803913	3	7
803917	4	803916	1	5
803935	2	803934	5	7
803937	15	803936	2	17
803952	4	803951	10	14
803958	3	803957	1	4
803959	4	283274	2	6
803967	5	803966	6	11
803975	1	803974	30	31
803977	6	803976	8	14
803984	1	283297	2	3
803995	1	803994	1	2
804001	1	804000	1	2
804010	6	804009	5	11
804013	3	804012	4	7
804022	4	804021	5	9
804024	3	804023	5	8
804027	2	365264	6	8
804030	3	804029	6	9
804032	8	804031	5	13
804039	3	804038	3	6
804050	5	804049	8	13
804060	2	804059	2	4
804074	5	804073	2	7
804078	6	804077	9	15
804081	2	283390	1	3
804085	2	804084	4	6
804091	5	804090	3	8
804097	7	804096	3	10
804106	12	804105	1	13
804112	4	804111	3	7
804114	2	804113	4	6
804116	2	804115	1	3
804119	4	804118	4	8
804137	6	804136	8	14
804141	3	283414	3	6
804154	2	804153	5	7
804159	2	804158	2	4
804174	5	283433	6	11
804177	1	804176	1	2
804211	2	804210	8	10
804219	5	804218	1	6
804222	3	804221	9	12
804225	6	804224	2	8
804229	5	804228	5	10
804231	7	804230	4	11
804256	2	804255	11	13
804262	4	804261	1	5
804267	2	804266	3	5
804272	2	804271	1	3
804274	12	804273	4	16
804280	2	804279	5	7
804286	3	283483	5	8
804291	3	804290	7	10
804296	7	804295	5	12
804298	2	804297	1	3
804300	10	804299	3	13
804304	2	804303	7	9
804313	2	804312	6	8
804316	2	804315	1	3
804319	4	804318	8	12
804332	4	804331	3	7
804334	7	804333	8	15
804340	2	804339	3	5
804343	7	804342	2	9
804346	4	804345	3	7
804367	6	804366	3	9
804382	13	804381	6	19
804388	3	804387	4	7
804390	2	804389	7	9
804392	8	804391	5	13
804394	4	804393	2	6
804395	4	365331	8	12
804401	4	804400	2	6
804404	6	804403	2	8
804413	8	804412	6	14
804415	5	283605	2	7
804426	2	804425	10	12
804433	7	984135	9	16
804436	6	804435	5	11
804450	10	804449	8	18
804463	3	804462	3	6
804465	2	804464	8	10
804468	6	804467	9	15
804472	7	804471	6	13
804475	4	804474	5	9
804478	5	804477	13	18
804480	4	804479	3	7
804486	5	804485	5	10
804501	3	804500	2	5
804506	4	804505	14	18
804510	9	804509	4	13
804522	4	804521	10	14
804531	5	804530	1	6
804533	2	283649	1	3
804536	8	804535	6	14
804545	3	804544	3	6
804549	5	283664	1	6
804555	5	804554	2	7
804557	4	804556	3	7
804561	3	804560	3	6
804567	7	804566	1	8
804569	2	804568	3	5
804571	1	804570	3	4
804579	3	804578	2	5
804582	9	804581	3	12
804586	2	804585	1	3
804599	7	804598	1	8
804601	1	804600	4	5
804603	2	804602	3	5
804616	2	804615	4	6
804628	5	804627	3	8
804630	9	804629	3	12
804632	8	804631	4	12
804646	5	804645	2	7
804674	7	804673	4	11
804677	10	365362	3	13
804690	8	804689	5	13
804713	1	804712	4	5
804731	4	804730	4	8
804764	3	804763	15	18
804778	17	804777	5	22
804783	1	804782	6	7
804788	3	804787	2	5
804795	4	804794	6	10
804799	1	804798	1	2
804816	2	283854	2	4
804824	4	283864	2	6
804831	3	804830	1	4
804837	9	804836	1	10
804840	43	804839	4	47
804842	3	804841	4	7
804856	3	804848	4	7
804867	2	804866	16	18
804870	6	804869	1	7
804872	1	804871	4	5
804875	4	804874	2	6
804877	5	804876	6	11
804880	3	804879	2	5
804890	1	804889	7	8
804898	3	804897	3	6
804911	6	804910	8	14
804920	3	804919	4	7
804945	2	804944	5	7
804947	4	804946	5	9
804959	5	804958	43	48
804961	3	804960	7	10
804966	9	804965	10	19
804976	2	804975	5	7
804982	3	804981	3	6
804991	8	804990	4	12
805001	2	805000	1	3
805008	2	805007	4	6
805024	2	805023	3	5
805040	1	805039	19	20
805044	5	805043	1	6
805046	3	365416	3	6
805049	2	805048	7	9
805070	27	805069	3	30
805076	6	805075	4	10
805078	8	805077	5	13
805085	3	805084	3	6
805091	5	805090	3	8
805093	1	805092	7	8
805105	3	805104	5	8
805107	2	805106	6	8
805112	2	805111	6	8
805115	1	805114	8	9
805119	4	805118	11	15
805121	3	805120	2	5
805127	3	805126	2	5
805136	5	805135	5	10
805144	4	805143	7	11
805146	10	805145	12	22
805150	5	805149	20	25
805154	2	805153	1	3
805160	5	805159	5	10
805164	4	805163	3	7
805167	5	805166	12	17
805169	2	805168	2	4
805180	11	284054	4	15
805182	3	805181	4	7
805184	6	284056	2	8
805193	26	805192	6	32
805206	11	805205	3	14
805212	6	984384	7	13
805219	4	805218	8	12
805228	12	284086	4	16
805230	3	805229	3	6
805234	5	284093	6	11
805237	8	805236	9	17
805239	8	805238	1	9
805242	9	805241	2	11
805245	3	284096	6	9
805253	5	805252	1	6
805255	4	805254	13	17
805266	1	984399	1	2
805270	1	984402	4	5
805276	1	805275	6	7
805278	3	805277	12	15
805280	2	805279	3	5
805282	3	805281	8	11
805284	2	805283	2	4
805286	2	805285	5	7
805289	4	805288	13	17
805301	2	805300	1	3
805304	2	805303	6	8
805308	9	805307	3	12
805312	6	805311	13	19
805361	8	805360	5	13
805364	4	805363	6	10
805369	1	805368	3	4
805379	4	805378	6	10
805384	7	805383	5	12
805387	7	284179	6	13
805393	4	805392	9	13
805405	2	805404	3	5
805414	6	805413	6	12
805416	3	805415	7	10
805419	3	805418	4	7
805433	3	805432	3	6
805441	3	805440	6	9
805445	3	805444	3	6
805448	6	805447	2	8
805450	6	805449	3	9
805460	1	805459	6	7
805461	5	365481	4	9
805471	6	805470	8	14
805472	4	284258	2	6
805483	5	805482	11	16
805491	4	284279	4	8
805493	4	805492	3	7
805497	3	805496	5	8
805502	4	805501	9	13
805504	4	805503	3	7
805508	2	805507	4	6
805510	9	805509	6	15
805513	7	805512	10	17
805515	7	805514	8	15
805518	1	805517	1	2
805520	7	805519	5	12
805530	3	805529	14	17
805533	2	805532	2	4
805541	3	284321	5	8
805543	5	805542	6	11
805545	6	805544	5	11
805548	1	805547	2	3
805551	3	805550	4	7
805562	1	805561	3	4
805569	4	805568	7	11
805578	3	805577	2	5
805584	3	805583	3	6
805586	2	284345	6	8
805597	5	805596	4	9
805600	6	805599	3	9
805603	6	805602	1	7
805614	8	805613	5	13
805620	4	805619	3	7
805642	3	805641	1	4
805644	8	805643	7	15
805647	7	805646	4	11
805653	1	805652	4	5
805654	1	284370	1	2
805667	5	805666	6	11
805670	3	805669	8	11
805680	1	805679	5	6
805682	7	805681	2	9
805695	1	805694	4	5
805698	4	805697	3	7
805702	41	805701	1	42
805715	4	805714	11	15
805717	14	805716	3	17
805726	5	805725	5	10
805727	2	365512	9	11
805729	7	805728	2	9
805734	16	284421	2	18
805736	5	805735	2	7
805739	4	805738	4	8
805741	5	805740	4	9
805747	4	805746	4	8
805756	3	805755	11	14
805758	1	805757	5	6
805761	2	284448	3	5
805765	1	984598	1	2
805770	4	805769	2	6
805776	3	805775	4	7
805782	4	805781	3	7
805786	3	805785	3	6
805787	9	284461	3	12
805790	2	805789	1	3
805794	1	805793	2	3
805796	3	805795	9	12
805803	10	284473	20	30
805808	4	805807	1	5
805819	4	805818	4	8
805821	7	805820	3	10
805822	2	284483	2	4
805826	3	805825	5	8
805829	4	805828	1	5
805831	4	805830	6	10
805833	7	805832	8	15
805836	5	284488	2	7
805842	4	805841	7	11
805849	3	805848	5	8
805851	8	805850	2	10
805855	9	805854	3	12
805857	6	805856	6	12
805862	4	805861	2	6
805870	3	805869	3	6
805890	3	805889	1	4
805895	47	805894	3	50
805902	8	984645	3	11
805905	5	805904	5	10
805914	7	805913	5	12
805920	7	805919	3	10
805927	13	805926	3	16
805937	13	805936	2	15
805939	2	284544	1	3
805947	6	805946	9	15
805948	6	284552	2	8
805953	2	805952	1	3
805961	3	805960	7	10
805963	8	805962	4	12
805968	8	805967	6	14
805970	2	805969	3	5
805971	4	984667	6	10
805987	3	805986	2	5
805989	8	805988	4	12
805995	3	284575	1	4
805998	3	805997	2	5
806002	2	284576	1	3
806026	7	806025	7	14
806028	3	806027	1	4
806044	2	806043	4	6
806047	2	806046	1	3
806051	6	806050	2	8
806056	6	806055	6	12
806067	6	806066	10	16
806073	19	806072	4	23
806075	3	365561	44	47
806076	5	284591	1	6
806078	1	806077	1	2
806080	11	806079	2	13
806086	7	806085	2	9
806090	5	365564	3	8
806092	3	806091	2	5
806096	3	806095	3	6
806100	4	806099	1	5
806101	1	284613	1	2
806114	5	806113	3	8
806121	4	806120	3	7
806124	1	806123	3	4
806132	4	806131	12	16
806135	3	806134	2	5
806138	3	806137	1	4
806144	4	806143	8	12
806156	1	806155	7	8
806161	1	284649	3	4
806166	1	806165	1	2
806171	1	806170	6	7
806178	6	806177	5	11
806202	5	806201	3	8
806204	1	806203	16	17
806205	12	284689	2	14
806215	3	806214	9	12
806217	1	806216	1	2
806231	4	806230	3	7
806233	4	806232	1	5
806242	1	284712	2	3
806251	1	806250	34	35
806254	3	806253	4	7
806257	1	806256	5	6
806261	3	806260	4	7
806264	2	806263	4	6
806265	2	284716	2	4
806267	3	806266	8	11
806271	4	806270	3	7
806275	5	806274	4	9
806280	1	806279	2	3
806283	3	284731	2	5
806291	5	806290	4	9
806295	3	806294	3	6
806297	4	806296	7	11
806301	7	806300	5	12
806305	6	806304	8	14
806308	6	806307	6	12
806311	1	806310	1	2
806321	1	284794	3	4
806326	1	806325	3	4
806330	3	806329	7	10
806349	8	806348	2	10
806356	4	806355	5	9
806363	3	284845	2	5
806368	3	806367	6	9
806371	4	806370	6	10
806383	4	284870	11	15
806386	4	806385	5	9
806391	5	806384	4	9
806406	1	806405	7	8
806415	4	806414	2	6
806418	4	806417	4	8
806430	1	806429	2	3
806431	1	284933	1	2
806435	11	806434	2	13
806439	1	806438	2	3
806441	3	806440	2	5
806449	2	806448	2	4
806451	1	806450	18	19
806460	7	806459	15	22
806462	4	806461	4	8
806471	5	806470	6	11
806487	3	806486	1	4
806490	5	806489	2	7
806507	5	806506	6	11
806509	2	806508	4	6
806511	8	806510	3	11
806519	1	806518	2	3
806526	5	806525	2	7
806540	4	806539	8	12
806543	2	806542	2	4
806548	3	806547	5	8
806557	1	806556	2	3
806567	6	806566	1	7
806570	2	806569	6	8
806572	5	806571	1	6
806576	4	806575	6	10
806579	4	285018	9	13
806590	2	806589	4	6
806594	7	806593	2	9
806599	3	806598	2	5
806602	3	806601	1	4
806605	7	806604	2	9
806609	12	806608	2	14
806612	1	806611	3	4
806623	1	285060	1	2
806631	5	806630	2	7
806634	2	806633	3	5
806647	1	285087	2	3
806650	2	806649	1	3
806652	2	806651	1	3
806666	3	285095	1	4
806671	13	806670	12	25
806678	1	806677	2	3
806685	2	806684	2	4
806691	2	806690	16	18
806693	3	806692	2	5
806695	6	806694	3	9
806698	4	806697	8	12
806700	5	806699	8	13
806702	2	806701	2	4
806706	5	806705	3	8
806709	1	806708	3	4
806712	13	806711	24	37
806715	8	806714	5	13
806721	6	806720	5	11
806728	4	806727	11	15
806741	2	806740	7	9
806743	3	806742	4	7
806745	1	806744	3	4
806748	8	806747	7	15
806754	8	806753	1	9
806756	1	806755	3	4
806758	1	806757	1	2
806761	1	806760	1	2
806783	17	806782	1	18
806799	1	806798	1	2
806803	3	985013	3	6
806806	7	806805	4	11
806808	5	806807	7	12
806815	2	806814	5	7
806826	7	806825	7	14
806830	7	806829	28	35
806838	3	806837	28	31
806842	5	806841	1	6
806844	3	806843	9	12
806851	7	806850	2	9
806873	4	806872	3	7
806879	3	806878	3	6
806885	1	806884	3	4
806893	10	806892	4	14
806901	3	806900	3	6
806902	3	285293	2	5
806914	2	806913	4	6
806926	12	985064	3	15
806943	1	806942	4	5
806956	3	806955	4	7
806962	1	985085	3	4
806964	1	285356	4	5
806971	3	806970	3	6
806975	1	806974	2	3
806991	6	806990	7	13
806999	53	806998	7	60
807004	2	807003	5	7
807012	5	985112	3	8
807014	1	807013	4	5
807021	4	807020	2	6
807023	4	285403	13	17
807025	3	807024	2	5
807028	5	807027	4	9
807030	8	807029	5	13
807042	2	807041	1	3
807045	1	285417	1	2
807052	2	285419	7	9
807056	4	285423	1	5
807065	3	807064	12	15
807073	1	807072	5	6
807088	5	807087	5	10
807094	2	807093	14	16
807102	4	807101	5	9
807104	15	285465	5	20
807107	5	285469	3	8
807116	7	807115	2	9
807117	1	285474	5	6
807121	7	807120	5	12
807130	2	807129	2	4
807149	1	807148	3	4
807167	9	807166	2	11
807172	2	807171	1	3
807178	3	985182	1	4
807181	6	807180	1	7
807186	3	807185	3	6
807190	1	807189	1	2
807207	7	807206	2	9
807211	4	285551	7	11
807213	2	285558	2	4
807223	4	807222	7	11
807225	5	807224	4	9
807236	4	807235	2	6
807242	6	807241	2	8
807243	3	285586	2	5
807246	1	807245	2	3
807247	8	285587	1	9
807249	1	807248	1	2
807251	1	807250	1	2
807255	8	807254	3	11
807258	5	807257	4	9
807261	10	807260	3	13
807266	5	807265	4	9
807269	2	807268	1	3
807274	3	807273	1	4
807276	1	807275	3	4
807278	3	807277	2	5
807283	1	807282	1	2
807287	4	807286	1	5
807289	8	807288	3	11
807295	6	985217	6	12
807310	5	807309	2	7
807313	2	807312	2	4
807318	1	807317	3	4
807321	1	807320	4	5
807327	2	807326	2	4
807329	8	285648	1	9
807334	1	807333	1	2
807342	2	807341	5	7
807345	4	807344	4	8
807348	6	807347	1	7
807354	4	807353	7	11
807362	5	807361	1	6
807400	1	807399	2	3
807409	2	285712	1	3
807414	8	807413	6	14
807418	2	807417	3	5
807430	17	807428	7	24
807437	3	807436	4	7
807439	4	807438	8	12
807442	2	365821	1	3
807445	9	285750	1	10
807447	1	285753	9	10
807451	7	807450	1	8
807458	1	807457	4	5
807460	1	365825	16	17
807462	3	807461	1	4
807464	3	807463	1	4
807467	4	807466	2	6
807469	6	285762	4	10
807482	2	285787	2	4
807486	3	285788	7	10
807511	4	807510	2	6
807518	1	807517	2	3
807523	1	807522	14	15
807526	8	807525	4	12
807532	5	807531	6	11
807533	32	285829	2	34
807562	2	807556	2	4
807573	3	365851	3	6
807609	3	807608	15	18
807617	1	365853	3	4
807626	2	807625	6	8
807630	2	285916	3	5
807634	2	807633	5	7
807635	4	285920	15	19
807648	3	807647	1	4
807650	4	285926	1	5
807673	5	807672	7	12
807691	4	807690	3	7
807702	6	807701	9	15
807708	4	985392	1	5
807719	3	807718	3	6
807721	7	285998	1	8
807734	16	286012	3	19
807736	3	807735	2	5
807741	4	807740	1	5
807743	2	807742	3	5
807746	4	807745	2	6
807764	2	807763	2	4
807766	1	807765	2	3
807768	1	807767	11	12
807772	1	807771	3	4
807773	11	286061	6	17
807775	41	807774	1	42
807779	3	807778	4	7
807781	12	365894	4	16
807783	3	807782	2	5
807786	1	807785	7	8
807788	2	807787	3	5
807791	1	807790	3	4
807795	1	807794	1	2
807801	7	286085	4	11
807807	2	807806	3	5
807810	6	286103	7	13
807814	17	807813	2	19
807820	3	807817	2	5
807823	1	807822	2	3
807846	6	807845	1	7
807851	3	286136	2	5
807857	4	807856	1	5
807873	1	807872	2	3
807876	2	807875	2	4
807878	1	807877	1	2
807883	9	286177	1	10
807902	2	286179	3	5
807912	2	807911	4	6
807924	2	286185	5	7
807926	3	807925	1	4
807935	1	286190	2	3
807954	3	807953	8	11
807957	5	807956	4	9
807958	3	365915	3	6
807960	3	807959	4	7
807962	3	807961	10	13
807968	2	807967	3	5
807970	5	807969	1	6
807977	1	807976	1	2
807979	4	807978	6	10
807981	4	807980	6	10
807983	8	807982	5	13
807985	2	807984	10	12
807999	1	286254	1	2
808014	1	808013	1	2
808015	7	985539	7	14
808017	1	808016	1	2
808034	2	808033	1	3
808049	2	286340	2	4
808051	2	808050	1	3
808054	3	808053	1	4
808065	1	808064	2	3
808069	1	808068	2	3
808095	6	808094	1	7
808102	6	808101	2	8
808105	3	286368	3	6
808106	1	286370	2	3
808160	7	808159	4	11
808166	1	808165	2	3
808168	18	808167	1	19
808178	3	808177	4	7
808200	2	808199	2	4
808202	2	808201	5	7
808220	20	808219	4	24
808225	5	365967	4	9
808232	1	808231	8	9
808235	163	808234	3	166
808238	6	808237	6	12
808245	1	808244	2	3
808247	1	808246	2	3
808250	2	808249	2	4
808252	1	808251	4	5
808262	2	808261	1	3
808264	1	808263	2	3
808270	6	286489	3	9
808274	1	808273	4	5
808276	9	808275	1	10
808294	1	808293	4	5
808314	6	808313	4	10
808325	3	808324	2	5
808327	2	808326	1	3
808330	1	808329	1	2
808333	3	808332	3	6
808335	4	808334	4	8
808337	1	808336	1	2
808353	4	808352	2	6
808357	4	808356	3	7
808360	3	808359	2	5
808364	3	808363	5	8
808367	1	808366	2	3
808372	2	286582	3	5
808374	7	808373	2	9
808379	7	808378	5	12
808381	3	808380	6	9
808384	6	808383	2	8
808397	4	808396	6	10
808412	3	808411	4	7
808433	1	286639	6	7
808435	1	808434	2	3
808438	6	808437	2	8
808443	9	808442	4	13
808446	3	808445	4	7
808459	4	808458	6	10
808460	1	286647	3	4
808467	2	808466	4	6
808483	3	808482	2	5
808495	4	808494	1	5
808510	5	808509	1	6
808518	1	808517	5	6
808522	5	808521	3	8
808528	4	286710	2	6
808531	8	808530	3	11
808538	3	286733	4	7
808540	5	286734	4	9
808570	3	808569	7	10
808573	16	366038	12	28
808581	34	808580	15	49
808599	10	808598	26	36
808648	1	808647	2	3
808650	2	808649	1	3
808654	3	808653	6	9
808674	4	808673	4	8
808684	1	808683	5	6
808689	2	808688	1	3
808690	2	985797	2	4
808698	4	808697	2	6
808707	2	286814	2	4
808720	8	286835	3	11
808723	2	808722	1	3
808753	3	808752	8	11
808756	3	286862	3	6
808760	2	808759	5	7
808765	4	808764	5	9
808768	4	808767	1	5
808775	3	808774	3	6
808778	4	808777	1	5
808789	3	808788	2	5
808796	3	808795	1	4
808809	2	808808	2	4
808814	3	808813	3	6
808829	5	808828	1	6
808850	3	808849	2	5
808855	3	808854	1	4
808870	1	808869	1	2
808889	1	808888	1	2
808892	1	808891	1	2
808922	1	808921	4	5
808944	1	808943	1	2
808952	9	808951	1	10
808960	6	808959	2	8
808979	3	808978	6	9
808997	1	287079	6	7
808999	5	808998	1	6
809002	1	809001	3	4
809020	1	809019	1	2
809032	7	809031	5	12
809034	4	809033	1	5
809040	1	809039	1	2
809042	1	809041	2	3
809054	3	287126	18	21
809058	2	809057	6	8
809060	2	809059	2	4
809062	7	809061	3	10
809087	1	809086	1	2
809091	4	809090	3	7
809108	2	809107	2	4
809118	1	809117	1	2
809134	5	809133	6	11
809136	4	809135	4	8
809138	1	809137	2	3
809145	1	366138	4	5
809154	7	809153	1	8
809160	3	809159	4	7
809168	1	287217	2	3
809185	1	809184	3	4
809188	1	809187	3	4
809201	1	809200	1	2
809206	2	287254	3	5
809208	2	366165	2	4
809231	9	809230	3	12
809237	12	809236	1	13
809243	2	366172	5	7
809260	7	809259	13	20
809272	2	809271	1	3
809273	2	287276	12	14
809276	4	809275	2	6
809283	3	809282	2	5
809285	2	809284	2	4
809299	1	809298	1	2
809315	3	287306	1	4
809318	5	809317	7	12
809324	1	809323	1	2
809339	4	809338	5	9
809344	2	287331	1	3
809348	1	809347	4	5
809375	5	809374	7	12
809379	3	809378	1	4
809384	2	809383	7	9
809403	3	809402	11	14
809413	3	809412	9	12
809441	4	809440	16	20
809446	4	809445	1	5
809451	1	287409	3	4
809454	8	809453	11	19
809457	1	809456	13	14
809462	4	809461	1	5
809470	1	809469	6	7
809495	2	809494	4	6
809499	2	809498	1	3
809517	3	809516	2	5
809520	2	809519	1	3
809532	1	287452	4	5
809536	9	809535	1	10
809539	2	809538	7	9
809541	2	287459	1	3
809546	7	287461	6	13
809555	9	809554	7	16
809561	1	809560	1	2
809562	1	287471	5	6
809570	4	809569	2	6
809575	4	809574	2	6
809580	7	809579	2	9
809582	4	809581	6	10
809584	2	809583	2	4
809587	3	809586	1	4
809600	2	809599	1	3
809612	6	809611	1	7
809623	17	809622	3	20
809630	3	809629	3	6
809634	1	809633	1	2
809649	4	809648	1	5
809662	5	287580	3	8
809664	1	809663	1	2
809667	5	809666	6	11
809700	9	809698	1	10
809703	3	809702	7	10
809720	4	809719	2	6
809732	1	809731	1	2
809739	2	287650	7	9
809741	3	809740	2	5
809749	1	809748	1	2
809753	3	809752	7	10
809755	2	809754	2	4
809762	1	809761	1	2
809769	3	809768	8	11
809773	1	809772	1	2
809781	1	809780	4	5
809783	1	809782	12	13
809790	5	287684	2	7
809795	2	809794	4	6
809804	1	809803	1	2
809820	1	809819	3	4
809835	1	809834	7	8
809845	6	287708	6	12
809849	3	809848	9	12
809860	2	809859	1	3
809862	2	809861	1	3
809866	1	809865	1	2
809872	2	809871	5	7
809882	1	809881	2	3
809895	2	809894	2	4
809896	1	287772	1	2
809905	2	809904	3	5
809911	2	809910	3	5
809915	3	809914	4	7
809924	2	809923	1	3
809929	1	809928	3	4
809934	4	809933	2	6
809951	5	809950	1	6
809955	3	809954	1	4
809961	1	809960	1	2
809979	2	287845	3	5
809990	5	287860	5	10
809994	9	809993	3	12
809996	4	809995	6	10
810018	5	810017	1	6
810025	6	810024	6	12
810027	5	810026	3	8
810029	3	287902	9	12
810037	1	810036	1	2
810047	1	810046	1	2
810063	1	810062	2	3
810069	3	810068	3	6
810071	6	810070	1	7
810077	5	810076	2	7
810080	15	810079	2	17
810084	1	810083	3	4
810085	1	287967	1	2
810226	1	366638	4	5
810596	1	367668	4	5
810681	8	367887	3	11
810711	3	1391	2	5
810715	2	367988	4	6
810727	14	288335	2	16
810870	2	368380	2	4
810948	1	368612	9	10
810951	3	1905	2	5
810989	1	368705	1	2
811277	2	369487	5	7
811413	8	369880	12	20
811437	1	369971	2	3
811445	10	369988	11	21
811540	6	370266	5	11
811565	5	370336	4	9
811732	7	370850	7	14
811747	2	370874	13	15
811832	1	371101	6	7
811957	4	371474	8	12
811990	1	371529	3	4
812095	5	371837	5	10
812102	2	371859	11	13
812200	10	3602	1	11
812204	14	372123	9	23
812310	10	812309	13	23
812387	4	372575	3	7
812394	4	372589	3	7
812472	2	3895	2	4
812481	3	372769	10	13
812491	8	372784	4	12
812495	1	289018	3	4
812754	8	373267	2	10
812766	2	373290	5	7
812864	6	373595	5	11
812952	5	812951	4	9
813103	1	374161	11	12
813127	5	4659	5	10
813428	5	374901	6	11
813621	9	5348	1	10
813653	3	375445	1	4
813671	3	813670	2	5
813789	4	375773	4	8
813876	6	989315	2	8
813900	7	376061	6	13
813902	6	376062	5	11
813905	3	376072	2	5
813917	5	376105	5	10
813969	6	813968	3	9
814088	2	376511	18	20
814197	3	376771	4	7
814246	4	814245	7	11
814437	1	377328	5	6
814492	2	377443	1	3
814614	2	377768	3	5
814621	3	377800	6	9
814639	6	7212	3	9
814728	12	378128	6	18
814830	3	378401	8	11
814896	2	378574	2	4
814912	2	7679	2	4
814957	3	378742	7	10
814981	2	7758	3	5
814994	2	378833	4	6
815084	11	379067	4	15
815085	8	379070	6	14
815116	1	379153	4	5
815143	2	379242	1	3
815238	2	379521	4	6
815248	2	379534	1	3
815399	4	380009	1	5
815453	1	380113	1	2
815859	3	290446	1	4
815896	2	9423	1	3
816067	2	381701	1	3
816075	17	381716	1	18
816186	2	381961	2	4
816237	1	816236	2	3
816266	1	290674	7	8
816270	1	382181	3	4
816381	1	382403	1	2
816413	3	382494	1	4
816883	5	383583	2	7
817024	1	12078	5	6
817049	1	384005	3	4
817661	18	385562	6	24
817829	1	14282	3	4
817991	1	386436	3	4
818054	2	291829	4	6
818494	2	387601	2	4
818675	1	16375	2	3
818712	4	16484	2	6
818958	7	388770	9	16
819064	1	17294	1	2
819274	1	389604	1	2
819600	1	390386	1	2
819698	29	390689	10	39
820053	5	391620	11	16
820199	2	391992	1	3
820317	4	392330	5	9
820368	2	392502	4	6
820374	1	20104	2	3
820412	5	392638	10	15
820476	17	392791	6	23
820508	7	293229	3	10
820559	6	393025	7	13
820649	5	293297	2	7
820749	4	393603	2	6
820787	20	20657	4	24
820840	8	393791	6	14
820848	1	293369	9	10
820866	10	393869	4	14
821046	3	394359	3	6
821332	17	395186	4	21
821408	5	395383	10	15
821411	3	395390	8	11
821413	1	395398	7	8
821445	5	395499	7	12
821513	6	395664	12	18
821546	2	395728	8	10
821607	11	821606	6	17
821796	3	396257	13	16
821981	5	821980	8	13
822035	31	396778	9	40
822073	8	396892	9	17
822203	30	397216	2	32
822261	1	397397	1	2
822382	5	397716	40	45
822387	5	822386	4	9
822499	2	398122	11	13
822503	4	398143	5	9
822712	1	398697	4	5
822718	1	822717	2	3
822843	14	23012	1	15
822912	5	822911	15	20
822915	2	822914	8	10
822983	1	399341	7	8
822994	16	23147	11	27
823007	4	399405	9	13
823013	5	23170	8	13
823200	3	399841	8	11
823250	3	399975	7	10
823417	6	400362	2	8
823419	2	400366	6	8
823446	3	400439	6	9
823487	1	400535	3	4
823549	7	23889	3	10
823594	1	400799	2	3
823619	2	400874	3	5
823639	3	400933	4	7
823840	1	401447	2	3
823852	3	401475	4	7
823858	1	24409	2	3
823913	2	24500	1	3
823944	2	401731	3	5
824027	3	401938	1	4
824044	18	401997	11	29
824088	4	402114	2	6
824263	3	402615	4	7
824358	6	402842	7	13
824453	4	25652	1	5
824583	1	294847	1	2
824590	6	403390	7	13
824881	1	824880	6	7
825015	3	404416	3	6
825205	3	404804	1	4
825256	3	404933	2	5
825265	10	27373	11	21
825312	2	27499	3	5
825628	1	405870	4	5
825959	5	406722	9	14
826034	1	29064	6	7
826062	2	406969	2	4
826087	9	407054	2	11
826423	7	407954	11	18
826635	2	30281	1	3
826649	9	826648	39	48
826672	12	408546	5	17
826786	11	408824	3	14
827327	11	31573	3	14
827343	10	827342	6	16
827529	1	410725	8	9
827631	2	410986	6	8
827742	4	411273	6	10
827869	5	411557	7	12
827946	7	411728	6	13
827991	5	411854	5	10
828002	6	411867	4	10
828035	3	828034	2	5
828198	1	33391	2	3
828224	3	828223	1	4
828488	2	413212	5	7
828720	1	413841	3	4
828746	1	413923	2	3
828923	8	414392	4	12
829374	10	415692	3	13
829384	1	415715	6	7
829578	6	416268	5	11
829601	1	416316	4	5
829712	6	416614	8	14
829886	1	417027	9	10
830017	5	417420	12	17
830086	12	417658	12	24
830198	5	830197	6	11
830212	7	418098	12	19
830214	16	830213	12	28
830261	4	830260	12	16
830319	10	418397	8	18
830481	2	830480	9	11
830723	11	419516	9	20
830792	2	37267	7	9
830879	1	419971	1	2
831205	1	420952	6	7
831334	8	421316	5	13
831381	4	421429	3	7
831447	1	831446	8	9
831648	10	831647	2	12
831902	2	422752	4	6
832082	8	423220	10	18
832103	8	423267	11	19
832104	9	423266	8	17
832124	1	423344	2	3
832175	10	423469	7	17
832358	7	298563	2	9
832359	1	423921	5	6
832457	1	424128	3	4
832458	2	424130	2	4
832637	7	424618	12	19
832699	3	40722	5	8
832751	3	424904	10	13
833197	6	425764	1	7
833336	4	426024	11	15
833357	3	426085	5	8
833387	4	426138	2	6
833684	1	426729	2	3
833695	5	833694	5	10
833783	7	426938	3	10
833848	4	427132	2	6
833893	15	427270	6	21
833979	1	427432	5	6
833991	11	427480	2	13
834238	4	428107	6	10
834290	16	834289	4	20
834461	2	428676	3	5
834483	10	428758	4	14
834514	7	428855	12	19
834638	16	429210	6	22
834659	4	429245	6	10
834663	15	429264	10	25
834674	1	429295	10	11
834692	9	834691	4	13
834740	4	429458	12	16
834767	2	834766	13	15
834801	3	429617	5	8
834803	3	429620	9	12
834850	8	834849	3	11
834892	7	429844	6	13
835026	9	430201	5	14
835048	6	430277	4	10
835165	3	835164	6	9
835256	7	430769	4	11
835258	16	430776	7	23
835565	1	44249	2	3
835577	7	44262	1	8
835711	14	431939	9	23
835853	1	432224	5	6
835929	3	835928	4	7
835952	5	432523	8	13
835958	4	432533	12	16
835959	13	44757	5	18
836011	6	432640	8	14
836050	1	432757	7	8
836099	2	836098	2	4
836109	11	432905	3	14
836176	4	836175	4	8
836183	16	433067	7	23
836190	5	433078	8	13
836474	5	433764	4	9
836659	5	434247	4	9
836684	3	45993	2	5
836700	1	434334	6	7
836711	2	434360	5	7
836760	5	434484	2	7
837043	1	435233	2	3
837170	24	435539	7	31
837213	4	435640	5	9
837244	4	435699	3	7
837364	5	47347	4	9
837391	8	47421	1	9
837522	2	47747	2	4
837678	7	436759	9	16
837762	52	837761	12	64
837954	3	837953	4	7
837978	5	437584	6	11
838016	2	437693	4	6
838404	1	49547	3	4
838834	4	439817	5	9
838845	16	838844	5	21
839342	4	441058	6	10
839381	12	441183	10	22
839649	31	441855	4	35
839913	2	442462	5	7
839916	1	52683	2	3
839952	1	442543	1	2
840006	2	442674	4	6
840084	1	442826	3	4
840144	3	442956	7	10
840292	2	443337	4	6
840607	5	444030	3	8
840626	13	840625	11	24
840628	3	444079	5	8
840756	6	444496	5	11
840771	3	444545	1	4
840774	1	840773	2	3
840838	3	444687	3	6
841015	4	445124	4	8
841038	2	445198	2	4
841049	32	445226	5	37
841069	1	445260	3	4
841084	8	445308	11	19
841134	2	445403	4	6
841152	1	445456	3	4
841179	5	445522	1	6
841217	2	841216	1	3
841240	4	445727	15	19
841243	2	841242	12	14
841322	2	445944	6	8
841331	1	445971	3	4
841413	8	841412	5	13
841452	3	55362	1	4
841459	3	446358	5	8
841505	9	446521	7	16
841527	4	841526	10	14
841553	2	446628	7	9
841624	5	446792	3	8
841641	2	446837	3	5
841661	11	446868	4	15
841681	1	841680	1	2
841747	13	841746	6	19
841937	4	447523	8	12
841979	9	447623	10	19
842108	4	447906	9	13
842183	3	448074	7	10
842213	11	842212	7	18
842392	6	448519	3	9
842399	11	842398	11	22
842498	12	448734	22	34
842502	5	448741	6	11
842606	14	448934	10	24
842616	7	448962	7	14
842673	8	449121	10	18
842734	2	449305	2	4
842763	3	842762	12	15
842838	4	842837	4	8
842865	6	449583	13	19
842912	6	842911	9	15
842982	8	449865	43	51
843025	3	449973	6	9
843043	7	450014	1	8
843045	5	450022	6	11
843135	5	450283	2	7
843191	15	450432	7	22
843196	4	450437	7	11
843252	1	843251	2	3
843298	1	450663	3	4
843503	1	57942	1	2
843653	2	451668	2	4
843716	5	58220	1	6
843720	3	451851	52	55
843835	1	452165	2	3
843995	2	452692	2	4
844148	5	453036	12	17
844236	1	453312	2	3
844239	6	453324	7	13
844323	1	453587	5	6
844492	5	59433	5	10
844550	4	454230	8	12
844689	1	454520	2	3
844691	2	454529	3	5
844928	10	455185	6	16
844930	2	455191	8	10
845020	1	845019	4	5
845096	3	845095	6	9
845143	7	455720	1	8
845149	1	455734	1	2
845185	1	455794	4	5
845195	5	455828	4	9
845218	2	455894	4	6
845284	8	456052	10	18
845310	10	456116	10	20
845366	9	456269	1	10
845402	5	456376	4	9
845412	3	456387	9	12
845543	3	456724	3	6
845557	1	456771	3	4
845572	6	456814	5	11
845675	20	457076	1	21
845717	25	61564	3	28
845778	2	457362	2	4
845790	3	457410	8	11
845810	2	457464	11	13
845846	1	457547	4	5
845898	1	845897	1	2
845945	2	457848	11	13
846088	6	846087	2	8
846125	6	458345	12	18
846160	3	458413	3	6
846177	21	458464	10	31
846271	3	846270	5	8
846333	4	458854	2	6
846386	1	62621	6	7
846444	4	459118	4	8
846688	4	63447	3	7
846987	14	460475	12	26
847352	19	461554	17	36
847376	1	461606	4	5
847507	3	305057	2	5
847714	2	462405	22	24
847776	1	462537	6	7
847975	15	462967	10	25
848028	2	66804	9	11
848049	1	463147	3	4
848499	2	464240	1	3
848686	4	464780	4	8
848706	12	464847	12	24
848713	2	464861	3	5
848748	1	848747	2	3
848838	2	68426	2	4
848965	4	465498	7	11
848973	2	465520	3	5
849098	1	465912	5	6
849366	4	466557	3	7
849631	3	467411	4	7
849700	4	467627	1	5
849772	6	467811	3	9
849777	6	467823	1	7
849782	1	467834	2	3
849805	18	467898	11	29
849888	1	468127	1	2
849938	3	468280	4	7
850018	3	468502	1	4
850046	2	468613	2	4
850071	6	468678	1	7
850586	4	850585	1	5
850633	2	470212	6	8
850683	6	470351	2	8
850761	4	470520	3	7
850890	7	470901	3	10
850954	8	471168	5	13
850983	5	471243	6	11
851013	1	471341	5	6
851054	3	71871	1	4
851191	2	471746	5	7
851283	8	851282	9	17
851427	2	472232	1	3
851472	1	472323	4	5
851582	5	472666	3	8
851602	4	851601	3	7
851629	1	472775	2	3
851902	9	473523	4	13
851982	3	73992	2	5
852044	17	473832	4	21
852126	9	474003	3	12
852170	1	474122	5	6
852181	1	474136	2	3
852223	1	474239	2	3
852464	6	852463	4	10
852615	8	475083	3	11
852621	7	475107	3	10
852787	7	475552	6	13
852849	4	475679	16	20
852934	4	475908	3	7
852964	2	475979	7	9
852995	1	852994	9	10
853216	8	307772	1	9
853303	1	476829	3	4
853468	4	477277	9	13
853523	3	477414	4	7
853536	5	307906	8	13
853545	1	477447	4	5
853644	7	477729	8	15
853677	1	477816	10	11
853932	3	478466	1	4
854038	6	478720	5	11
854044	2	478737	6	8
854147	2	478952	4	6
854339	3	479491	3	6
854354	8	479539	7	15
854428	4	479786	13	17
854494	3	479951	7	10
854524	7	480041	10	17
854538	4	480057	2	6
854549	9	480090	25	34
854586	1	77664	9	10
854698	5	480496	2	7
854741	1	854740	4	5
855014	15	78166	3	18
855033	3	481378	9	12
855058	5	78216	4	9
855065	6	481467	3	9
855242	3	481842	1	4
855317	12	78695	3	15
855703	4	482952	5	9
855898	3	483414	3	6
856200	3	484102	1	4
856345	5	484457	5	10
856375	18	484533	2	20
856493	1	484790	1	2
856620	2	80931	2	4
856768	2	485452	7	9
856781	5	485470	8	13
856914	9	485800	8	17
856932	1	485833	6	7
857030	8	486067	6	14
857076	5	486184	9	14
857132	7	486320	2	9
857174	2	486456	18	20
857271	5	486708	8	13
857297	9	486764	8	17
857427	6	487147	4	10
857489	10	1022956	14	24
857878	2	487864	1	3
857886	16	487889	8	24
858054	3	858053	13	16
858073	7	488372	17	24
858200	9	488624	4	13
858279	5	488731	2	7
858451	6	858450	4	10
858454	11	489052	13	24
858786	2	489637	2	4
859228	8	490465	12	20
859312	13	490549	4	17
859674	4	491245	9	13
859947	11	859946	14	25
859976	4	491801	8	12
860019	7	491884	1	8
860070	9	84373	2	11
860288	6	860287	12	18
860348	1	492493	14	15
860411	17	310481	2	19
860599	1	860598	2	3
860753	9	860752	5	14
860756	10	860755	36	46
861065	1	493823	1	2
861122	6	85004	13	19
861525	6	85265	7	13
861548	2	494759	7	9
861572	19	861571	9	28
861783	11	495246	6	17
861979	27	495603	8	35
862092	1	495794	6	7
862160	39	85631	22	61
862242	9	496103	8	17
862553	2	496716	1	3
862677	2	496970	7	9
862931	4	497511	13	17
863118	5	497869	3	8
863190	7	498023	3	10
863765	9	498961	21	30
864070	1	864069	1	2
864588	21	500369	19	40
864704	5	87169	12	17
864866	19	87312	5	24
864883	50	501072	13	63
865131	16	501680	5	21
865165	5	501757	1	6
865169	1	865168	2	3
865208	11	501861	7	18
865338	1	502111	11	12
865349	1	502123	6	7
865469	1	865468	2	3
865604	9	502697	5	14
865846	2	503203	4	6
866066	8	503643	7	15
866402	22	504302	9	31
866435	4	504372	6	10
866449	3	504436	17	20
866453	7	866452	4	11
866461	3	866460	7	10
866468	11	866467	1	12
866704	1	504916	7	8
866838	8	505186	5	13
866902	6	505322	1	7
866946	3	505413	21	24
866979	17	312492	7	24
867009	25	505529	15	40
867069	2	505671	3	5
867298	8	867297	9	17
867299	5	506176	9	14
867721	8	89471	1	9
867909	7	507612	6	13
867926	1	507661	5	6
868297	8	868296	4	12
868451	2	509067	2	4
868631	4	509503	4	8
868807	3	509944	1	4
868815	1	509971	3	4
869181	9	92680	1	10
869346	2	511300	2	4
869400	7	511390	4	11
869426	3	511437	3	6
869595	3	511850	1	4
869603	7	869602	3	10
869636	1	511931	32	33
869788	1	512345	8	9
869802	4	313842	5	9
869862	10	512539	5	15
869871	4	512562	5	9
869917	4	94081	3	7
869971	4	512837	12	16
870097	5	513162	3	8
870150	4	513284	4	8
870196	3	513426	3	6
870215	1	513462	4	5
870224	5	513487	2	7
870266	3	513588	4	7
870299	3	513672	3	6
870364	6	513841	8	14
870384	8	513873	3	11
870552	3	514304	1	4
870619	2	514475	1	3
870645	8	514541	6	14
870674	2	514618	6	8
870783	4	514946	5	9
870790	2	514963	7	9
870889	1	515237	2	3
870894	1	95369	39	40
870901	6	515267	10	16
871017	1	515552	6	7
871493	4	516696	7	11
871494	4	516699	4	8
871553	3	516882	8	11
871630	2	517086	4	6
871842	4	96711	4	8
872079	3	518187	11	14
872087	1	518214	12	13
872178	1	518452	2	3
872306	6	518813	2	8
872315	2	518858	3	5
872464	10	314934	3	13
872475	4	519289	8	12
872581	3	872580	1	4
872662	1	519758	4	5
872694	4	519857	11	15
872786	2	315107	1	3
872801	12	520086	2	14
872809	19	520098	5	24
872931	7	315180	2	9
873022	2	98940	3	5
873073	6	520735	5	11
873113	2	520822	1	3
873184	4	520983	2	6
873252	5	521146	8	13
873403	2	521553	3	5
873478	5	521750	6	11
873519	7	521838	1	8
873552	1	521907	4	5
873572	2	521973	2	4
873620	2	522052	99	101
873655	3	522136	3	6
873718	3	315499	1	4
873870	2	522809	3	5
873981	11	523078	9	20
873990	1	523115	1	2
874008	3	523146	14	17
874032	2	874031	6	8
874054	13	523262	10	23
874167	1	523578	71	72
874228	1	100814	3	4
874242	1	523823	1	2
874449	6	524396	5	11
874461	6	524430	4	10
874574	3	101356	1	4
874664	9	525036	1	10
874840	2	525616	3	5
875280	10	102607	5	15
875400	7	527134	7	14
875416	4	102911	1	5
875551	3	103129	3	6
875879	3	528497	8	11
875972	5	528748	6	11
876048	1	528952	15	16
876110	3	529088	6	9
876248	13	529518	6	19
876720	1	530772	2	3
876725	6	104660	2	8
876952	6	104947	3	9
876997	9	531533	5	14
877004	2	531552	6	8
877151	7	531981	8	15
877282	12	1038037	7	19
877625	5	533174	12	17
877734	57	533490	5	62
877867	1	533792	4	5
877956	3	534070	7	10
877969	5	534101	2	7
877984	2	534162	8	10
878013	5	534218	5	10
878157	7	534596	11	18
878279	1	107907	3	4
878288	2	534908	8	10
878408	6	535260	6	12
878940	7	536380	6	13
879074	4	536701	1	5
879163	7	536951	13	20
879504	3	110867	2	5
879588	3	538016	3	6
879681	1	538246	2	3
879745	1	538376	1	2
879905	2	538758	2	4
879966	31	538913	5	36
880251	1	112501	3	4
880262	11	112536	1	12
880269	5	539607	6	11
880453	4	540058	5	9
880587	2	540414	2	4
880802	3	113848	1	4
880914	2	880913	4	6
881007	3	541388	2	5
881174	5	881173	2	7
881236	2	542002	9	11
881395	4	542413	3	7
881405	3	542436	10	13
881408	9	542438	3	12
881466	2	881465	4	6
881493	3	542645	3	6
881615	1	115207	1	2
881663	31	543173	8	39
881770	6	881769	2	8
881865	4	543720	3	7
881956	3	543999	4	7
882295	6	544950	8	14
882337	8	882336	2	10
882384	7	545117	6	13
882403	10	545184	14	24
882445	6	545309	2	8
882468	3	116313	1	4
882528	6	545594	6	12
882570	2	545688	2	4
882634	5	882633	1	6
882679	3	546002	7	10
882753	2	546163	7	9
882849	2	546442	3	5
882957	11	546755	6	17
882984	7	546837	5	12
882997	5	546868	9	14
883093	2	116837	3	5
883154	12	547225	7	19
883203	2	883202	4	6
883230	5	117009	6	11
883294	1	547572	3	4
883300	5	547594	9	14
883301	7	547595	8	15
883340	2	883339	6	8
883728	6	548654	8	14
883828	17	548914	17	34
883873	10	549000	7	17
883961	5	549214	7	12
884064	3	884063	1	4
884109	2	549581	1	3
884118	4	549609	1	5
884137	3	549648	3	6
884239	9	549859	10	19
884265	6	884264	3	9
884299	3	884298	2	5
884448	3	550356	7	10
884475	45	118600	3	48
884590	4	550689	1	5
884605	5	550727	8	13
884621	1	118749	2	3
884637	2	550826	9	11
884812	5	551231	2	7
884820	1	551245	1	2
884865	7	551346	8	15
884921	2	551492	5	7
885003	4	119488	1	5
885022	6	551744	5	11
885026	3	551768	1	4
885090	5	551919	7	12
885290	2	552362	1	3
885448	10	120432	6	16
885681	8	553406	10	18
885761	2	885760	7	9
885828	10	553746	8	18
885969	1	553998	1	2
886059	1	321074	3	4
886114	9	886113	12	21
886228	2	554595	4	6
886511	3	555322	9	12
886543	7	886542	6	13
886554	6	122255	2	8
886604	3	555526	2	5
886639	5	321346	21	26
886719	2	555827	1	3
886866	1	123005	1	2
886928	4	556417	4	8
887141	3	556874	5	8
887152	2	556897	3	5
887163	2	556931	2	4
887307	4	557246	4	8
887313	6	887312	6	12
887440	2	557575	2	4
887664	2	558102	5	7
887695	14	124883	1	15
887902	2	887901	2	4
887999	5	558925	1	6
888055	1	559116	6	7
888161	1	559391	2	3
888169	3	1046343	2	5
888172	6	559414	2	8
888275	4	559664	7	11
888369	17	125954	7	24
888382	5	125965	3	8
888396	15	559995	3	18
888442	9	126080	5	14
888454	2	126096	1	3
888457	5	560147	3	8
888596	2	560524	3	5
888692	2	888691	2	4
888700	5	560824	2	7
888804	2	561107	3	5
888876	4	126728	9	13
888897	13	561340	10	23
888921	3	561403	1	4
888972	2	561527	2	4
888983	5	888982	7	12
888988	4	888987	5	9
889060	21	889059	10	31
889062	17	561736	1	18
889174	4	562011	3	7
889213	7	889212	7	14
889232	25	562156	5	30
889242	28	562170	6	34
889268	12	562248	14	26
889331	2	562470	11	13
889337	19	562482	9	28
889365	10	562589	10	20
889451	8	562859	12	20
889467	2	889466	12	14
889538	1	563046	5	6
889605	11	127486	3	14
889696	1	563554	5	6
889781	6	563782	4	10
889813	8	889812	6	14
889919	5	564191	2	7
889987	5	127820	2	7
890480	3	565407	3	6
890508	3	565502	1	4
890513	2	565520	2	4
890519	2	565550	2	4
890580	3	565773	6	9
890747	26	566227	2	28
890760	1	566263	1	2
890861	5	566494	7	12
890897	2	566601	3	5
890963	5	129188	1	6
891148	6	567207	9	15
891285	3	567529	1	4
891404	1	567795	1	2
891428	18	130081	5	23
891450	4	567874	12	16
891459	1	130125	2	3
891653	4	568409	9	13
891789	6	568704	4	10
891985	2	569162	9	11
892001	8	569202	8	16
892123	10	892122	6	16
892162	1	569611	13	14
892235	3	569825	1	4
892278	1	569917	5	6
892296	3	569964	3	6
892375	1	131967	2	3
892485	5	132250	4	9
892570	2	570600	2	4
892754	2	571080	2	4
892941	9	892940	9	18
892943	1	892942	1	2
892951	1	571547	4	5
893173	4	572135	5	9
893191	3	893190	2	5
893404	1	572648	5	6
893880	5	573789	10	15
893899	4	573830	1	5
894001	1	894000	1	2
894036	3	136032	1	4
894066	7	574225	4	11
894115	5	574296	2	7
894263	11	574665	3	14
894279	6	136500	1	7
894306	2	894305	4	6
894330	2	574843	5	7
894352	8	136618	3	11
894382	4	574977	1	5
894568	2	575469	3	5
894658	10	575708	6	16
894665	7	575730	8	15
894679	2	137070	9	11
894802	2	576095	7	9
894841	5	894840	3	8
894853	11	576223	7	18
894938	3	576502	15	18
894970	4	576572	6	10
895067	6	576845	10	16
895078	2	137759	3	5
895090	3	576907	5	8
895161	11	577088	8	19
895163	8	577089	7	15
895277	6	577383	6	12
895366	9	895365	3	12
895391	6	577673	10	16
895456	10	577838	9	19
895503	4	577971	3	7
895507	8	138392	13	21
895535	9	578037	13	22
895759	9	578541	3	12
895817	10	895816	3	13
895949	1	579035	3	4
895956	6	579052	17	23
896032	2	138958	1	3
896070	21	896069	2	23
896135	2	579492	1	3
896172	3	139106	2	5
896191	4	579638	2	6
896194	10	579649	1	11
896373	5	580098	2	7
896427	6	580244	3	9
896460	5	580316	3	8
896497	5	580393	4	9
896734	10	580997	6	16
896812	8	139988	3	11
896913	1	581535	1	2
896997	5	581706	1	6
897338	7	582802	5	12
897362	2	897361	1	3
897431	4	583078	7	11
897486	1	583187	1	2
897544	1	583366	21	22
897705	4	141270	1	5
897739	12	583757	5	17
897886	9	897885	1	10
897956	1	584298	5	6
897972	3	584332	1	4
898098	1	898097	1	2
898239	2	584963	4	6
898408	3	585335	9	12
898516	6	585566	3	9
898576	4	585756	8	12
898615	6	585835	18	24
898634	11	585895	5	16
898748	1	898747	2	3
898887	5	586477	6	11
898958	1	586638	4	5
899094	4	587074	2	6
899103	1	587088	2	3
899131	3	587181	5	8
899337	12	587703	1	13
899499	6	588106	3	9
899596	11	588353	3	14
899658	2	588484	4	6
899693	8	899692	4	12
899838	6	588947	3	9
899864	3	589001	1	4
899871	6	589014	6	12
899963	3	589224	15	18
899978	4	144050	8	12
900055	2	327024	2	4
900100	6	144364	4	10
900453	3	327294	2	5
900480	4	590534	2	6
900638	5	590930	4	9
900667	10	590998	2	12
900682	5	591031	6	11
900936	1	591697	1	2
901037	1	901036	2	3
901264	4	147615	1	5
901356	7	592676	2	9
901540	5	328041	6	11
901666	1	593482	3	4
901822	6	593888	1	7
901939	11	594210	3	14
902173	1	149948	4	5
902188	2	594862	3	5
902290	8	595129	3	11
902362	2	595339	2	4
902366	11	150272	1	12
902551	1	595845	2	3
902708	7	150924	17	24
902760	7	596306	10	17
902762	10	596316	10	20
902842	1	596565	6	7
902915	4	596800	6	10
902922	1	596825	5	6
903012	6	597035	5	11
903084	7	597193	15	22
903114	1	903113	2	3
903116	3	597246	2	5
903122	5	597274	12	17
903165	1	597373	1	2
903336	2	597856	3	5
903346	3	597892	7	10
903399	13	903398	7	20
903400	5	598045	2	7
903570	4	598384	16	20
903644	6	598549	5	11
903659	7	598585	5	12
903727	14	598752	2	16
903759	7	598827	7	14
903870	2	152187	2	4
904031	8	599497	10	18
904185	4	904184	11	15
904232	14	599920	3	17
904266	3	904265	10	13
904542	4	600619	1	5
904643	5	904642	3	8
904752	1	601288	1	2
904785	3	601355	10	13
904816	12	601466	21	33
904852	2	153513	4	6
904910	6	601706	8	14
905087	2	905086	8	10
905094	13	602292	5	18
905138	1	153915	3	4
905218	9	602617	5	14
905231	6	602662	4	10
905245	4	602698	1	5
905259	4	602745	4	8
905371	4	154145	5	9
905382	5	603063	5	10
905525	25	603434	40	65
905547	4	154361	5	9
905598	7	603556	7	14
905607	6	603584	1	7
905684	8	603794	8	16
905730	2	603886	2	4
905741	2	603914	4	6
905814	2	604125	1	3
905955	12	604512	6	18
906024	3	604692	9	12
906063	1	604822	2	3
906252	2	605346	7	9
906339	5	605531	28	33
906354	3	605574	1	4
906505	4	155943	1	5
906735	4	906734	3	7
906846	4	606812	2	6
906860	1	606845	1	2
906985	5	607173	2	7
907069	1	607373	1	2
907112	6	907111	8	14
907140	4	607490	6	10
907210	6	607702	1	7
907441	2	608229	2	4
907503	10	608390	2	12
907620	4	1061341	5	9
907687	36	608806	8	44
907773	1	609025	1	2
907846	6	609167	12	18
907872	5	609209	2	7
907894	4	609274	78	82
908263	3	610094	2	5
908356	4	610365	4	8
908513	12	610719	11	23
908596	3	610925	1	4
908649	3	160894	1	4
909140	3	612180	10	13
909332	1	612634	4	5
909335	6	612661	1	7
909433	11	612886	17	28
909438	5	162688	2	7
909503	5	613070	7	12
909533	2	613151	5	7
909600	3	613324	3	6
909640	3	613399	3	6
909648	2	163146	4	6
909678	1	613481	8	9
909789	3	613799	2	5
909812	5	163409	5	10
909983	7	614274	7	14
910098	2	614504	2	4
910129	8	910128	6	14
910144	8	614643	24	32
910247	3	332617	6	9
910269	2	614912	9	11
910316	7	615033	8	15
910386	4	615167	3	7
910506	4	615456	2	6
910557	6	615583	5	11
910642	1	164980	1	2
910674	1	910673	3	4
910679	3	615936	6	9
910743	7	616075	5	12
910751	7	165158	1	8
910781	10	616181	18	28
910800	6	616216	29	35
910801	2	165286	3	5
911031	5	616833	8	13
911086	6	616961	7	13
911129	2	165848	3	5
911133	4	911132	2	6
911142	3	617094	2	5
911403	2	617651	2	4
911580	2	618119	1	3
911597	5	618169	2	7
911695	29	618421	10	39
911725	4	618452	6	10
911766	1	618541	11	12
911775	4	618559	15	19
911868	6	618793	4	10
911896	3	618871	6	9
912040	15	619274	11	26
912138	1	619459	7	8
912218	3	619628	1	4
912266	7	619754	15	22
912318	3	619934	4	7
912361	5	620066	4	9
912364	4	620076	7	11
912563	1	620467	4	5
912571	2	620484	12	14
912778	2	620952	4	6
912862	4	621177	24	28
912958	1	621404	3	4
913072	2	621702	9	11
913123	6	621811	22	28
913241	1	622084	6	7
913318	5	334228	12	17
913385	2	622418	1	3
913390	3	622425	1	4
913465	2	622561	9	11
913597	5	622912	9	14
913700	4	623107	6	10
913747	1	623208	3	4
913935	1	623622	6	7
914206	3	914205	3	6
914290	2	624496	3	5
914362	6	624700	4	10
914733	6	625575	8	14
914835	5	625802	13	18
915068	7	626394	2	9
915124	11	626522	64	75
915259	12	626854	15	27
915400	3	627221	3	6
915618	5	915617	5	10
915700	1	627955	2	3
915720	1	628000	1	2
915737	3	173218	1	4
915965	1	628558	3	4
916005	4	628654	3	7
916012	2	628672	4	6
916041	13	628752	3	16
916048	6	628776	5	11
916145	5	629003	2	7
916148	2	629006	7	9
916192	2	629129	1	3
916194	7	629139	5	12
916274	8	629392	2	10
916313	3	629459	1	4
916339	4	629559	4	8
916370	4	174243	2	6
916493	7	629939	15	22
916634	10	630317	6	16
916738	2	630656	4	6
917088	6	175580	20	26
917529	9	917528	5	14
917569	4	633064	1	5
917576	11	633074	5	16
917629	1	633192	8	9
917790	2	176575	1	3
917810	1	176577	5	6
917875	4	633770	1	5
917946	6	633966	10	16
917973	7	176725	7	14
918042	7	634213	5	12
918350	3	635006	4	7
918400	4	635157	6	10
918457	12	635262	4	16
918481	3	635334	8	11
918605	6	635619	10	16
918661	7	918660	6	13
918674	15	635841	5	20
918675	6	635842	7	13
918690	3	177431	3	6
918873	6	177595	10	16
918900	10	636443	2	12
918940	1	636528	8	9
918975	2	636601	4	6
918990	6	636673	4	10
919063	1	177768	1	2
919135	5	177881	2	7
919167	25	637128	4	29
919194	6	637218	10	16
919284	2	637404	5	7
919384	2	637658	8	10
919400	3	637702	2	5
919473	2	178438	3	5
919576	5	178565	1	6
919794	12	337814	3	15
919918	4	638955	8	12
920301	7	639973	5	12
920353	3	640103	2	5
920387	6	640171	3	9
920588	1	180509	3	4
920707	7	920706	2	9
920724	2	640940	9	11
920836	1	181057	3	4
920856	3	641216	1	4
920873	7	641250	3	10
920875	6	181131	6	12
920984	2	641545	2	4
921131	1	641897	2	3
921137	2	641923	3	5
921142	1	641929	2	3
921191	8	642020	2	10
921214	1	642087	3	4
921241	7	642150	5	12
921252	2	181855	1	3
921254	3	642174	3	6
921328	11	642363	2	13
921436	3	642565	4	7
921493	3	642699	4	7
921496	1	642700	6	7
921567	2	642931	4	6
921611	9	643058	4	13
921765	1	182768	2	3
921809	3	921808	3	6
921936	1	183044	3	4
922479	8	645386	27	35
922571	4	645603	22	26
922626	7	645721	7	14
923437	4	185883	1	5
923488	7	647989	4	11
923521	1	648047	2	3
923574	1	648232	1	2
923864	2	649126	2	4
924126	6	649837	1	7
924168	14	924167	4	18
924179	17	186824	17	34
924216	8	650012	6	14
924326	4	650273	5	9
924472	12	650674	5	17
924589	5	1074552	1	6
924702	4	924701	4	8
924832	3	651618	2	5
925007	6	652087	4	10
925205	4	925204	6	10
925315	2	652900	5	7
925335	2	652942	8	10
925487	11	653295	10	21
925604	1	653578	3	4
925605	4	653581	5	9
925618	4	189558	1	5
925621	1	189570	2	3
925633	9	653627	4	13
925766	3	189892	1	4
925774	4	653947	1	5
925812	2	654008	5	7
925845	2	654102	2	4
925888	3	654257	3	6
926107	7	654824	1	8
926168	3	654998	2	5
926186	1	655049	10	11
926384	2	655581	4	6
926396	4	655606	1	5
926491	1	655949	2	3
926766	19	656678	10	29
926841	2	656915	7	9
926845	6	656923	3	9
926877	2	656994	1	3
926878	1	657004	3	4
926897	5	657091	3	8
927067	3	657524	1	4
927111	15	657642	7	22
927174	12	657812	9	21
927178	19	657833	40	59
927193	21	657904	9	30
927217	21	657952	16	37
927231	1	657969	33	34
927249	17	927248	7	24
927349	9	658293	2	11
927411	2	191950	10	12
927436	11	658617	97	108
927800	6	659602	5	11
927919	7	659958	12	19
927962	15	192772	3	18
928035	4	660276	6	10
928081	10	660398	10	20
928184	1	660754	1	2
928239	9	660919	3	12
928291	9	661046	44	53
928437	10	661448	11	21
928447	23	193543	14	37
928499	5	661635	1	6
928506	1	661644	6	7
928558	7	661795	4	11
928649	3	661968	10	13
928655	3	661982	3	6
928749	5	662236	11	16
928781	14	662313	5	19
928833	2	662442	1	3
928852	8	662466	4	12
928870	7	662501	21	28
928999	2	662793	4	6
929074	1	662989	1	2
929182	11	195270	3	14
929261	6	663428	3	9
929336	2	663629	7	9
929487	9	195951	3	12
929514	1	196006	15	16
929562	2	196059	1	3
929609	3	664266	11	14
929958	10	665120	4	14
930020	3	930019	10	13
930022	4	930021	2	6
930023	16	665269	1	17
930025	2	930024	15	17
930103	7	197037	2	9
930313	6	197411	21	27
930345	5	666050	4	9
930497	2	666416	2	4
930635	2	666747	1	3
930731	7	667082	1	8
930808	1	667284	1	2
930812	1	667306	1	2
930864	2	667433	11	13
931038	2	667864	3	5
931134	8	198862	3	11
931292	6	668397	4	10
931372	6	668576	7	13
931412	5	199292	2	7
931419	7	668726	5	12
931482	6	931481	7	13
931540	1	669037	2	3
931674	10	669417	6	16
931836	4	669896	4	8
931860	2	199970	1	3
931869	3	669983	4	7
931942	2	670193	1	3
932022	3	670364	4	7
932047	27	670443	3	30
932077	50	670502	1	51
932134	2	670655	8	10
932294	7	932293	1	8
932295	2	671090	2	4
932368	2	671259	4	6
932403	1	671358	6	7
932471	4	1080793	3	7
932537	4	671688	6	10
932545	2	671703	5	7
932579	6	671787	8	14
932591	5	200721	4	9
932599	7	671838	12	19
932626	9	671890	4	13
932646	14	671936	19	33
932709	11	932708	10	21
932723	14	672114	6	20
932786	37	672287	12	49
932816	5	672352	39	44
933003	2	672895	11	13
933056	3	673044	1	4
933125	5	933124	3	8
933590	7	933589	17	24
933655	3	933654	1	4
933672	1	674508	2	3
933759	5	674777	7	12
933769	4	674810	1	5
933860	1	202334	2	3
933945	1	675218	9	10
934010	4	934009	5	9
934080	4	675482	7	11
934162	5	675694	5	10
934189	5	675762	1	6
934209	2	202761	3	5
934217	4	934216	9	13
934239	4	675901	5	9
934251	9	675921	6	15
934360	2	676240	4	6
934395	2	676309	4	6
934448	3	934447	1	4
934730	4	677245	2	6
934750	3	677332	1	4
935130	1	204376	2	3
935174	6	935173	3	9
935184	10	344609	9	19
935189	3	678375	1	4
935194	1	678386	2	3
935221	4	935220	6	10
935337	5	678826	4	9
935586	4	205313	5	9
935599	3	679525	10	13
935668	7	679751	1	8
935672	6	205455	3	9
935749	7	679986	6	13
935937	7	680501	2	9
936376	3	681489	4	7
936403	13	681543	14	27
936412	3	681566	2	5
936474	15	206933	2	17
936576	7	207181	1	8
936635	3	682108	4	7
936686	9	1083902	7	16
936729	10	682299	9	19
936743	5	682334	6	11
936760	12	682384	6	18
936863	2	682657	3	5
936946	2	682820	2	4
937122	3	683275	10	13
937193	1	683486	2	3
937196	3	683487	4	7
937204	5	208356	2	7
937306	1	683840	3	4
937323	4	683887	3	7
937373	2	684031	4	6
937578	6	937577	1	7
937626	3	209153	2	5
937634	1	684662	5	6
937639	5	937638	6	11
937651	16	345749	5	21
937784	3	685048	6	9
937861	10	685217	3	13
937898	1	685289	2	3
937918	3	685336	6	9
937996	5	345878	8	13
938067	6	685690	3	9
938093	10	685756	4	14
938122	14	938121	12	26
938235	11	345973	3	14
938245	6	686042	7	13
938343	4	210007	6	10
938548	24	686675	8	32
938564	7	686714	3	10
938651	5	210338	3	8
938657	10	686928	19	29
938696	2	687007	2	4
938716	1	687055	1	2
938816	3	687349	4	7
938844	1	687426	3	4
938946	3	346222	22	25
938954	9	687704	6	15
938973	4	687759	5	9
939010	2	687835	6	8
939036	7	687923	5	12
939066	4	687994	2	6
939165	1	688274	2	3
939185	6	688308	10	16
939207	3	688368	6	9
939209	5	688373	4	9
939217	2	688396	3	5
939253	3	688452	10	13
939366	3	688735	5	8
939374	1	939373	1	2
939456	1	688984	2	3
939494	3	689049	4	7
939525	5	689118	8	13
939604	2	689340	8	10
939795	6	689851	1	7
939857	2	689981	6	8
939879	6	690035	3	9
939932	4	346495	54	58
939942	5	690245	7	12
940003	10	690454	13	23
940041	5	940040	9	14
940109	1	690729	6	7
940283	2	691226	15	17
940365	3	691431	13	16
940382	11	691506	5	16
940431	2	940430	3	5
940435	2	691613	5	7
940441	5	691628	9	14
940461	4	691691	13	17
940823	1	692673	5	6
940860	2	940859	2	4
941237	2	693831	5	7
941368	2	694245	1	3
941554	2	694754	2	4
941862	3	695660	3	6
941893	1	695763	1	2
941895	6	347239	6	12
941978	4	696025	8	12
942072	1	696250	9	10
942088	2	942087	4	6
942264	1	214953	1	2
942730	5	698011	10	15
942910	5	698628	3	8
942956	6	698799	3	9
943027	4	698970	2	6
943031	6	216615	2	8
943065	4	216681	2	6
943109	5	699176	1	6
943119	5	216795	1	6
943153	1	699289	2	3
943154	2	699290	2	4
943334	5	699687	2	7
943451	12	699999	2	14
943496	8	700097	5	13
943527	1	700164	2	3
943944	2	701296	7	9
943958	4	701337	11	15
944166	10	219189	2	12
944245	2	702029	4	6
944490	2	702786	2	4
944620	1	220214	9	10
944622	1	220218	1	2
944757	4	703400	3	7
944822	1	703579	3	4
944851	2	703653	1	3
944852	2	703660	1	3
944926	5	703879	1	6
944988	7	704021	2	9
945011	3	220963	1	4
945330	2	704875	4	6
945357	10	704953	10	20
945400	3	705065	5	8
945553	7	221833	2	9
945795	2	706085	7	9
945813	11	706126	5	16
945881	2	706291	10	12
945933	5	706416	7	12
945947	3	706453	10	13
946035	5	706680	2	7
946054	8	706749	7	15
946081	6	706810	3	9
946294	6	707298	18	24
946359	5	707478	8	13
946386	2	707549	7	9
946407	3	946406	6	9
946522	9	707861	8	17
946523	3	707860	4	7
946539	3	707904	4	7
946611	3	708120	7	10
946674	2	946673	3	5
946727	5	223269	3	8
946769	4	946768	6	10
946877	8	708908	4	12
946902	8	946901	8	16
946911	22	946910	4	26
946949	1	709086	4	5
946982	9	709187	3	12
947009	8	709266	7	15
947061	4	709413	4	8
947473	1	710544	5	6
947528	9	710681	8	17
947548	1	710744	6	7
947793	8	711348	3	11
947842	3	711459	6	9
947846	3	711477	5	8
947889	8	711604	9	17
947892	30	711606	2	32
948017	5	711984	3	8
948021	8	712000	19	27
948032	3	712031	5	8
948047	4	712081	5	9
948135	4	712319	3	7
948142	3	712345	3	6
948149	2	712374	9	11
948159	4	712395	3	7
948230	5	712567	17	22
948268	5	712687	7	12
948345	3	712896	4	7
948356	14	712915	1	15
948489	1	713254	6	7
948514	1	713323	2	3
948656	6	713680	1	7
948659	6	713685	3	9
948713	5	713844	3	8
948797	3	714123	1	4
948859	4	714322	1	5
948884	2	714392	8	10
948908	17	714458	4	21
948962	4	714576	9	13
949083	9	949082	10	19
949101	7	714939	7	14
949112	2	226292	7	9
949126	4	715015	6	10
949131	2	715034	3	5
949380	1	715685	4	5
949412	3	226886	2	5
949465	4	715917	3	7
949491	6	715977	13	19
949670	1	716445	2	3
949700	5	716515	2	7
949745	1	716665	1	2
949979	11	717283	7	18
950085	4	350798	1	5
950132	3	228509	2	5
950203	2	717918	1	3
950332	8	718219	1	9
950459	2	350947	1	3
950478	3	718527	3	6
950702	4	229481	2	6
950726	1	719106	1	2
950806	2	719274	8	10
950970	3	950969	14	17
950985	8	719695	2	10
951049	6	719880	1	7
951371	1	720794	4	5
951483	2	721095	2	4
951569	4	721291	5	9
951985	3	951984	1	4
952030	4	722521	3	7
952159	2	722807	7	9
952242	7	351827	1	8
952248	3	723004	8	11
952295	4	723130	3	7
952340	6	723239	1	7
952342	4	723245	4	8
952518	3	723697	3	6
952520	1	723703	5	6
952669	3	724092	1	4
952687	2	724147	6	8
952754	2	724308	5	7
952756	5	724314	3	8
952760	2	724323	8	10
952840	4	724553	4	8
952862	4	352078	3	7
952918	7	724834	4	11
952949	16	952948	8	24
952979	1	724987	5	6
953083	10	725298	6	16
953121	2	953120	5	7
953147	1	725479	2	3
953178	2	725598	2	4
953190	5	725620	2	7
953348	8	726091	5	13
953361	5	726108	2	7
953376	2	726171	38	40
953443	5	726340	2	7
953451	3	726353	4	7
953485	5	726413	6	11
953595	4	726681	9	13
953713	4	726970	5	9
953841	1	727294	2	3
953844	8	727302	6	14
953883	6	727408	5	11
953968	17	1097286	18	35
953971	13	727628	16	29
954010	13	954009	17	30
954033	16	954032	2	18
954062	1	727799	5	6
954079	5	235236	5	10
954209	3	954208	12	15
954223	7	728269	11	18
954407	2	352570	3	5
954499	5	728888	6	11
954526	4	728969	11	15
954545	7	729001	5	12
954547	42	352629	4	46
954627	4	729230	17	21
954697	1	954696	2	3
954918	1	729905	1	2
954975	5	730056	3	8
954993	3	730104	4	7
954996	10	730108	36	46
955183	2	730580	16	18
955197	3	236846	4	7
955217	4	236889	1	5
955226	20	730715	4	24
955330	18	237083	5	23
955332	8	730955	8	16
955343	12	730983	2	14
955404	2	731150	2	4
955492	11	731353	11	22
955598	8	731616	2	10
955818	3	732165	6	9
955838	7	732205	5	12
955845	2	732215	7	9
955854	4	955853	3	7
955875	5	237977	4	9
955897	5	732397	5	10
955935	3	732488	4	7
955988	13	955987	8	21
956050	2	732800	5	7
956129	5	732975	7	12
956319	41	733492	10	51
956332	5	733525	10	15
956368	8	733607	13	21
956452	3	733855	4	7
956480	4	733944	2	6
956612	2	734338	2	4
956637	1	734396	2	3
956732	2	734665	5	7
956981	3	735407	1	4
957003	1	735471	1	2
957078	13	735676	14	27
957081	2	735686	4	6
957144	3	239687	1	4
957198	4	736060	3	7
957213	1	736100	1	2
957378	32	736515	5	37
957428	2	736649	1	3
957646	2	737163	3	5
957725	3	957724	15	18
957788	11	957787	9	20
957885	2	737826	8	10
957946	11	737974	9	20
958033	2	738189	4	6
958226	1	738724	7	8
958333	5	739027	3	8
958370	2	739121	1	3
958396	1	242063	1	2
958496	4	739464	1	5
958536	5	739555	5	10
958554	3	739586	2	5
958606	2	242554	3	5
958729	6	740029	1	7
958830	3	243010	3	6
958842	5	740282	2	7
958853	4	740313	4	8
958871	2	740364	1	3
958967	8	740570	11	19
958984	3	740623	5	8
959044	3	740780	5	8
959145	3	741017	5	8
959315	2	741430	2	4
959326	2	354730	9	11
959452	6	741752	3	9
959481	2	741844	3	5
959543	49	742016	6	55
959705	7	959704	6	13
959710	9	742415	3	12
959780	3	742635	2	5
959790	4	742665	9	13
959834	4	742836	1	5
959973	2	743252	3	5
960073	1	743465	2	3
960264	1	743958	4	5
960293	1	744048	3	4
960318	1	744131	2	3
960394	3	744316	4	7
960523	6	744680	4	10
960571	1	246190	5	6
960625	1	744958	2	3
960687	3	745136	12	15
960762	4	960761	1	5
960952	6	246724	2	8
960959	11	745845	6	17
961012	2	746043	4	6
961039	1	355460	5	6
961049	6	961048	6	12
961207	1	355523	1	2
961241	8	746701	3	11
961318	4	746932	6	10
961377	1	747065	4	5
961474	4	747367	5	9
961497	8	747447	3	11
961539	1	747588	3	4
961584	6	747726	3	9
961660	4	247583	4	8
961674	9	747987	35	44
961684	14	748017	11	25
961726	4	748118	7	11
961780	7	961779	1	8
961843	7	748460	16	23
961847	2	748464	2	4
961862	3	748524	4	7
961881	14	748564	7	21
961957	4	748770	9	13
962144	6	749247	7	13
962279	2	749618	3	5
962430	1	750066	7	8
962442	1	962441	5	6
962520	3	750331	5	8
962631	3	962630	9	12
962692	2	750749	2	4
962839	6	249199	5	11
962900	5	962899	3	8
962940	4	751378	4	8
963046	4	963045	3	7
963103	2	751815	4	6
963206	6	752037	7	13
963207	25	752043	3	28
963499	4	250641	1	5
963707	1	753182	3	4
963778	2	753319	2	4
963818	3	753410	6	9
963921	1	753624	2	3
963967	6	753736	6	12
963969	2	753742	2	4
964055	2	356929	4	6
964110	1	754054	3	4
964138	2	754135	2	4
964168	7	754215	5	12
964303	5	754590	7	12
964304	5	754591	1	6
964319	3	964318	4	7
964326	4	252473	1	5
964343	1	754721	2	3
964436	1	754953	2	3
964522	4	755230	7	11
964530	1	755257	2	3
964665	1	755573	2	3
964958	3	756213	4	7
964981	6	756256	4	10
965005	1	756298	1	2
965018	5	756325	2	7
965089	1	756508	16	17
965333	7	757161	9	16
965488	10	757530	7	17
965584	2	757777	7	9
965778	6	758187	3	9
965793	3	758217	2	5
965814	8	965813	9	17
965839	8	255853	4	12
966055	3	758858	5	8
966148	1	759097	5	6
966215	3	966214	3	6
966218	3	966217	3	6
966253	1	759386	1	2
966373	5	759665	1	6
966550	1	760151	4	5
966614	3	760331	9	12
966810	3	257242	2	5
966917	2	761055	7	9
967056	7	761382	8	15
967100	8	761523	18	26
967111	1	761556	6	7
967265	8	761966	8	16
967271	5	761980	8	13
967273	4	761982	10	14
967347	10	762159	6	16
967413	4	967412	2	6
967443	8	762421	4	12
967476	2	762489	10	12
967552	11	762700	5	16
967610	6	967609	7	13
967656	2	762968	8	10
967680	6	763048	6	12
967710	2	763142	5	7
967713	8	763153	7	15
967736	5	763227	3	8
967808	2	763380	2	4
967921	2	763649	4	6
968134	1	258683	5	6
968149	2	764264	5	7
968155	6	764287	3	9
968367	1	764769	7	8
968594	12	358808	4	16
968661	5	765556	2	7
968718	6	765765	16	22
968807	5	766034	9	14
968858	3	766168	1	4
968875	5	766228	4	9
968915	1	766359	3	4
969182	12	259656	3	15
969272	3	767153	11	14
969369	36	767402	53	89
969803	10	768546	1	11
969940	5	969939	2	7
970223	7	769341	4	11
970279	10	769517	7	17
970445	6	770033	6	12
970581	2	1110299	3	5
970632	2	770571	2	4
970660	4	770662	16	20
970757	4	970756	15	19
970819	3	770837	5	8
970826	19	359658	30	49
970856	11	970855	8	19
970858	6	970857	7	13
970860	4	970859	6	10
970882	19	770934	16	35
970890	17	770949	5	22
970966	1	771082	3	4
971111	5	771397	3	8
971158	1	771511	2	3
971186	2	771570	1	3
971190	6	771575	5	11
971256	4	771788	3	7
971266	3	262874	3	6
971368	3	772038	1	4
971479	3	772315	6	9
971488	12	772333	6	18
971547	1	772470	4	5
971610	1	263567	3	4
972074	4	773731	8	12
972085	5	773766	10	15
972135	5	972134	2	7
972397	4	774504	2	6
972540	3	774881	2	5
972558	11	774921	11	22
972762	16	775483	9	25
972823	7	972822	3	10
972978	2	776042	6	8
973013	6	776154	5	11
973187	4	973186	6	10
973331	8	776985	7	15
973396	5	777172	1	6
973408	2	777239	3	5
973464	5	777374	3	8
973478	3	267327	2	5
973578	2	973577	2	4
973598	10	973597	3	13
973625	11	777771	3	14
973737	2	777982	2	4
973874	14	778339	13	27
973888	5	778379	4	9
973898	16	778412	4	20
974053	10	974052	19	29
974119	4	268431	4	8
974146	3	779132	5	8
974157	8	779154	5	13
974189	1	974188	24	25
974245	4	268711	2	6
974273	1	268764	2	3
974285	2	779548	8	10
974303	6	779611	6	12
974411	4	779859	9	13
974428	1	779889	7	8
974571	8	361386	2	10
974581	13	780297	13	26
974610	6	780377	1	7
974640	3	780468	1	4
974712	9	780641	5	14
974727	3	780671	4	7
974848	7	780962	3	10
974887	3	269699	4	7
974939	1	269780	6	7
974980	3	781370	1	4
975111	5	781671	1	6
975333	4	782379	3	7
975350	4	782418	2	6
975603	2	975602	4	6
975634	7	783193	3	10
975805	33	783701	9	42
975852	1	783833	3	4
975870	7	361888	9	16
975949	3	975948	3	6
975964	9	784133	8	17
976137	6	784601	6	12
976190	2	784722	10	12
976203	5	784743	17	22
976327	3	976326	11	14
976457	5	271720	6	11
976461	1	785428	3	4
976553	4	785690	2	6
976578	2	785747	9	11
976655	4	785947	1	5
976850	1	786509	2	3
977024	1	786994	1	2
977041	2	787067	15	17
977043	7	787071	9	16
977225	1	787512	4	5
977512	4	977511	6	10
977516	1	272910	9	10
977634	5	788558	4	9
977665	5	788623	3	8
977676	6	273185	8	14
977745	2	273343	14	16
977748	3	788819	10	13
977776	9	788903	1	10
977889	2	789190	4	6
977900	5	789206	4	9
977985	2	789399	4	6
978065	1	789596	4	5
978128	11	789715	2	13
978413	4	790326	4	8
978477	2	275024	1	3
978618	3	790845	6	9
978794	6	978793	11	17
978806	1	275885	7	8
978828	2	1116465	2	4
978936	9	791607	3	12
978948	3	791632	5	8
979040	2	791903	10	12
979200	6	276928	2	8
979299	3	277139	2	5
979469	2	792939	1	3
979530	3	793071	2	5
979560	11	793132	4	15
979628	10	277966	7	17
979778	3	278281	1	4
980152	9	279033	3	12
980171	3	794541	10	13
980223	11	794643	5	16
980469	9	795232	1	10
980485	2	279592	2	4
980565	4	795518	1	5
980658	1	795749	8	9
980815	1	796124	3	4
980858	12	796265	1	13
980984	3	796622	5	8
980999	2	796643	5	7
981062	7	796810	37	44
981097	6	796884	6	12
981099	10	280258	1	11
981150	8	280293	3	11
981188	2	797124	2	4
981232	4	797237	1	5
981283	5	797363	4	9
981321	7	981320	9	16
981368	3	797539	1	4
981454	8	797712	7	15
981596	9	798108	9	18
981777	18	798614	1	19
981780	3	798623	7	10
981786	3	798636	6	9
981879	3	798904	4	7
981966	1	799163	8	9
982259	1	281298	3	4
982476	8	800486	7	15
982513	2	800579	10	12
982545	4	800651	3	7
982567	7	281647	3	10
982732	7	281788	1	8
982771	5	801300	6	11
983004	11	801962	11	22
983049	2	802093	4	6
983079	1	802162	7	8
983082	4	802165	9	13
983136	12	802317	7	19
983148	10	802361	10	20
983407	3	802716	17	20
983457	6	983456	9	15
983494	2	282611	1	3
983573	2	803052	8	10
983661	11	983660	5	16
983778	8	803523	1	9
983781	2	803529	1	3
983876	2	803752	3	5
983942	5	803960	6	11
983948	6	283283	5	11
983965	2	804018	10	12
984245	5	804770	14	19
984284	4	804906	3	7
984366	9	805158	2	11
984415	4	805302	6	10
984426	4	365459	7	11
984511	1	805555	2	3
984569	3	805693	2	5
984614	1	805809	6	7
984752	3	284676	2	5
984775	3	984774	4	7
984786	3	284770	2	5
984850	5	806427	2	7
984984	20	806764	6	26
985019	2	806809	3	5
985025	5	806821	7	12
985170	3	807133	3	6
985188	3	807194	2	5
985243	2	807339	4	6
985315	3	807521	2	5
985332	2	807555	1	3
985381	4	807676	1	5
985413	2	286027	6	8
985440	1	807808	1	2
985592	2	808163	3	5
985832	2	808804	5	7
985868	1	808897	4	5
985941	1	809037	3	4
986037	2	809292	1	3
986238	1	809821	4	5
986369	1	366388	1	2
992215	3	13431	3	6
992529	1	386182	4	5
995300	18	395593	14	32
996239	2	22955	2	4
996485	5	399629	2	7
996625	1	400093	7	8
997378	3	824286	19	22
997498	2	402989	9	11
999299	1	30278	1	2
999744	1	409844	6	7
999975	17	410573	12	29
1001903	7	417365	4	11
1003892	5	424178	2	7
1003909	1	40247	2	3
1005088	7	427963	18	25
1006066	23	431506	6	29
1006136	7	431735	16	23
1010036	1	444308	5	6
1010652	5	446503	6	11
1011733	5	449967	1	6
1013407	1	455724	1	2
1013652	2	456576	9	11
1014057	12	458100	10	22
1014289	1	458843	10	11
1014356	1	459063	7	8
1015252	5	65380	2	7
1018416	6	472254	2	8
1019492	6	475658	9	15
1020023	6	477436	7	13
1020112	7	477795	5	12
1020338	2	1020337	5	7
1020854	6	480331	5	11
1021277	4	481828	2	6
1026167	6	495605	10	16
1028269	5	1028268	5	10
1028316	2	864678	11	13
1029911	43	505445	9	52
1030167	6	1030166	5	11
1030972	5	508766	1	6
1031796	3	511301	3	6
1031834	2	511389	4	6
1032166	2	512481	4	6
1032371	10	513151	9	19
1032908	4	514839	7	11
1033211	5	515803	40	45
1033826	3	871887	1	4
1034528	2	1034527	3	5
1035163	2	521943	3	5
1038457	18	1038456	8	26
1040142	19	538854	13	32
1042092	3	545602	1	4
1043142	6	549473	7	13
1043286	7	549936	5	12
1043723	2	551393	3	5
1044201	1	552853	9	10
1044675	6	554228	5	11
1049404	1	1049403	1	2
1050041	1	571543	8	9
1052417	3	578921	2	5
1052470	1	579106	3	4
1053952	4	326280	4	8
1054003	3	584517	12	15
1054068	2	1054067	3	5
1055676	8	590128	6	14
1057869	3	1057868	2	5
1058073	11	903277	6	17
1058363	2	152030	8	10
1058689	10	1058688	3	13
1058800	4	329291	3	7
1060065	7	604511	4	11
1060740	13	606628	2	15
1060850	2	607041	8	10
1061384	2	608753	3	5
1063410	1	614853	6	7
1064619	2	618688	6	8
1064904	6	1064903	5	11
1065146	14	167470	3	17
1066174	3	623395	1	4
1067023	4	335548	4	8
1068993	2	632685	5	7
1072757	11	645010	10	21
1075840	3	655078	9	12
1080392	3	1080391	6	9
1082064	3	675842	5	8
1085386	3	938600	7	10
1088201	4	214990	1	5
1090248	5	703465	3	8
1090468	9	704220	4	13
1091475	8	222903	2	10
1091702	10	1091701	5	15
1092010	1	709569	1	2
1092618	5	711503	3	8
1094080	2	227703	1	3
1094372	1	717636	1	2
1094690	4	718649	1	5
1097208	23	727466	8	31
1101315	5	959166	5	10
1101373	5	741211	5	10
1104659	1	752254	6	7
1109037	1	766781	3	4
1111367	4	773948	2	6
1111913	5	266191	7	12
1112288	4	267064	1	5
1114260	18	783788	7	25
1114760	2	785620	4	6
1115227	4	787455	2	6
1119878	5	803113	12	17
1120392	2	804676	9	11
1120511	6	984326	9	15
1121605	18	286554	8	26
1121862	5	366157	1	6
